	OMA_ID	UNIPROT_ID	START	END	IDR_SEQ	LENGTHS	GAP START	GAP END	GAP LENGTHS
3	HUMAN00010	Q6TDP4	1	65	MQPRSERPAGRTQSPEHGSPGPGPEAPPPPPPQPPAPEAERTRPRQARPAAPMEGAVQLLSREGH	64	103	274	171
4	HUMAN00012	Q494U1	1	47	MGNSHCVPQAPRRLRASFSRKPSLKGNREDSARMSAGLPGPEAARSG	46	43	91	48
6	HUMAN00013	Q5SV97	668	702	DRLEGVLGPAVPLPLQALEPPRSASEGAGPGTPLK	34	1102	1170	68
7	HUMAN00016	O00468	1281	1328	SSAVTPRAPHPSHTSQPVAKTTAAPTTRRPPTTAPSRVPGRRPPAPQQ	47	2656	2754	98
9	HUMAN00017	E7ERA6	166	249	KPAEPPAPARDPAPRRGRLARCWARCRDWRRMALVSALLLMLFCVALWPVQCALKTGNLRCLPLPPRPPATSTAASPLGPLTDN	83	274	370	96
10	HUMAN00017	E7ERA6	1	45	MSSGQQVWHTAVPPPRRSSSIASMPRSPSSAGSPRSPGTPGSERV	44	34	144	110
11	HUMAN00018	Q96HA4	174	380	KLPRACYRRNKAPALQPGEAAAMIPPPQSSGNSSCRIPLWGFPSLGQSQGALWVCPQTGLPGSGSRPPLPGSPGDPPTRQGQGRIWLVPPALDLSWIWPAPPARPPLIPVTSMLFPVPETWGLQERRTHHDRADPQYLLLLEVQLHPRTDAAGLRQALLSSHRFSGAGSGGPKSQPVRKPRYVRRERPLDRATDPAAFPGEARISNV	206	174	422	248
12	HUMAN00018	Q96HA4	1	30	MALRHLALLAGLLVGVASKSMENTVTRNST	29	0	30	30
13	HUMAN00021	Q6ZVT0	1	153	MDHSCTRFIHRRGPPTRTRAGFKRGKRPRIQQRPRARVSGTIPASRLHPAPASQPGPCPAPGHCPVGPAHERPMGSSQEEGLRCQPSQPDHDADGHCGPDLEGAERASATPGPPGLLNSHRPADSDDTNAAGPSAALLEGLLLGGGKPSPHST	152	130	298	168
14	HUMAN00021	Q6ZVT0	570	673	ADPRPHLGGSCSLRRWPPLPTRQAKSSGPPMPHAPDQPGARRPAPPPLVPQRPRPPGPDLDSAHDGEPQAPGTEQSGTGNRHPAQEPSPGTAKEEREEPENARP	103	756	947	191
15	HUMAN00025	P43489	112	277	GTQPLDSYKPGVDCAPCPPGHFSPGDNQACKPWTNCTLAGKHTLQPASNSSDAICEDRDPPATQPQETQGPPARPITVQPTEAWPRTSQGPSTRPVEVPGGRAVAAILGLGLVLGLLGPLAILLALYLLRRDQRLPPDAHKPPGGGSFRTPIQEEQADAHSTLAKI	165	224	470	246
16	HUMAN00026	Q9BRK5	1	93	MVWPWVAMASRWGPLIGLAPCCLWLLGAVLLMDASARPANHSSTRERVANREENEILPPDHLNGVKLEMDGHLNRGFHQEVFLGKDLGGFDED	92	21	245	224
17	HUMAN00030	Q5T7M4	1	74	MRRWAWAAVVVLLGPQLVLLGGVGARREAQRTQQPGQRADPPNATASASSREGLPEAPKPSQASGPEFSDAHMT	73	4	87	83
18	HUMAN00034	Q96P50	369	401	SPDSCYSERLDRTASPSTSSIDSATDTRERGVK	32	647	751	104
19	HUMAN00034	Q96P50	519	658	RKAPMAPALEAPRRWRVQKCLRPHSSPRAPTARRKVRLEPVLPCVAALSSVGTLDRKFRRDSLFCPDELDSLFSYFDAGAAGAGPRSLSSDSGLGGSSDGSSDVLAFGSGSVVDSVTEEEGAESEESSGEADGDTEAEAW	139	986	1222	236
20	HUMAN00046	O14640	376	408	RYGTSPCSSAVTRTSSSSLTSSVPGAPQLEEAP	32	611	659	48
22	HUMAN00046	O14640	90	243	DAGSQGTDSHTDLPPPLERTGGIGDSRPPSFHPNVASSRDGMDNETGTESMVSHRRERARRRNREEAARTNGHPRGDRRRDVGLPPDSASTALSSELESSSFVDSDEDGSTSRLSSSTEQSTSSRLIRKHKRRRRKQRLRQADRASSFSSITDS	153	182	420	238
23	HUMAN00047	Q9BRK3	365	400	RRRGGYEYSDQKSGKSKGKDVNLAEFAVAAGDQMLY	35	461	546	85
24	HUMAN00048	Q9NWT8	1	65	MLLGRLTSQLLRAVPWAGGRPPWPVSGVLGSRVCGPLYSTSPAGPGRAASLPRKGAQLELEEMLV	64	44	123	79
25	HUMAN00048	Q9NWT8	89	138	TGTAGTVAPPQSYQCPPSQIGEGAEQGDEGVADAPQIQCKNVLKIRRRKM	49	147	207	60
26	HUMAN00050	Q96S94	1	33	MAAAAAAAGAAGSAAPAAAAGAPGSGGAPSGSQ	32	21	112	91
28	HUMAN00055	E5RJM6	1	36	MDSQRPEPREEEEEEQELRWMELDSEEALGTRTEGP	35	27	179	152
29	HUMAN00056	A6NKF7	1	158	MSEQGRETEEEEGGGGASDTAPMLPRGPPDHQASALTCPGWSGPPLLPGRLLAGLLLHLLLPAAAFLLVLLPAAAVVYLGFLCHSRVHPAPGPRCRALFSDRGSAALIVFGLLSLPPLLVLASAVRARLARRLRPLLPPPAGTPGPRRPPGRPDEDEQ	157	0	200	200
32	HUMAN00070	O75900	1	75	MGRGARVPSEAPGAGVERRWLGAALVALCLLPALVLLARLGAPAVPAWSAAQGDVAALGLSAVPPTRVPGPLAPR	74	32	177	145
34	HUMAN00077	P0CK96	1	34	MSSSVKTPALEELVPGSEEKPKGRSPLSWGSLFG	33	39	176	137
36	HUMAN00089	Q9C0B2	1128	1172	KSFRKNMAPQRKDLHGLSFSVLRAQNRDKLFKVSVPHVLEMRKRE	44	2025	2143	118
37	HUMAN00089	Q9C0B2	1	128	MEDDGSLLPEDELLADALLLEDERDELEDPEFDIKCLLQEAEDDVDPGHSSSVKELDTDADKLKKKTAEDRTQAFHLRQNLSALDKMHEEQELFTEKMRGELRACRQRRDLIDKQQEAVAAEIATEEE	127	211	405	194
39	HUMAN00089	Q9C0B2	662	730	EMDDSQSALKLSSLLTYEDKSLYDKAATSFSEQQLEGTESSQADMQSRKELEKLDKEQEEEQPAEPERL	68	1190	1301	111
40	HUMAN00090	O14764	1	35	MDAPARLLAPLLLLCAQQLRGTRAMNDIGDYVGSN	34	8	79	71
41	HUMAN00090	O14764	339	419	KKQKAKVKVSRPRAEMDVRNAIVLFSLSAAGVTQELAISRRQRRVPGNLMGSYRSVGVETGETKKEGAARSGGQGGIRARL	80	489	599	110
42	HUMAN00091	Q05513	182	239	KHMDSVMPSQEPPVDDKNEDADLPSEETDGIAYISSSRKHDSIKDDSEDLKPVIDGMD	57	236	370	134
43	HUMAN00094	Q6NZ36	1	145	MEAARRPRLGLSRRRPRPAGGPSGGRPWFLLGGDERERLWAELLRTVSPELILDHEVPSLPAFPGQEPRCGPEPTEVFTVGPKTFSWTPFPPDLWGPGRSYRLLHGAGGHLESPARSLPQRPAPDPCRAPRVEQQPSVEGAAALR	144	88	311	223
44	HUMAN00096	P12755	20	85	TLEQFHLSSMSSLGGPAAFSARWAQEAYKKESAKEAGAAAVPAPVPAATEPPPVLHLPAIQPPPPV	65	62	148	86
46	HUMAN00097	Q5T089	390	428	KKAGGRSRGGLHPRGTPPTAQEPPGGSRPEGRATEEQAA	38	600	737	137
47	HUMAN00097	Q5T089	467	497	GQPPHVLEEGPEASSSWQAAHSCTPEPPAPR	30	775	809	34
48	HUMAN00109	Q5TA89	121	159	RPPAAPAAPAKEPKAPGAAPPPALSAKATAAAAAAHQPA	38	231	294	63
49	HUMAN00110	Q92956	228	283	RKPRGDVVKVIVSVQRKRQEAEGEATVIEALQAPPDVTTVAVEETIPSFTGRSPNH	55	293	365	72
50	HUMAN00112	Q495T6	1	84	MGKSEGPVGMVESAGRAGQKRPGFLEGGLLLLLLLVTAALVALGVLYADRRGKQLPRLASRLCFLQEERTFVKRKPRGIPEAQE	83	131	271	140
51	HUMAN00115	Q9HAZ2	1	67	MRSKARARKLAKSDGDVVNNMYEPNRDLLASHSAEDEAEDSAMSPIPVGPPSPFPTSEDFTPKEGSP	66	4	156	152
53	HUMAN00119	O75095	1	34	MSFLEEARAAGRAVVLALVLLLLPAVPVGASVPP	33	76	199	123
54	HUMAN00120	Q5T0D9	1	58	MLQLRDSVDSAGTSPTAVLAAGEEVGAGGGPGGGRPGAGTPLRQTLWPLSIHDPTRRA	57	80	203	123
55	HUMAN00122	O15350	28	112	YFDLPQSSRGNNEVVGGTDSSMDVFHLEGMTTSVMAQFNLLSSTMDQMSSRAASASPYTPEHAASVPTHSPYAQPSSTFDTMSPA	84	288	458	170
56	HUMAN00122	O15350	300	354	RDRKADEDHYREQQALNESSAKNGAASKRAFKQSPPAVPALGAGVKKRRHGDEDT	54	665	728	63
57	HUMAN00122	O15350	374	489	SLELMELVPQPLVDSYRQQQQLLQRPSHLQPPSYGPVLSPMNKVHGGMNKLPSVNQLVGQPPPHSSAATPNLGPVGPGMLNNHGHAVPANGEMSSSHSAQSMVSGSHCTPPPPYHA	115	751	892	141
59	HUMAN00123	Q2M243	592	656	ATFSISGTKSLANEISDNDILEALQRIISERSDYYNQLKQKGVKVPPLQQSEAFLTSKSKKGTSK	64	908	975	67
60	HUMAN00124	B2RUZ4	1	30	MQPQESHVHYSRWEDGSRDGVSLGAVSSTE	29	1	37	36
61	HUMAN00125	Q8N1G4	262	304	GRGGGKGKGRAEGSEKEESRRKRRERKQRREGGDGEEQDVGDA	42	359	423	64
62	HUMAN00125	Q8N1G4	514	543	KEEGSLSDTEADAVSGQLPDPTTNPSAGKD	29	680	739	59
63	HUMAN00127	O60308	158	201	SDESNTASREKLIDHYLGHNSEDPALEGTYARKSDYISPLDDLA	43	738	845	107
65	HUMAN00127	O60308	685	743	KAATEEAEKQKKEEIKALQGQLAALKEIQAEVQEKESDAVKPKNQDIQGGKAAPAEALG	58	1985	2204	219
66	HUMAN00127	O60308	871	925	MNLRKTHILQKAPALQPGKSSAVAASGPLGSKAGSKIPTPKGGLSKSSSRTYAKR	54	2455	2602	147
68	HUMAN00134	O75161	453	563	EHLDAPTEPVSGPKVERRPSRKPPTSPSSPPAPVPRVLAAPQNSPVGPGLSISQLAASPRSPTQHCLARPTSQLPHGSQASPAQAQEFPLEAGISHLEADLSQTSLVLETS	110	868	1076	208
69	HUMAN00140	Q8TDI0	1203	1252	DDVEGMMSQGQRPVTPIPDVQSSKGGNLAASAKKKHGSTPPGDNKDVEDS	49	3116	3255	139
70	HUMAN00140	Q8TDI0	1328	1405	YEQQQEDLARNLGKGKRIRKQVNYNDASQEDQEWQDELSDNQSEYSIGSEDEDEDFEERPEGQSGRRQSRRQLKSDRD	77	3352	3597	245
74	HUMAN00140	Q8TDI0	651	681	EDTRLPKRLLKKGKKLRDDKQEKPPDTPIVD	30	2460	2544	84
75	HUMAN00146	Q6ZRF8	358	408	PRRVAAAASGANTLAGGLGPKALTGPHCPSPVGKMSGSPVQKPTLHRSIST	50	509	615	106
77	HUMAN00149	Q5TGS1	85	171	EVGSGLRCPLVPESAAGSTMDSAGLGQEAPALFRPCTPAVWAPAPAAGGPRSPPPLLLLPESLPGSSASVPPPQPASSRCAESPGLG	86	129	236	107
78	HUMAN00150	Q6NV75	187	264	GVICTAIALFQTLAVQVGRQADRRAFTVPTIVVEDAQGKRRSSIDGSEPAKTSLQTTGLVTTIVFIYDCLMGFPVLVV	77	217	303	86
81	HUMAN00160	Q5SY16	672	702	PGASEKIGAREPEEAHKEKPYRRPKFCRKMK	30	1493	1527	34
83	HUMAN00165	Q8WTV1	88	239	TQQVRENTDPASERGNASSSQKEKVLPEAGAGEDSPGRNMDTALEELQLPPNAEGHVKQVSPRRPQATEAVGRPTGPAGLRRTPNKQPSDHSYALLDLDSLKKKLFLTLKENEKLRKRLQAQRLVMRRMSSRLRACKGHQGLQARLGPEQQS	151	247	408	161
85	HUMAN00172	Q9Y6Y1	1606	1673	SYKKCGKRRQARRTAVIVQQKLRSSLLTKKQDQAARKIMRFLRRCRHSPLVDHRLYKRSERIEKGQGT	67	3195	3395	200
87	HUMAN00172	Q9Y6Y1	988	1031	RRMAEMTGSQQHKQASGGGSSGGGSGSGNGGSQAQCASGTGALG	43	2108	2188	80
88	HUMAN00178	P56645	1	49	MPRGEAPGPGRRGAKDEALGEESGERWSPEFHLQRKLADSSHSEQQDRN	48	126	215	89
89	HUMAN00180	O95399	1	98	MYKLASCCLLFIGFLNPLLSLPLLDSREISFQLSAPHEDARLTPEELERASLLQILPEMLGAERGDILRKADSSTNIFNPRGNLRKFQDFSGQDPNIL	97	16	131	115
90	HUMAN00182	Q07011	152	255	KERDVVCGPSPADLSPGASSVTPPAPAREPGHSPQIISFFLALTSTALLFLLFFLTLRFSVVKRGRKKLLYIFKQPFMRPVQTTQEEDGCSCRFPEEEEGGCEL	103	209	354	145
92	HUMAN00187	Q9UJM3	416	462	ETNGGAQIQPLPADCGISSATEKPDSKTKMDLGGHVKRKHLSYVVSP	46	554	607	53
93	HUMAN00190	Q9Y2W3	1	111	MLQQPGPRPGRQQPSGDRDACRLHPQGRPPALPTMIPAASSTPPGDALFPSVAPQDFWRSQVTGYSGSVTRHLSHRANNFKRHPKRRKCIRPSPPPPPNTPCPLELVDFGD	110	12	154	142
95	HUMAN00191	Q9P2R6	1507	1566	IPPPMSAAHQLQAMHAQSAELQRLAMEQQWLHGHPHMHGGHLPSQEDYYSRLKKEGDKQL	59	3304	3417	113
96	HUMAN00191	Q9P2R6	1	84	MTADKDKDKDKEKDRDRDRDREREKRDKARESENSRPRRSCTLEGGAKNYAESDHSEDEDNDNNSATAEESTKKNKKKPPKKKS	83	9	133	124
98	HUMAN00200	Q5UAW9	298	335	CSSQPPTKSPAGTPKAPAPSKPGESQESQGTPGELPST	37	436	504	68
101	HUMAN00209	Q9NSA3	50	81	SQLSQLPPHSIDQGAEDVVMAFSRSETEDRRQ	31	82	118	36
102	HUMAN00212	Q9HAN9	110	145	DCDHQQNSPTLERPGRKRKWTETQDSSQKKSLEPKT	35	346	398	52
105	HUMAN00224	O00230	1	39	MPLSPGLLLLLLSGATATAALPLEGGPTGRDSEHMQEAA	38	51	99	48
106	HUMAN00224	O00230	59	92	QASAGPLIGEEAREVARRQEGAPPQQSARRDRMP	33	118	152	34
107	HUMAN00225	O00273	202	234	EGSLLSKQEESKAAFGEEVDAVDTGISRETSSD	32	221	266	45
109	HUMAN00226	O75381	71	108	GTAADEPSSLGPATQVVPVQPPHLISQPYSPAGSRWRD	37	139	238	99
110	HUMAN00227	Q86V15	1045	1154	LDGAIKHANFHFRTEGGAAKGNTEAAFPASAAETKPPMAPSSPPVPPVTTATVSSLEGPAPSPASVPSTPTLLAWKQLASTIPQMPQIPASVPHLPASPLATTSLENAKP	109	1607	1851	244
113	HUMAN00227	Q86V15	373	456	PSKYDVRGIQKPGPAKVPPTPSLAPAPLASVPSAPSAPGPGPEPPASLSFNTPEYLKSTFSKTDSITTGTVSTVKNGLPTDKPA	83	757	881	124
116	HUMAN00230	Q13148	263	316	KHNSNRQLERSGRFGGNPGGFGNQGGFGNSRGGGAGLGNNQGSNMGGGMNFGAF	53	395	501	106
117	HUMAN00230	Q13148	338	414	GMLASQQNQSGPSGNNQNQGNMQREPNQAFGSGNNSYSGSNSGAAIGWGSASNAGSGSGFNGGFGSSMDSKSSGWGM	76	526	639	113
118	HUMAN00241	Q01780	135	184	NKNQQPVLPAGLQVPKTVVSSWNRKAAEYGKKAKSETFRLLHAKNIIRPQ	49	195	276	81
120	HUMAN00242	P42345	1809	1868	QARDEKKKLRHASGANITNATTAATTAATATTTASTEGSNSESEAESTENSPTPSPLQKK	59	6896	7077	181
122	HUMAN00243	O43827	1	33	MLKKPLSAVTWLCIFIVAFVSHPAWLQKLSKHK	32	71	106	35
123	HUMAN00243	O43827	95	125	LTDAESKYSEMNNQIDIMQLQAAQTVTQTSA	30	177	210	33
124	HUMAN00244	Q9Y5Z9	1	42	MAASQVLGEKINILSGETVKAGDRDPLGNDCPEQDRLPQRSW	41	71	214	143
125	HUMAN00246	Q9P2K9	156	252	LQQLHLGNRSRQASRAPRVIPAASLGGPGPYRDTSAAQKPTANRSGRLRRETPPLEDLAANQSEDPRNQRLSKNGRYQPSIPPHAAVAANQSRARRG	96	594	716	122
126	HUMAN00246	Q9P2K9	1	42	MDTEDDPLLQDVWLEEEQEEEEATGETFLGAQKPGPQPGAGG	41	301	416	115
127	HUMAN00247	Q9UK22	1	44	MDGDGDPESVGQPEEASPEEQPEEASAEEERPEDQQEEEAAAAA	43	0	145	145
128	HUMAN00250	Q9NRD1	262	293	TRNQASSEAQPGQKHGQEEAAQSPYRAVVQIF	31	449	499	50
130	HUMAN00256	Q6RW13	124	159	LGSSQDRSAYQTIDSAEAPADPFAVPEGRSQDARGY	35	207	259	52
133	HUMAN00258	Q5SNV9	731	781	DGAKVTQLSLCRQKAGREAVYTAGPGACGLGAVGQAQGQQEQGRGSLQDAC	50	791	846	55
134	HUMAN00258	Q5SNV9	826	883	ALGPDATSSCTKTPSALEPLSSSTLQDSLEKVPRAPTLPDTLQGSLLWAAGQRQQGQC	57	890	969	79
135	HUMAN00261	P51797	1	41	MAGCRGSLCCCCRWCCCCGERETRTPEELTILGETQEEEDE	40	8	201	193
136	HUMAN00261	P51797	666	696	TRAGEQRKRSQSMKSYPSSELRNMCDEHIAS	30	1138	1179	41
137	HUMAN00264	Q8IYS2	1	43	MWLQQRLKGLPGLLSSSWARRLLCLLGLLLLLLWFGGSGARRA	42	246	316	70
139	HUMAN00270	P28908	159	226	ACASPENCKEPSSGTIPQAKPTPVSPATSSASTMPVRGGTRLAQEAASKLTRAPDSPSSVGRPSSDPG	67	198	296	98
142	HUMAN00271	P20333	390	461	SSDHSSQCSSQASSTMGDTDSSPSESPKDEQVPFSKEECAFRSQLETPETLLGSTEEKPLPLGVPDAGMKPS	71	569	670	101
143	HUMAN00272	Q5THJ4	1558	1610	LNKYPASATSSPCPDSPLPPLSTCGESSVERKENGLFSHSSLSNTSQKSLSVK	52	2636	2740	104
144	HUMAN00272	Q5THJ4	1741	1779	RPTSASRKKQKEVQDKDYPLTPPPSPTVDEPKILVGKSK	38	2937	3046	109
145	HUMAN00272	Q5THJ4	1839	1868	ADNHAMRLPPEGILHNVKLEPHASMESGLQ	29	3130	3220	90
146	HUMAN00272	Q5THJ4	2419	2460	DIKKQNHVTPSRHRNSSSESAIVPKTVKSGVVTKRSSLPVSN	41	4300	4405	105
147	HUMAN00272	Q5THJ4	2597	2633	ANAAVPDSVALESDSVGTYLPGASRVGEEIREGTRHT	36	4588	4634	46
148	HUMAN00272	Q5THJ4	747	793	NSRRKSRDGSASEETQFSDDEYKTPLATPPNTPPPESSSSNGEKTPP	46	1064	1199	135
149	HUMAN00272	Q5THJ4	908	945	TSDTQIKEKIFPQEEQRGSLQDSVMNLTQSIVLLEQHT	37	1366	1442	76
150	HUMAN00281	O60812	117	293	RDYYDGMYSFPARVPPPPPIALAVVPSKRQRLSGNTSRRGKSGFNSKSGKRGSSKSGKLKGDDLQAIKQELTQIKQKVDSLLENLEKIEKEQSKQEVEVKNAKSEEEQSSSSMKKDETHVKMESEGGAEDSAEEGDPLDDDVNEDQGDDQLELIKDDEKEAEEGEDDRDSTNGQDDS	176	116	293	177
151	HUMAN00290	B2RXH8	86	293	AEPKVNRGNAGVKRSAAEMYGSSFDLDYGFQRDYYDGMYSFPARVPPPPPIALAVVPSKRQRISGNTSRRGKSGFNSKSGKRGSSKSGKLKGDDLQAIKQELTQIKQKVDSLLENLEKIEKEQSKQEVEVKNAKSEEEQSSSSMKKDETHVKMESEGGAEDSAEEGDPLDDDDNEDQGDNQLHLIKNNEKDAEEGEDNRDSTNGQDDS	207	95	318	223
155	HUMAN00311	B1AJZ9	1356	1412	MEHQLCQEKRINRAIRQQKVGTRKASLKMDQEREMLRKETSSKSSQSLLHSKPSGKY	56	1982	2145	163
156	HUMAN00311	B1AJZ9	590	705	QHLQVSPPVSGLQKVVLDVLRHALSWLEEVEQLLRDLGILPSSPNKDQVQQFSGNSAVFTAGKAAGASGREGEAERGEARARGEAQSQNQATDGREGGKALEEYITQERNRAKETL	115	963	1176	213
157	HUMAN00311	B1AJZ9	921	1032	EIMEYKEQIKQHAQTIVSLEEKLQKVTQHHKKIEGEIATLKDNDPAPKEERPQDPLVAPMTESSAKDMAYEHLIDDLLAAQKEILSQQEVIMKLRKDLTEAHSRMSDLRGEL	111	1458	1601	143
158	HUMAN00314	Q96C19	1	82	MATDELATKLSRRLQMEGEGGGETPEQPGLNGAAAAAAGAPDEAAEALGSADCELSAKLLRRADLNQGIGEPQSPSRRVFNP	81	27	142	115
159	HUMAN00323	Q9Y2G8	560	596	SDSNDERESSPPEKEEAQEKTGKTEPSFTKENSSKIP	36	900	961	61
160	HUMAN00323	Q9Y2G8	718	749	EEEEAIGSCSDVDSSLYLGESRGKPSCGLGSR	31	1107	1209	102
161	HUMAN00324	Q9BSE5	1	43	MLRLLASGCARGPGPGVGARPAAGLFHPGRRQSRQASDAPRNQ	42	19	220	201
162	HUMAN00325	Q5TDH0	365	399	AYGAGREDVRPEEIADQELAEALQKSAEDAERQKP	34	738	956	218
163	HUMAN00325	Q5TDH0	80	133	ADPRPPVQFPNLPRIDFSSIAVPGTSSPRQRQPPGTQQSHSSPGEITSSPQGLD	53	273	421	148
166	HUMAN00328	Q6PIV7	1	41	METVPPAVDLVLGASACCLACVFTNPLEVVKTRLQLQGELQ	40	91	175	84
171	HUMAN00336	Q8NEQ6	1	33	MAPSEDPRDWRANLKGTIRETGLETSSGGKLAG	32	23	90	67
172	HUMAN00336	Q8NEQ6	95	146	VTPMGGGCLAQARATLPLCRGSVASASFPVSPLCPQEVPEAKGKPVKAAPVR	51	158	211	53
175	HUMAN00347	Q6P3S6	1	43	MASSSDSEDDSFMAVDQEETVLEGTMDQDEEPHPVLEAEETRH	42	95	196	101
178	HUMAN00350	Q7Z572	341	373	KEGTCKAQEMEAAVGRLRLQKLPYNPQQEESSE	32	725	759	34
179	HUMAN00350	Q7Z572	411	469	LDKKMVRRQPSNHYALDQCTPPGLDPDIRSPFFQSGSQGNREHNSDSRKWLSSVPARTH	58	800	869	69
180	HUMAN00358	P0DMU3	48	139	GRHPSLSARAQRAGPRASREEGTFWTERVGQERWLIRSGSSQNESQEDQGAGLISQAGLKADNRRESSTWANEVEDRRPQCTPALNLTPSHP	91	47	139	92
182	HUMAN00360	Q5TZA2	1713	1759	ALAKVEESEGALRDKVRGLTEALAQSSASLNSTRDKNLHLQKALTAC	46	2939	2993	54
183	HUMAN00360	Q5TZA2	1983	2017	VRGLEEQVSTLKGQLQQELRRSSAPFSPPSGPPEK	34	3307	3348	41
184	HUMAN00361	P55001	1	100	MRAAYLFLLFLPAGLLAQGQYDLDPLPPFPDHVQYTHYSDQIDNPDYYDYQEVTPRPSEEQFQFQSQQQVQQEVIPAPTPEPGNAELEPTEPGPLDCREE	99	44	167	123
185	HUMAN00362	Q9NQ11	116	156	SLEPSPQSQAEDGRSQAAVGAVPEGAWKDTAQLHKSEEAVS	40	818	928	110
186	HUMAN00365	P21912	1	36	MAAVVALSLRRRLPATTLGGACLQASRGAQTAAATA	35	39	194	155
187	HUMAN00373	Q9P258	1	79	MPRKKAAAAAWEEPSSGNGTARAGPRKRGGPAGRKRERPERCSSSSGGGSSGDEDGLELDGAPGGGKRAARPATAGKAG	78	40	244	204
188	HUMAN00374	Q9HCE6	1131	1168	LRSDQEEAEGPRAEEDKPDGQAHEPMPDSHVGRELTRK	37	1925	2007	82
190	HUMAN00377	Q5VTJ3	300	403	AIFQGRLAPRTAALTEVPSPRPPPGSLGTGAASGGQAGDTKGAAERAASPQTGPWPSTRGFSRKESLLQIAENPELQLQPDGFRLPAPPCPDPGALPGLGRSSR	103	358	560	202
191	HUMAN00377	Q5VTJ3	45	255	AQRWGGNGQAEAKEEAEGSGQPAVQEASPGVLLRGPRRRRSSKRAEAPQGCSCENPRGPYVLVTGATSTDRKPQRKGSGEERGGQGSDSEQVPPCCPSQETRTAVGSNPDPPHFPRLGSEPKSSPAGLIAAADGSCAGGEPSPWQDSKPREHPGLGQLEPPHCHYVAPLQGSSDMNQSWVFTRVIGVSREEAGALEAASDVDLTLHQQEGA	210	60	303	243
192	HUMAN00378	P23759	145	228	RSTVPSGLVSSISRVLRIKFGKKEEEDEADKKEDDGEKKAKHSIDGILGDKGNRLDEGSDVESEPDLPLKRKQRRSRTTFTAEQ	83	163	303	140
193	HUMAN00378	P23759	378	453	VSNGLSPQVMSILGNPSAVPPQPQADFSISPLHGGLDSATSISASCSQRADSIKPGDSLPTSQAYCPPTYSTTGYS	75	491	650	159
194	HUMAN00381	Q5TF58	1	183	MVNSLLFGEMALAFGCPPGGGGGGCPGGGGGGGGAGPGPSPVTAALRDDLGSNIHLLKGLNVRFRCFLAKVHELERRNRLLEKQLEQQQSERERRLRYKTFSREQAVQTGPELLRPPAPGGGHGLSSGAAAGANANAVALGGLPPGGGSHPQHYGRLPGTIWSYTQVRRTGGGGVETVQGPGV	182	0	231	231
195	HUMAN00381	Q5TF58	312	380	NSEDVSKIFQVVPKKKERKVASDDDISEQDGEVNRFSDDEVGSMNITDEMKRMFNQLRETFDFDDDCDS	68	367	467	100
196	HUMAN00381	Q5TF58	481	517	ADRNSPSPSSVASSDSGSTDEIQDEFEREADVEPMVS	36	591	631	40
197	HUMAN00382	Q5T4S7	1616	1655	QGPSHLSVDGEERAIEVDSDWVEELAVEEEDSQAEDSDED	39	3621	3770	149
198	HUMAN00382	Q5T4S7	1731	1783	TPSSGMSSTMKESAFQSEPRISESLVRHASTSSPADKAKVTISDGKVADEEKP	52	3886	4028	142
199	HUMAN00382	Q5T4S7	2437	2470	PEEFPSASVSNICPSNLNQSNGTGDSDSAAPTTT	33	5118	5187	69
201	HUMAN00382	Q5T4S7	3037	3077	KDVSKKNERSALNEVHLVVMRLLSVFMSRTKSGSKSSICES	40	6436	6580	144
203	HUMAN00382	Q5T4S7	429	465	LADKGKEKDPLAALRVRDILSRTKEGVGSPKLGPGKG	36	1115	1156	41
204	HUMAN00382	Q5T4S7	550	588	RQRKGSMSSDASASTDSNTYYEDDFSSTEEDSSQDDDSE	38	1377	1474	97
205	HUMAN00382	Q5T4S7	598	635	TISPSKEKAAPPPPPPPPPLESSPRVKSPSKQAPGEKG	37	1487	1542	55
206	HUMAN00389	O43488	1	35	MLSAASRVVSRAAVHCALRSPPPEARALAMSRPPP	34	8	69	61
207	HUMAN00400	P50406	224	261	SLTTGMASQASETLQVPRTPRPGVESADSRRLATKHSR	37	290	364	74
208	HUMAN00400	P50406	342	440	RERQASLASPSLRTSHSGPRPGLSLQQVLPLPLPPDSDSDSDAGSGGSSGLRLTAQLLLPGEATQDPPLPTRAAAAVNFFNIDPAEPELRPHPLGIPTN	98	462	609	147
209	HUMAN00401	Q5TGY1	1	31	MAMWNRPCQRLPQQPLVAEPTAEGEPHLPTG	30	40	126	86
210	HUMAN00401	Q5TGY1	524	634	PGWDEKGLLLAPGCLPSEEPRQAAAAASSGETPHQVGQTQGPISGDTSKLAMSTDPSQAQVPVGLDQSEGASLPAAASPERPPICSHGMDPNPLGCPDCACKTQGPSTGLD	110	1183	1360	177
211	HUMAN00402	Q9NXI6	104	227	AVVGQLAQPCTEVSLCPQGLVDPADLAAGHPSLVGEDGQDEVSANHVAARRLAAHLLLLALLIILIGPFIYPGVLRWVLTFIIALALLMSTLFCCLPSTRGSCWPSSRTLFCREQKHSHISSIA	123	263	392	129
212	HUMAN00402	Q9NXI6	1	36	MACTKTLQQSQPISAGATTTTTAVAPAGGHSGSTEC	35	145	196	51
214	HUMAN00403	Q5T2D3	1	49	MSRKQAAKSRPGSGSRKAEAERKRDERAARRALAKERRNRPESGGGGGC	48	96	178	82
218	HUMAN00415	Q7Z7J9	1	78	MSEVLPYGDEKLSPYGDGGDVGQIFSCRLQDTNNFFGAGQNKRPPKLGQIGRSKRVVIEDDRIDDVLKNMTDKAPPGV	77	0	89	89
219	HUMAN00417	Q6ZT52	210	329	RQSDARHVRQQHLRAGGAAASVPRAPLRRLLNAKCAYRPPPSERSRGAPRLSSIQEEDEEEEEDDAEEQEGGVPQRERPEVLSLARELRTCSLRGAPAPPPPAQPRRWKAGPRERAGQAR	119	247	482	235
220	HUMAN00419	Q9BXM7	180	210	QNLEVTKSTGLLPGRGPGTSAPGEGQERAPG	30	362	406	44
221	HUMAN00420	P39656	1	38	MGYFRCARAGSFGRRRKMEPSTAARAWALFWLLLPLLG	37	19	257	238
224	HUMAN00422	Q6ZV89	152	265	EERAQPEPCPGPTGEVPLKPLSSSGGLVREPFGRDQLSQNVHALVSFRRLPAEGLVGSGKELPESEGRARHARLGNPYCSPTLVRKKAIRSKVIRSGAYRGCTYETQLQLSARE	113	254	404	150
225	HUMAN00422	Q6ZV89	394	423	EQDCGPPGRPPRTLRPLSHAKSEAELQGLG	29	541	579	38
228	HUMAN00428	P42892	1	43	MRGVWPPPVSALLSALGMSTYKRATLDEEDLVDSLSEGDAYPN	42	76	188	112
229	HUMAN00435	Q5SZI1	201	272	DGSDQGSWSPADCRGPSPVPSQTGSTDAHTSRSLTPSPALGSAGSLWIAAERSSPAGRDPTRQDAALEGSTE	71	317	404	87
230	HUMAN00436	P98160	34	76	LPEDIETVTASQMRWTHSYLSDDEDMLADSISGDDLGSGDLGS	42	65	176	111
231	HUMAN00446	Q9NUA8	123	237	GQVVRDVSAPSSETFRKEPEKPQVEILSSEGAGEPHSSPELAATPGGPVKAETEEAAHSVSQEMSVNSPTAQESQRNAETPAETPTTAEACSPSPAVQTFSEAKKTSTEPGCERK	114	169	394	225
232	HUMAN00446	Q9NUA8	602	733	EEHLAETVKEILSIPSETASPEASLRAVLSRAMEKSVPAIEICHLLCSVHKSFPGLQPVMQELAYIGVLTKEDGEKETWKVSNKFHLEANNKEDEKAAKEDSQPGEQNDQGETGSLPGQQEKEASASPDPAK	131	972	1132	160
233	HUMAN00449	P02745	1	111	MEGPRGWLVLCVLAISLASMVTEDLCRAPDGKKGEAGRPGRRGRPGLKGEQGEPGAPGIRTGIQGLKGDQGEPGPSGNPGKVGYPGPSGPLGARGIPGIKGTKGSPGNIKD	110	45	179	134
234	HUMAN00450	P02747	1	116	MDVGPSSLPHLGLKLLLLLLLLPLRGQANTGCYGIPGMPGLPGAPGKDGYDGLPGPKGEPGIPAIPGIRGPKGQKGEPGLPGHPGKNGPMGPPGMPGVPGPMGIPGEPGEEGRYKQ	115	60	211	151
236	HUMAN00452	P29323	981	1031	IQSVEGQPLARRPRATGRTKRCQPRDVTKKTCNSNDGKKKGMGKKKTDPGR	50	1537	1595	58
239	HUMAN00457	P28221	1	30	MSPLNQSAEGLPQEASNRSLNATETSEAWD	29	8	40	32
240	HUMAN00457	P28221	229	293	LNPPSLYGKRFTTAHLITGSAGSSLCSLNSSLHEGHSHSAGSPLFFNHVKIKLADSALERKRISA	64	265	390	125
241	HUMAN00459	Q9C0F3	52	135	SLDFEIRSENEVNPKQEISEDVQFGTTSERPAENAEENPESEEGFESGDRSERQWGDLTAEEWVSYPLQPVTDLLVHKEVHTGI	83	71	220	149
244	HUMAN00463	Q14209	1	127	MLQGPRALASAAGQTPKVVPAMSPTELWPSGLSSPQLCPATATYYTPLYPQTAPPAAAPGTCLDATPHGPEGQVVRCLPAGRLPAKRKLDLEGIGRPVVPEFPTPKGKCIRVDGLPSPKTPKSPGEK	126	0	206	206
245	HUMAN00463	Q14209	308	388	QEPDSPSEEPLPSTSTLCPSPDSAQPSSSTDPSIMEPTASSVPAPAPTPQQAPPPPSLVPLEATDSLLELPHPLLQQTEDQ	80	412	539	127
246	HUMAN00464	Q02535	1	37	MKALSPVRGCYEAVCCLSERSLAIARGRGKGPAAEEP	36	33	75	42
247	HUMAN00464	Q02535	87	119	PAPGPPDGPHLPIQTAELTPELVISNDKRSFCH	32	125	168	43
249	HUMAN00467	Q14241	521	555	YRPLPSLELISSFQPKRKAFSSPQEEEEAGFTGRR	34	1601	1669	68
251	HUMAN00474	P04066	1	32	MRAPGMRSRPAGPALLLLLLFLGAAESVRRAQ	31	111	191	80
252	HUMAN00475	P34972	322	360	RGLGSEAKEEAPRSSVTETEADGKITPWPDSRDLDLSDC	38	397	482	85
253	HUMAN00476	Q9NPJ4	1	92	MGGGERYNIPAPQSRNVSKNQQQLNRQKTKEQNSQMKIVHKKKERGHGYNSSAAAWQAMQNGGKNKNFPNNQSWNSSLSGPRLLFKSQANQN	91	6	122	116
254	HUMAN00483	Q8N6P7	290	398	SGPSSLAQPVQYSQIRVSGPREPAGAPQRHSLSEITYLGQPDISILQPSNVPPPQILSPLSYAPNAAPEVGPPSYAPQVTPEAQFPFYAPQAISKVQPSSYAPQATPDS	108	407	529	122
255	HUMAN00483	Q8N6P7	409	487	GSGKDSPTGTLSSPKHLRPKGQLQKEPPAGSCMLGGLSLQEVTSLAMEESQEAKSLHQPLGICTDRTSDPNVLHSGEEG	78	539	631	92
256	HUMAN00484	Q8IU57	297	435	ELTRGVRPTPRVRAPATQQTRWKKDLAEDEEEEDEEDTEDGVSFQPYIEPPSFLGQEHQAPGHSEAGGVDSGRPRAPLVPSEGSSAWDSSDRSWASTVDSSWDRAGSSGYLAEKGPGQGPGGDGHQESLPPPEFSKDSG	138	333	494	161
257	HUMAN00484	Q8IU57	479	520	SPEEEEEARESEIEDSDAGSWGAESTQRTEDRGRTLGHYMAR	41	540	615	75
258	HUMAN00486	Q8TE85	405	437	ERKMRDDERKQFRRKVKCPDSSNSGVKGCLLSG	32	672	709	37
259	HUMAN00486	Q8TE85	467	511	SLQRSGGAAPSAGPSSSNRLPLKRTCSPFTEEFEPLPSKQAKEGD	44	738	912	174
260	HUMAN00486	Q8TE85	77	222	SSSTGGRNDQGKRYYHGMEYETDLTPLESPTHLMKFLTENVSGTPEYPDLLKKNNLMSLEGALPTPGKAAPLPAGPSKLEAGSVDSYLLPTTDMYDNGSLNSLFESIHGVPPTQRWQPDSTFKDDPQESMLFPDILKTSPEPPCPE	145	272	424	152
262	HUMAN00490	Q6P499	329	406	PFEPYISMDAMPGMQNMHDKGMTVQPELKASFSYGALENNDNISEIYAPATLPVMQEEHGSRSASGVPYRVLEHTKKE	77	524	637	113
263	HUMAN00492	Q9UKA8	1	39	MLRDTMKSWNDSQSDLCSTDQEEEEEMIFGENEDDLDEM	38	19	86	67
264	HUMAN00492	Q9UKA8	204	241	ETEEEEETKNPKQKIAQTRRPDPPTAALNEPQTFDCAL	37	276	340	64
265	HUMAN00493	Q5T1S8	1	102	MTTATPLGDTTFFSLNMTTRGEDFLYKSSGAIVAAVVVVVIIIFTVVLILLKMYNRKMRTRRELEPKGPKPTAPSAVGPNSNGSQHPATVTFSPVDVQVETR	101	17	129	112
269	HUMAN00503	Q8N5G2	613	664	KIAEVMAVMPSITYSAATSPLSPVSPHYSSKFVETSPSGLDPNASVYQPLKK	51	1292	1479	187
270	HUMAN00504	Q5SW96	178	308	EKEKRDKASQEGGDVLGARQDCTPSLKSLVATGNLLDLEETAKAPLSTVSANTTNMDEVPRPQALSGSSVVWELDDGLDEAFSRLAQSRTNPQVLDTGLTAQDMHYAQCLSPVDWDKPDSSGTEQDDLFSF	130	205	375	170
272	HUMAN00507	Q9H019	74	237	ETYARVRSDTRPLRHTWKPSPLIVMQRNASVPNLRGSEERLLALKKPALPALSRTTELQDELSHLRSQIAKIVAADAASASLTPDFLSPGSSNVSSPLPCFGSSFHSTTSFVISDITEETEVEVPELPSVPLLCSASPECCKPEHKAACSSSEEDDCVSLSKAS	163	124	319	195
274	HUMAN00515	Q92935	1	42	MQSWRRRKSLWLALSASWLLLVLLGGFSLLRLALPPRPRPGA	41	3	49	46
279	HUMAN00524	Q969H4	505	596	QSPGRAPPPREEDCYSETEAEDPDDEAGSHSASPSPAQAGSPLHGDTSPAATPTQRSPRTSFGSLTDSSEEALEGMVRGLRQGGVSLLGQPQ	91	1255	1440	185
280	HUMAN00524	Q969H4	673	720	GVAQAEGSSHILTSDSTEQSPHSLPSDPEEHSHLCPLTSESSLRPPDL	47	1517	1622	105
282	HUMAN00526	Q6P2H3	436	465	KHSEEVKKQEERVKGRDKHINNLKKKCQKE	29	608	638	30
283	HUMAN00526	Q6P2H3	531	666	EIQLESLRQREAEFSSAGHSLQDKQSVEETSGEGPEVEMESWQKRYDSLQKIVEKQQQKMDQLRSQVQSLEQEVAQEEGTSQALREEAQRRDSALQQLRTAVKELSVQNQDLIEKNLTLQEHLRQAQPGSPPSPDT	135	707	874	167
284	HUMAN00529	Q5T124	1	71	MSSPLASLSKTRKVPLPSEPMNPGRRGIRIYGDEDEVDMLSDGCGSEEKISVPSCYGGIGAPVSRQVPASH	70	20	251	231
285	HUMAN00529	Q5T124	474	520	APKSSLKFSPGPCPGPGPGPSPGPGPGPSPGPGPGPSPCPGPSPSPQ	46	825	905	80
286	HUMAN00530	P31358	1	42	MKRFLFLLLTISLLVMVQIQTGLSGQNDTSQTSSPSASSNIS	41	0	79	79
289	HUMAN00533	Q9H9Z2	1	36	MGSVSNQQFAGGCAKAAEEAPEEAPEDAARAADEPQ	35	0	56	56
291	HUMAN00548	Q9NUE0	1	65	MKDCEYQQISPGAAPLPASPGARRPGPAASPTPGPGPAPPAAPAPPRWSSSGSGSGSGSGSLGRR	64	2	87	85
292	HUMAN00548	Q9NUE0	353	388	DRRGFVQSDTVLPSPIRSDEPACRAKPDASMVGGHP	35	464	556	92
294	HUMAN00552	Q96I76	444	474	GQHPRCKRGLGYHGEKLQPFGQLKRPRRNGL	30	1285	1395	110
295	HUMAN00552	Q96I76	484	525	PLPQDQTESLLRRQPPTSMKFRTDMAFVRGSSCASDSPSLPD	41	1404	1493	89
296	HUMAN00552	Q96I76	54	96	ERAPPQAAPNSALIPTDPAAEGQLLSQTSATDVRPLSTRDSTP	42	253	333	80
298	HUMAN00556	Q8NAX2	110	232	SPCLSTEDSTEGTAEANWAKEHNGVPPSPDRAPPSRRDGQRLKSTMGSSFSYPDVKLKGIPVYPYPRATSPAPDADSCCKEPLADPPPMRHSLPSTFASSPRGSEEYYSFHESDLDLPEMGSG	122	174	321	147
299	HUMAN00556	Q8NAX2	1	54	MPRPGHPRPASGPPRLGPWERPTELCLETYDKPPQPPPSRRTRRPDPKDPGHHG	53	0	119	119
300	HUMAN00556	Q8NAX2	308	392	KSRARPQTSEGRSTRAAAPTAAAPDSGHETMVGSGLSQDELTVQISQETTADAIARKLRPYGAPGYPASHDSSFQGTDTDSSGAP	84	396	512	116
302	HUMAN00558	Q96A09	1	46	MMPSESGAERRDRAAAQVGTAAATAVATAAPAGGGPDPEALSAFPG	45	80	247	167
303	HUMAN00562	Q8N5D0	479	514	ITAALFSKNDGEEKKGPGGGAPVRLRSTSRKDSISE	35	1349	1544	195
305	HUMAN00568	O95382	1124	1162	EKEAVSPRSEELSNEGDSQQSPGQQSPLPVEPEQGPAPL	38	1736	1813	77
306	HUMAN00568	O95382	1	41	MAGPCPRSGAERAGSCWQDPLAVALSRGRQLAAPPGRGCAR	40	80	159	79
308	HUMAN00569	O75636	1	85	MDLLWILPSLWLLLLGGPACLKTQEHPSCPGPRELEASKVVLLPSCPGAPGSPGEKGAPGPQGPPGPPGKMGPKGEPGDPVNLLR	84	49	180	131
309	HUMAN00570	Q6UWJ8	96	134	KEGCSIYNRSEACPAAHHHPTYEPKTVTTGSPPVPEAHS	38	104	173	69
310	HUMAN00571	P46089	1	36	MMWGAGSPLAWLSAGSGNVNVSSVGPAEGPTGPAAP	35	107	155	48
312	HUMAN00574	P09769	1	69	MGCVFCKKLEPVATAKEDAGLEGDFRSYGAADHYGPDPTKARPASSFAHIPNYSNFSSQAINPGFLDSG	68	78	208	130
313	HUMAN00578	Q86Y82	129	178	KESIARARAGSRLSAEERQREEQLVSFDSHEEWNQMQSQEDEVAITEQDL	49	299	422	123
315	HUMAN00582	Q5TEJ8	544	643	ACEIQAPPPRPPKNQGLSKQRRHSSEGGVKSSQVLGLQQHARLPKPKAKTLPEFIKDGSSTYSKIPAHRKGHRPAKPQRQDLDDDEHDYEEILEQFQKTI	99	710	947	237
316	HUMAN00588	Q9H6D3	348	395	KPDPDQVDGARSLLSPEGYQLPQNRRMTHLAQKFFPKAKDEAASPVKG	47	448	532	84
317	HUMAN00589	Q99504	1	90	MEEEQDLPEQPVKKAKMQESGEQTISQVSNPDVSDQKPETSSLASNLPMSEEIMTCTDYIPRSSNDYTSQMYSAKPYAHILSVPVSETAY	89	35	199	164
318	HUMAN00589	Q99504	219	300	VTGQTNSDAESTTLAATTYQSEKPSVMAPAPAAQRLSSGDPSTSPSLSQTTPSKDTDDQSRKNMTSKNRGKRKADATSSQDS	81	346	448	102
319	HUMAN00590	P25105	310	342	SMRSSRKCSRATTDTVTEVVVPFNQIPGNSLKN	32	395	431	36
320	HUMAN00605	Q16514	1	55	MNQFGPSALINLSNFSSIKPEPASTPPQGSMANSTAVVKIPGTPGAGGRLSPENN	54	52	185	133
322	HUMAN00607	Q9Y692	56	87	EAGSENNTAVVAVETHTIHKIEEGIDTGTIEA	31	84	118	34
323	HUMAN00608	Q9Y5A9	197	389	TEVASNVPKVVGSAVGSGSITSNIVASNSLPPATIAPPKPASWADIASKPAKQQPKLKTKNGIAGSSLPPPPIKHNMDIGTWDNKGPVAKAPSQALVQNIGQPTQGSPQPVGQQANNSPPVAQASVGQQTQPLPPPPPQPAQLSVQQQAAQPTRWVAPRNRGSGFGHNGVDGNGVGQSQAGSGSTPSEPHPVL	192	231	470	239
324	HUMAN00608	Q9Y5A9	1	50	MSASSLLEQRPKGQGNKVQNGSVHQKDGLNDDDFEPYLSPQARPNNAYTA	49	1	67	66
325	HUMAN00609	P41143	1	44	MEPAPSAGAELQPPLFANASDAYPSACPSAGANASGPPGARSAS	43	18	89	71
326	HUMAN00609	P41143	337	372	CGRPDPSSFSRAREATARERVTACTPSDGPGGGAAA	35	399	449	50
329	HUMAN00612	Q69YZ2	144	241	TRRLRQGVLRAQALRPPDGPGWDCALLPSPGPRSPRAVGCAEPEIWDPSPRRGTSPVPSVRSLRSEPANPRLGLPALLNSYPLKGPGLPPPWGPRTQT	97	246	368	122
330	HUMAN00612	Q69YZ2	1	41	MTAGSPEECGEVRRSPEGRVSRLGRRLGRRRRPRSPPEPLR	40	7	71	64
331	HUMAN00612	Q69YZ2	250	307	PSGSCIEHSKSLDLGLGELLLGAPAARDCAHRSWPRLDRLSLGGYAKLGGGGDLGARV	57	376	445	69
332	HUMAN00612	Q69YZ2	79	112	AGAPGSRAANASSPQMSELRREGRGGGRAHGPHE	33	176	215	39
334	HUMAN00616	Q9BV79	1	39	MWVCSTLWRVRTPARQWRGLLPASGCHGPAASSYSASAE	38	63	227	164
335	HUMAN00618	Q92729	784	866	KPVNMTKATVNYRQEKTHMMSAVDRSFTDQSTLQEDERLGLSFMDTHGYSTRGDQRSGGVTEASSLLGGSPRRPCGRKGSPYH	82	1260	1413	153
337	HUMAN00621	O75056	412	442	KKKDEGSYTLEEPKQASVTYQKPDKQEEFYA	30	576	607	31
338	HUMAN00624	Q4KMZ8	177	207	SFDFIGGFDSYGYQAPQKTSHLQLQPLYTSG	30	226	273	47
340	HUMAN00633	Q9GZM7	298	330	RERDEAGPAPPCMMHSRAMGRGKRQATAHCPNS	32	446	482	36
341	HUMAN00634	O43613	249	292	GTTSALVRNWKRPSDQLGDLEQGLSGEPQPRARAFLAEVKQMRA	43	403	461	58
342	HUMAN00634	O43613	380	425	LGPCGSLKAPSPRSSASHKSLSLQSRCSISKISEHVVLTSVTTVLP	45	551	708	157
346	HUMAN00637	O60241	770	809	SPGKPATSGAAGSPGRGRGPGTVPPGPGHSHQRLLPADPD	39	1038	1099	61
347	HUMAN00638	Q6ZMY3	1171	1216	TKSSIPRPLQRLSSALAAPEPPGPARDSSLGPTDEAGSECPFPRKA	45	1322	1383	61
349	HUMAN00638	Q6ZMY3	987	1110	PGLWALPVSPLLSPGLEVTHSSLLLAVLLPKEGLPDTAGSSPWLGKVQKMVSFNSKVEKRYYQPDDRRPNVPLKGTPPPGGAWQQSQGRGSIAPRGISAWQRPPRGRGRLWPEPENWQHPGRGQ	123	1126	1258	132
350	HUMAN00642	Q07666	1	99	MQRRDDPAARMSRSSGRSGSMDPSGAHPSVRQTPSRQPPLPHRSRGGGGGSRGGARASPATQPPPLLPPSATGPDATVGGPAPTPLLPPSATASVKMEP	98	104	216	112
352	HUMAN00643	Q9GZU3	1	60	MGGRRGPNRTSYCRNPLCEPGSSGGSSGSHTSSASVTSVRSRTRSSSGTGLSSPPLATQT	59	111	206	95
353	HUMAN00645	P40222	1	172	MKNQDKKNGAAKQSNPKSSPGQPEAGPEGAQERPSQAAPAVEAEGPGSSQAPRKPEGAQARTAQSGALRDVSEELSRQLEDILSTYCVDNNQGGPGEDGAQGEPAEPEDAEKSRTYVARNGEPEPTPVVNGEKEPSKGDPNTEEIRQSDEVGDRDHRRPQEKKKAKGLGKEI	171	85	306	221
354	HUMAN00645	P40222	486	546	QDLSAGGQGSLTDSGPERRPEGPGAQAPSSPRVTEAPCYPGAPSTEASGQTGPQEPTSARA	60	620	739	119
355	HUMAN00647	Q9BUN5	1	82	MDDKKKKRSPKPCLAQPAQAPGTLRRVPVPTSHSGSLALGLPHLPSPKQRAKFKRVGKEKCRPVLAGGGSGSAGTPLQHSFL	81	11	125	114
357	HUMAN00659	P06239	1	61	MGCGCSSHPEDDWMENIDVCENCHYPIVPLDGKGTLLIRNGSEVRDPLVTYEGSNPPASPL	60	49	134	85
359	HUMAN00663	H3BQW9	1	95	MLPSSTPGPGHATETCPAPPGPERSPAARAPAAASSLGPVSTAGRAPRGLDMSAQEPPQGRRFPIEAGDSRGLAAAPESQDSPEAVATEHNPVRP	94	0	99	99
363	HUMAN00685	Q6ZMZ0	1	114	MGSEKDSESPRSTSLHAAAPDPKCRSGGRRRRLTLHSVFSASARGRRARAKPQAEPPPPAAQPPPAPAPAAAQGPPPEALPAEPAAEAEAEAAAAAAEPGFDDEEAAEGGGPGA	113	1	224	223
365	HUMAN00692	U3KPV4	1	42	MALKEGLRAWKRIFWRQILLTLGLLGLFLYGLPKFRHLEALI	41	22	78	56
366	HUMAN00694	P17040	134	301	RTAGQSGLELHTEETRPLKTGEEAQSFQLQPVDPWPEGQSQKKGVKNTCPDLPNHLNAEVAPQPLKESAVLTPRVPTLPKMGSVGDWEVTAESQEALGPGKHAEKELCKDPPGDDCGNSVCLGVPVSKPSNTSEKEQGPEFWGLSLINSGKRSTADYSLDNEPAQALT	167	250	457	207
367	HUMAN00694	P17040	418	469	TDGPGEAVALPRLGYSDAEMDEQEEGGWDPEEMAEDCNGAGLVNVESTQGPR	51	573	633	60
368	HUMAN00694	P17040	574	709	AVRAMGTVREAAGLPRCGQSSAETDAQEAWGEVANEDAVKPSTLCPKAPDMGFEMRHEDEDQISEQDIFEGLPGALSKCPTEAVCQPLDWGEDSENENEDEGQWGNPSQEQWQESSSEEDLEKLIDHQGLYLAEKP	135	758	923	165
369	HUMAN00698	Q6P1W5	1	49	MRGGGGCVLALGGQRGFQKERRRMASGNGLPSSSALVAKGPCALGPFPR	48	0	52	52
371	HUMAN00699	Q96EX1	40	92	PQPVEEEKSISERREDRKLDELLGKDHTQVVSLKDKLEFAPKAVLNRNRPEKN	52	92	147	55
372	HUMAN00700	O95377	219	273	ARKAQAMCTGHHPHGTTSSCKQDDLLSGDLIFLGSDSHPPLLPDRPRDHVKKTIL	54	218	292	74
373	HUMAN00701	Q9NTQ9	219	266	PRHRRPRCRECLPDTCPPYVLSQGGHPEDGNSVLMKAGSAPVDAGGYP	47	219	282	63
374	HUMAN00702	O75712	220	270	KDKPRGGCSPSSSASRASTCRCHHKLVEAGEVDPDPGNNKLQASAPNLTPI	50	222	318	96
375	HUMAN00703	P35212	109	141	KEGELRALPAKDPQVERALAAVERQMAKISVAE	32	137	177	40
376	HUMAN00703	P35212	242	333	ARQGQDAPPTQGTSSDPYTDQVFFYLPVGQGPSSPPCPTYNGLSSSEQNWANLTTEERLASSRPPLFLDPPPQNGQKPPSRPSSSASKKQYV	91	278	406	128
378	HUMAN00704	O95886	905	965	EPKEEKKVPPPIPKKPLRGRGVPVKERSLDSVDRQRQEARKRLLAAKRAASFRHSSATESA	60	1445	1559	114
379	HUMAN00706	O95789	361	422	KGTNSSAVPLSQGQVVVSPPSSRSAVSIGGGNTSAVSPSSIRGSAAASLQPLAEQSQQVALT	61	403	488	85
380	HUMAN00706	O95789	599	737	CLPQNKVNISKAKTAVTELPSARTDTTPVITSVMSLAKIPATLSTGNTNSVLKGAVTKEAAKIIQDESTQEDAMKFPSSQSSQPSRLLKNKGISCKPVTQTKATSCKPHTQHKECQTDLPMPNEKNDAELDSPPSKKKR	138	666	836	170
381	HUMAN00708	Q5SVZ6	1	46	MKEPLLGGECDKAVASQLGLLDEIKTEPDNAQEYCHRQQSRTQENE	45	89	141	52
382	HUMAN00708	Q5SVZ6	315	429	KMESSSVSVVSVVHDTSTELLSPKKDTTPVISNIVSLADTDVALPIMNTDVLQDTVSSVTATADVIVDLSKSSPSEPSNAVASSSTEQPSVSPSSSVFSQHAIGSSTEVQKDNMK	114	426	587	161
384	HUMAN00709	P23246	529	707	EHQANLLRQDLMRRQEELRRMEELHNQEMQKRKEMQLRQEEERRRREEEMMIRQREMEEQMRRQREESYSRMGYMDPRERDMRMGGGGAMNMGDPYGSGGQKFPPLGGGGGIGYEANPGVPPATMSGSMMGSDMRTERFGQGGAGPVGGQGPRGMGPGTPAGYGRGREEYEGPNKKPRF	178	676	924	248
385	HUMAN00710	Q5VZL5	1223	1263	AKEEQGDLKCGGVEQASSSPRSDPLGSTQDHALSQESSEPG	40	1884	1927	43
386	HUMAN00710	Q5VZL5	1431	1460	KQESEPDKLTVGKRKRNEDDEVPVGVEMAE	29	2130	2168	38
388	HUMAN00710	Q5VZL5	640	679	GSTVSAGGGSTSAVSPTSISSSAAAGLQRLAAQSQHVGFA	39	1078	1166	88
390	HUMAN00711	Q8IZA0	189	244	RGSPSDVVTPIVTQHSKVNDSNELGGLTTSGSAEVHKAITISSPLTTDLTAELSGG	55	413	508	95
391	HUMAN00711	Q8IZA0	957	1049	RQKGKPKRKSKYKILDATDQESLELKPTSRAGIKQKGLLLSSSLMHSESELDSDDAIFTWPDREKGKLLHGQNGSVPNGQTPLKARSPREEIL	92	1329	1473	144
392	HUMAN00712	Q9UBB6	1	32	MSCCDLAAAGQLGKASIMASDCEPALNQAEGR	31	51	181	130
394	HUMAN00715	Q8TAB5	1	154	MFAIQPGLAEGGQFLGDPPPGLCQPELQPDSNSNFMASAKDANENWHGMPGRVEPILRRSSSESPSDNQAFQAPGSPEEGVRSPPEGAEIPGAEPEKMGGAGTVCSPLEDNGYASSSLSIDSRSSSPEPACGTPRGPGPPDPLLPSVAQAVQHL	153	80	330	250
395	HUMAN00716	Q9HAW4	1292	1339	KAEAAKESSKSQVKKRGPSFMTSPSPKHLKTDDSTSGLTRSIFKYLES	47	2968	3046	78
397	HUMAN00721	Q9UIF3	1	36	MATLSVKPSRRFQLPDWHTNSYLLSTNAQLQRDASH	35	66	102	36
401	HUMAN00738	P82914	228	257	KAAAAAQKQAKRRNPDSPAKAIPKTLKDSQ	29	279	316	37
402	HUMAN00740	Q13003	875	919	RVKHKPQPPMMVKTDAVINMHTFNDRRLPGKDSMACSTSLAPVFP	44	1170	1325	155
403	HUMAN00741	Q5D1E8	1	45	MSGPCGEKPVLEASPTMSLWEFEDSHSRQGTPRPGQELAAEEASA	44	19	112	93
404	HUMAN00741	Q5D1E8	296	435	PLTLEHRKQPCPYGRKCTYGIKCRFFHPERPSCPQRSVADELRANALLSPPRAPSKDKNGRRPSPSSQSSSLLTESEQCSLDGKKLGAQASPGSRQEGLTQTYAPSGRSLAPSGGSGSSFGPTDWLPQTLDSLPYVSQDC	139	382	566	184
405	HUMAN00741	Q5D1E8	512	546	REYWSEPYPLPPPTSVLQEPPVQSPGAGRSPWGRA	34	726	789	63
406	HUMAN00741	Q5D1E8	91	131	ATERERQTSPDPCPQLPLVPRGGGTPKAPNLEPPLPEEEKE	40	158	217	59
408	HUMAN00746	Q13823	1	33	MVKPKYKGRSTINPSKASTNPDRVQGAGGQNMR	32	80	124	44
410	HUMAN00748	Q2MKA7	138	177	GTMECSSPAQCEMSEWSPWGPCSKKQQLCGFRRGSEERTR	39	149	230	81
411	HUMAN00748	Q2MKA7	185	263	GDHAACSDTKETRRCTVRRVPCPEGQKRRKGGQGRRENANRNLARKESKEAGAGSRRRKGQQQQQQQGTVGPLTSAGPA	78	245	384	139
412	HUMAN00748	Q2MKA7	1	31	MRLGLCVVALVLSWTHLTISSRGIKGKRQRR	30	1	40	39
413	HUMAN00750	Q53HL2	87	191	ATADLDITEINKLTAEAIQTPLKSAKTRKVIQVDEMIVEEEEEEENERKNLQTARVKRCPPSKKRTQSIQGKGKGKRSSRANTVTPAVGRLEVSMVKPTPGLTPR	104	124	351	227
414	HUMAN00753	Q5VSG8	1	98	MARRRRRACIALFLVLLFAFGTLMGLRTLKAPDGLPALGPGLELAPFERRPEGAPAPAARAPAAPAAPPPPPPPPRTADPGGSPGPAPAEAEPAPVQS	97	6	144	138
415	HUMAN00754	Q86U90	1	43	MSPARRCRGMRAAVAASVGLSEGPAGSRSGRLFRPPSPAPAAP	42	13	113	100
416	HUMAN00755	Q6ZSJ8	1	36	MEWGPGSDWSRGEAAGVDRGKAGLGLGGRPPPQPPR	35	6	85	79
417	HUMAN00755	Q6ZSJ8	68	110	LGRRRPEPAGGGNVSAKPGAPPQPAVSARGGFPKDAGDGAAEP	42	116	168	52
418	HUMAN00756	Q14872	630	714	EACQCQCACRDSAKERASSRRKGCSSPPPPEPSPQAPDGPSLQLPAQTFSSAPVPGSSSSTLPSSCEQSRQAETPSDPQTETLSA	84	996	1128	132
421	HUMAN00761	Q9Y3A2	1	36	MAAAFRKAAKSRQREHRERSQPGFRKHLGLLEKKKD	35	69	117	48
422	HUMAN00761	Q9Y3A2	224	253	DLMDKTQKVKVKKETVNSPAIYKFQSRRKR	29	522	590	68
424	HUMAN00762	Q03052	393	451	KEKRMTPAAGAGHPPMDDVYAPGELGPGGGGASPPSAPPPPPPAALHHHHHHTLPGSVQ	58	488	551	63
425	HUMAN00763	Q9HB90	1	59	MSLQYGAEETPLAGSYGAADSFPKDFGYGVEEEEEEAAAAGGGVGAGAGGGCGPGGADS	58	32	124	92
426	HUMAN00766	P57773	112	144	AQLRVELEEVEFEMPRDRRRLEQELCQLEKRKL	32	111	145	34
428	HUMAN00767	Q9NX52	1	41	MAAVHDLEMESMNLNMGREMKEELEEEEKMREDGGGKDRAK	40	84	231	147
429	HUMAN00768	Q9H9L7	1	129	MACGATLKRPMEFEAALLSPGSPKRRRCAPLPGPTPGLRPPDAEPPPPFQTQTPPQSLQQPAPPGSERRLPTPEQIFQNIKQEYSRYQRWRHLEVVLNQSEACASESQPHSSALTAPSSPGSSWMKKDQ	128	11	208	197
430	HUMAN00776	Q7Z5Y6	1	33	MAARPGPLWLLGLTLCALGGGGPGLRPPPGCPQ	32	6	43	37
431	HUMAN00776	Q7Z5Y6	257	296	SPIRTPRAVRPLRRRQPKKSNELPQANRLPGIFDDVRGSH	39	405	455	50
432	HUMAN00779	Q9NQ87	184	311	PGLPALSNQLAILGRVPSPVLPGVSSPAYPIPALRTAPLRRATGIILPARRNVLPSRGASSTRRARPLERPATPVPVAPSSRAARSSHIAPLLQSSSPTPPGPTGSAAYVAVPTPNSSSPGPAGRPAG	127	203	378	175
433	HUMAN00779	Q9NQ87	1	55	MKRPKEPSGSDGESDGPIDVGQEGQLSQMARPLSTPSSSQMQARKKHRGIIEKRR	54	1	59	58
434	HUMAN00783	P34820	1	34	MTALPGPLWLLGLALCALGGGGPGLRPPPGCPQR	33	4	108	104
435	HUMAN00783	P34820	256	295	PSPIRTPRAVRPLRRRQPKKSNELPQANRLPGIFDDVHGS	39	475	543	68
436	HUMAN00785	Q9H3H1	414	467	IKSKSHLNQLKKRRRLDSDAVNTIESQSVSPDHNKEPKEKGSPGQNDQELKCSV	53	1311	1518	207
437	HUMAN00789	Q8NA29	1	38	MAKGEGAESGSAAGLLPTSILQSTERPAQVKKEPKKKK	37	46	148	102
438	HUMAN00790	Q01518	215	255	KELSGLPSGPSAGSCPPPPPPCPPPPPVSTISCSYESASRS	40	1033	1207	174
439	HUMAN00790	Q01518	277	317	DMKTHKNPALKAQSGPVRSGPKPFSAPKPQTSPSPKRATKK	40	1266	1358	92
440	HUMAN00793	Q13129	1	45	MADGKGDAAAVAGAGAEAPAVAGAGDGVETESMVRGHRPVSPAPG	44	53	116	63
441	HUMAN00793	Q13129	483	581	LGQEASDSDDDLSGYEMSINDTDVLESFLSDYDEGKEDKQYRRRDLTDQHKEKRDKKPIGSSERYQRWLQYKFFCLLCKRECIEARILHHSKMHMEDGI	98	612	739	127
442	HUMAN00793	Q13129	593	687	RKEMFVPHVMEHVKMPPSRRDRSKKKLLLKGSQKGICPKSPSAIPEQNHSLNDQAKGESHEYVTFSKLEDCHLQDRDLYPCPGTDCSRVFKQFKY	94	781	927	146
443	HUMAN00795	O75844	291	322	NKDIQEDSGMEPRNEEEGNSEEIKAKVKNKKQ	31	1119	1203	84
446	HUMAN00800	Q49AA0	130	269	KGEEPWMAEKEGPGDPSSDLKSKIETIESTAKSTISQERLYHGIMMESFMRDDIIYSTLRKVSTYDDVLERHQETCMRDVRQAILTHKKRVQETNKFGENIIVHSNVIIEQRHHKYDTPTKRNTYKLDLINHPTSYIRTK	139	153	309	156
447	HUMAN00801	Q9H790	1	59	MAETREEETVSAEASGFSDLSDSEFLEFLDLEDAQESKALVNMPGPSSESLGKDDKPIS	58	43	205	162
448	HUMAN00802	Q5T5D7	61	157	EQGQEPWMVEGANPHESSPESDYPLVDEPGKHRESKDNFLKSVLLTFNKILTMERIHHYNMSTSLNPMRKKSYKSFEKCLPPNLDLLKYNRSYTVEN	96	102	202	100
449	HUMAN00804	Q9UJD0	1	117	MFNGEPGPASSGASRNVVRSSSISGEICGSQQAGGGAGTTTAKKRRSSLGAKMVAIVGLTQWSKSTLQLPQPEGATKKLRSNIRRSTETGIAVEMRSRVTRQGSRESTDGSTNSNSS	116	113	258	145
450	HUMAN00806	Q13952	189	222	TPVTMQVGEGQQVQIVQAQPQGQAQQAQSGTGQT	33	415	523	108
451	HUMAN00806	Q13952	269	298	TLATNAQQGQRNASQGKPRRCLKETLQITQ	29	605	645	40
452	HUMAN00808	P56696	1	79	MAEAPPRRLGLGPPPGDAPRAELVALTAVQSEQGEAGGGGSPRRLGLLGSPLPPGAPLPGPGSGSGSACGQRSSAAHKR	78	22	162	140
454	HUMAN00808	P56696	646	695	SGTSASLGAVQVPLFDPDITSDYHSPVDHEDISVSAQTLSISRSVSTNMD	49	1161	1307	146
455	HUMAN00809	Q96RK1	1	134	MADHLMLAEGYRLVQRPPSAAAAHGPHALRTLPPYAGPGLDSGLRPRGAPLGPPPPRQPGALAYGAFGPPSSFQPFPAVPPPAAGIAHLQPVATPYPGRAAAPPNAPGGPPGPQPAPSAAAPPPPAHALGGMDA	133	0	170	170
456	HUMAN00810	P17812	559	591	CRLSPRDTYSDRSGSSSPDSEITELKFPSINHD	32	2391	2599	208
457	HUMAN00811	Q499Z3	140	198	PFSHREEKEEEEEDSGLSPGPSPGSGVPLPTWPTHTLPDRPQAQQLQSCQGRPSGVCSD	58	343	474	131
458	HUMAN00811	Q499Z3	1	42	MTPMKRSVQTQVSEPFMESWGEESLPELPAEQSLTEYSDLEE	41	165	233	68
459	HUMAN00812	Q96GD3	237	353	TKVVIPKNPYPASDVNTEKPSIHSSTKTVLEHQPGQRGRKPGKKRGRTPKTLISHPISAPSKTAEPLKFPKKRGPKPGSKRKPRTLLNPPPASPTTSTPEPDTSTVPQDAATIPSSA	116	320	554	234
460	HUMAN00812	Q96GD3	460	587	DNLFGNQPFTQTHLSLTAIEYSHSHDRYLPGETFVLGNSLARSLEPHSDSMDSASNPTNLVSTSQRHRPLLSSCGLPPSTASAVRRLCSRGVLKGSNERRDMESFWKLNRSPGSDRYLESRDASRLSG	127	676	882	206
461	HUMAN00814	P20800	114	178	PWTEAGAVPSRKSPADVFQTGKTGATTGELLQRLRDISTVKSLFAKRQQEAMREPRSTHSRWRKR	64	202	269	67
462	HUMAN00814	P20800	1	45	MVSVPTTWCSVALALLVALHEGKGQAAATLEQPASSSHAQGTHLR	44	80	134	54
464	HUMAN00818	Q9UPW0	1	75	MGLYGQACPSVTSLRMTSELESSLTSMDWLPQLTMRAAIQKSDATQNAHGTGISKKNALLDPNTTLDQEEVQQHK	74	14	89	75
465	HUMAN00818	Q9UPW0	519	611	TGLIHSQSNVQQNVCHGAMHPTKPSQHIGTGNLYIDSRQNLPPSVMPPPGYPHIPQALSTPGTTMAGHHRAMNQQHMMPSQAFQMRRSLPPDD	92	657	763	106
466	HUMAN00820	Q8IXN7	306	372	RQTGKMAVLPGLSSPREKNEPDGCASAQGVAESVYTINSGSTSSESEPELGEIRDSSASTMGAPPSM	66	331	400	69
469	HUMAN00828	P67809	119	324	GAEAANVTGPGGVPVQGSKYAADRNHYRRYPRRRGPPRNYQQNYQNSESGEKNEGSESAPEGQAQQRRPYRRRRFPPYYMRRPYGRRPQYSNPPVQGEVMEGADNQGAGEQGRPVRQNMYRGYRPRFRRGPPRQRQPREDGNEEDKENQGDETQGQQPPQRRYRRNFNYRRRRPENPKPQDGKETKAADPPAENSSAPEAEQGGAE	205	235	482	247
470	HUMAN00828	P67809	1	50	MSSEAETQQPPAAPPAAPALSAADTKPGTTGSGAGSGGPGGLTSAAPAGG	49	33	140	107
471	HUMAN00830	Q8N6F1	190	224	ERPNSSPQPYRPGPSAAAREPVVKLPASAKGPLGV	34	211	275	64
472	HUMAN00837	Q8N300	1	34	MDPPARKEKTKVKESVSRVEKAKQKSAQQELKQR	33	40	75	35
473	HUMAN00849	Q8IVY1	54	113	CHLCRRYHASYRHRPLPETGRGGRPQVAEDEDDDGFIEDNYIQPGTGELGTEGSRDHFSL	59	64	134	70
474	HUMAN00850	P35590	788	828	RSCLHRRRTFTYQSGSGEETILQFSSGTLTLTRRPKLQPEP	40	1124	1169	45
475	HUMAN00851	P40238	201	231	HSASALDQSPCAQPTMPWQDGPKQTSPSREA	30	259	300	41
477	HUMAN00854	Q96G25	159	268	RESESGGLRPNKQTFNPTDTNALVAAVAFGKGLSNWRPSGSSGPGQAGQPGAGTILAGTSGLQQVQMAGAPSQQQPMLSGVQMAQAGQPGKMPSGIKTNIKSASMHPYQR	109	260	396	136
478	HUMAN00855	Q5T011	1158	1231	PQEETKPKFGDWSGAPSLKDLGGTGIKATKSHVPVLSVTLASDNAQNQGELSPPFRRDLQAYAGRQASQTESAD	73	2043	2278	235
479	HUMAN00855	Q5T011	1358	1420	PSPGPLSPGPFSSSMEEGAEPRERAILASESSIETEDLSEPEFQSTRVPGIPDPGPEISLTDV	62	2537	2641	104
480	HUMAN00855	Q5T011	1466	1556	REDEGPRDTVDRKISDLEFSEAELMGEEGDTSACCVVTESDPELEVEYRESRESDLGPAGLDSASLSDVDTVNPDEDSFSILGGDSPTGPE	90	2706	2852	146
481	HUMAN00855	Q5T011	1632	1667	ASDPQHHRSTSESSASFPRSPGQPSSLRSDDGLGPP	35	2954	3021	67
483	HUMAN00855	Q5T011	2109	2151	KGDALPPSLALSRSQEPIYSEEASGPRSPLDMVSSRSSDAARP	42	3960	4056	96
484	HUMAN00855	Q5T011	2400	2513	DTPTGSLRNGSLETKSSAGRASTFPPAPVPGEPVTPPSKAGRRSFWDMLSKTECGDLGSPKTTDDIVLDRPEDTRGRRRHKTESVRTPGGAERAPGSDSGAQRQKRRTTQLEEG	113	4481	4717	236
485	HUMAN00855	Q5T011	2864	2903	GPPETSGPPDGQRRHRPESGSGSREAPTSCESLDVSPPGA	39	5364	5473	109
486	HUMAN00855	Q5T011	3208	3237	DMRRFRKPPRLPPEPEAPGSSAGSPGEASG	29	5999	6169	170
487	HUMAN00855	Q5T011	698	731	QSKEPTPKVKRKGLGGAGGGSSPSKSPPVLGPQQ	33	1170	1210	40
488	HUMAN00858	P10586	1285	1328	KRKRTHSPSSKDEQSIGLKDSLLAHSSDPVEMRRLNYQTPGMRD	43	2211	2344	133
490	HUMAN00878	Q8N4L8	191	307	YLRPCHPSEAALEPTLAELKEQKKAMEQELQASVGPSCVSPNHRQRPLGSSTQGLRPPLPLCGVAPLQCCLPAPPLEPYLRPRGQSATHRWGRQLQCSPREGPASTPMSSAAPQAPA	116	267	494	227
493	HUMAN00885	Q9NPF5	1	49	MATGADVRDILELGGPEGDAASGTISKKDIINPDKKKSKKSSETLTFKR	48	84	163	79
494	HUMAN00885	Q9NPF5	258	311	KKEREKRSQDLQKLITAADTTAEQRRTERKAPKKKLPQKKEAEKPAVPETAGIK	53	700	904	204
497	HUMAN00895	Q6PIY5	408	440	HGSSYSMNTLYGSRDSAQMAYLTHFEEDVESKE	32	481	550	69
498	HUMAN00896	Q99661	590	638	PHSGPSGEQLIQMETEEMEACSNGALIPGNLSKEEEELSSQMSSFNEAM	48	748	833	85
499	HUMAN00896	Q99661	75	224	HPKDNLPLQENVTIQKQKRRSVNSKIPAPKESLRSRSTRMSTVSELRITAQENDMEVELPAAANSRKQFSVPPAPTRPSCPAVAEIPLRMVSEEMEEQVHSIRGSSSANPVNSVRRKSCLVKEVEKMKNKREEKKAQNSEMRMKRAQEYD	149	167	365	198
500	HUMAN00899	Q8NFU0	386	473	DDPEQSLQVEASPGSGRPAPAAQTPLLGRFLGVGAPSPAISLRNFGRVRGTPRPPHLLRFRAEEGGDPEAAARIEEESAESGDEALEP	87	634	859	225
502	HUMAN00900	Q9H4B4	337	420	PNPARSLFAKVTKSLFGRKKKSKNHAQERDEVSGLVSGLMRTSVGHQDARPEAPAASGPAPVSLVETAPEDSSPRGTLASSGDG	83	770	960	190
503	HUMAN00901	Q5JR98	1	102	MASRPLPPGRQEEENAKDSGRKPSPVRPRGCLPSIDEARPAGPGPAPASRRGSMLGLAASFSRRNSLVGPGAGPGGQRPSLGPVPPLGSRVSFSGLPLAPAR	101	42	181	139
505	HUMAN00905	Q9Y6C5	621	658	AHLVPPPSDPLGSELFSPGGSTRDLLGQEEETRQKAAC	37	1359	1428	69
506	HUMAN00910	Q9P217	119	175	GGPGAGAAGGAAGASPAEEGPQPPPGAAAPAGSAPGGVAAGASPGLGAGAGAAGCGG	56	186	273	87
507	HUMAN00910	Q9P217	1	59	MADGGEREELLSPSPVSPAKRQCSWPSPQAHHPRGSPGAAGGGAGGVGSSCLVLGARPH	58	45	120	75
508	HUMAN00910	Q9P217	455	485	DGNYGHELPNITNALPQSAIHSPDSLSRPRR	30	700	826	126
510	HUMAN00915	Q96S53	1	36	MDRSKRNSIAGFPPRVERLEEFEGGGGGEGNVSQVG	35	0	46	46
512	HUMAN00916	A0A0D9SF12	116	145	PFLTWSPASFSSMPRVLSKRTYSFGAPKCS	29	123	153	30
513	HUMAN00917	Q9Y4U1	238	282	QPSEKPSSPSPDLPFTTPAPKKPGNPSRARSWLSPRVSPPASPGP	44	354	423	69
516	HUMAN00922	P49321	658	788	ESQRSGNVAELALKATLVESSTSGFTPGGGGSSVSMIASRKPTDGASSSNCVTDISHLVRKKRKPEEESPRKDDAKKAKQEPEVNGGSGDAVPSGNEVSENMEEEAENQAESRAAVEGTVEAGATVESTAC	130	1174	1396	222
518	HUMAN00923	Q96LX7	572	622	SSTSSLEASFLTPAVGFADPPPRTEEPLSGVKDRDEGLGPHHSSDLPPVSF	50	768	847	79
520	HUMAN00924	Q9HC44	404	474	DENCLPLTEDELKEFHMKTEQLRRNGFGKNGFLQSRSSSLFSPWRSTCKAEFEDSDTETSSSETSDDDAWK	70	548	640	92
521	HUMAN00925	Q5SWH9	1	86	MLRFIQKFSQASSKILKYSFPVGLRTSRTDILSLKMSLQQNFSPCPRPWLSSSFPAYMSKTQCYHTSPCSFKKQQKQALLARPSST	85	59	184	125
525	HUMAN00931	A0A087WWA1	1	70	MGPSRLVRGPRPQGMRSPYRRPGMGWPRPRFPRMFKCSRRRYQQGLRGRTASSAAINPATRAMGINNTHT	69	0	71	71
526	HUMAN00932	Q8WZA1	1	94	MDDWKPSPLIKPFGARKKRSWYLTWKYKLTNQRALRRFCQTGAVLFLLVTVIVNIKLILDTRRAISEANEDPEPEQDYDEALGRLEPPRRRGSG	93	0	197	197
527	HUMAN00933	Q96LR2	101	219	TSHCSSLTSSQYSLTGGSPGRSRRGSWDSLPDTSTTDRLDSVSIGSFLDTVAPSELDEQGPPGAPRSEMDWAKVIAGGERARTEVDVAATRLGSLRAVWKPPGERLQGGPPESPEDESA	118	167	363	196
529	HUMAN00936	Q15345	257	409	GPGGPPCRLCGEASRGRAPSRDEGSLLLGSRRPRRDAAERCAAALMASRRKSEAKQMPRAAPATRVTRRSTQESLTAGGTDLKRELHPPATSHEAPGTKRSPSAPAATSSASSSTSSYKRAPASSAPQPKPLKRFKRAAGKKGARTRQGPGAE	152	274	462	188
530	HUMAN00945	A0A0U1RQS6	86	177	RGLAPRGRSAAAAGPGQGGGRAGPVALEMESSEPTAQDTTAVQLSPAVSAASSGCSSPGPSPLALEAPAPAAVCALRSEGVQLNPPRARAAP	91	92	230	138
531	HUMAN00946	A6PVL3	82	124	PGADHGEGRSSTNGNKEGARSSLSTVSRTLEKLKPGTRGAEEC	42	97	150	53
532	HUMAN00947	Q9BUB5	1	39	MVSSQKLEKPIEMGSSEPLPIADGDRRRKKKRRGRATDS	38	212	262	50
534	HUMAN00956	Q6PEX7	76	145	GMNAAINTGPAPAVTKTETEVQNPDVLWDLDIPEGRSHADQDSNPKAEAPAPLQPALQLAPQQPQARSPF	69	202	281	79
536	HUMAN00965	Q13113	1	114	MSALSLLILGLLTAVPPASCQQGLGNLQPWMQGLIAVAVFLVLVAIAFAVNHFWCQEEPEPAHMILTVGNKADGVLVGTDGRYSSMAASFRSSEHENAYENVPEEEGKVRSTPM	113	0	123	123
538	HUMAN00966	P17542	247	331	EEEGTQRAKTGKDPVVGAGGGGGGGGGGAPPDDLLQDVLSPNSSCGSSLDGAASPDSYTEEPAPKHTARSLHPAMLPAADGAGPR	84	368	498	130
539	HUMAN00970	Q13461	1	70	MAGRSDMDPPAAFSGFPALPAVAPSGPPPSPLAGAEPGREPEEAAAGRGEAAPTPAPGPGRRRRRPLQRG	69	0	81	81
540	HUMAN00971	O60548	1	125	MTLGSCCCEIMSSESSPAALSEADADIDVVGGGSGGGELPARSGPRAPRDVLPHGHEPPAEEAEADLAEDEEESGGCSDGEPRALASRGAAAAAGSPGPGAAAARGAAGPGPGPPSGGAATRSPL	124	0	170	170
541	HUMAN00972	A6NFA1	1	36	MHAALAGPLLAALLATARARPQPPDGGQCRPPGSQR	35	22	61	39
542	HUMAN00972	A6NFA1	355	436	GQAIHSPAPQSPAPSPEGTSTSPAPVTPAAAVPEAPSVTPTAPPEDEDPALSPHLLLPDSLSQLEEFGRQRKWHKRQSTHQR	81	381	468	87
543	HUMAN00972	A6NFA1	449	517	DSTTASPPPLPLQPTHSSGTAKPPFQLSDQLQQQDPPGPASSSAPTLGLLPAIATTIAVCFLLHSLGPS	68	480	566	86
544	HUMAN00974	Q2M3M2	1	30	MSKELAAMGPGASGDGVRTETAPHIALDSR	29	25	100	75
546	HUMAN00978	Q5VU57	445	503	EKVAIPMPRLRNKEIEVQRRKEKSPPYKHPLLRGPASNYPNSKGDKKSSVNHKDPSTPF	58	809	1012	203
547	HUMAN00980	Q7L4P6	238	286	LQDVLLLRLGSGPAIDLEKVKSECLEPEPELRSTFSEEANTSSYYPAPA	48	386	445	59
548	HUMAN00980	Q7L4P6	78	211	KSDLENSVMQKKIKIPKLSLNHVEEDGEVKDYGEEDLQLRHIKRPEGRKPSEVAHKSIEAVVARLEKQNGLSLGHSTCPEEVFVEASPGTEDMDSLEDAVVPRALYEELLRNYQQQQEEMRHLQQELERTRRQL	133	183	360	177
549	HUMAN00983	Q9UNN5	269	303	SSPAQTREQSEEQITDVHMVSDSDGDDFEDATEFG	34	695	790	95
550	HUMAN00983	Q9UNN5	50	96	GILQSEYGGETIPGPAFNPASHPASAPTSSSSSAFRPVMPSRQIVER	46	172	391	219
551	HUMAN00983	Q9UNN5	530	570	EREMAEQFRLEQIRKEQEEEREAIRLSLEQALPPEPKEENA	40	1141	1201	60
552	HUMAN00985	Q5T7R7	81	172	GRFQLQEEQRKKEAAHIKAIKDHSKDEPQLATKNIICDPSETSSTTNRSSVTLSLSTLPSDSYYSQSIEAADDWFSDDSLVKRNSPMPSLGE	91	90	188	98
553	HUMAN00986	Q9Y3C5	1	62	MGNCLKSPTSDDISLLHESQSDRASFGEGTEPDQEPPPPYQEQVPVPVYHPTPSQTRLATQL	61	0	73	73
556	HUMAN01000	O95881	1	32	METRPRLGATCLLGFSFLLLVISSDGHNGLGK	31	28	98	70
557	HUMAN01001	Q96EK9	117	199	PQVAGANENPGRNVSVSWRPRAEEDGRAQAAGSSVLRELHTADSVVNGSAQADVPKELEREESGAAESPALVTPDSEKSAKHG	82	382	547	165
558	HUMAN01002	Q96K17	122	158	RQVLDSKAPKPEDIDEEDDDVPDLVENFDEASKNEAN	36	459	550	91
559	HUMAN01002	Q96K17	1	34	MNQEKLAKLQAQVRIGGKGTARRKKKVVHRTATA	33	129	302	173
561	HUMAN01004	O95405	768	890	SASSQSPNPNNPAEYCSTIPPLQQAQASGALSSPPPTVMVPVGVLKHPGAEVAQPREQRRVWFADGILPNGEVADAAKLTMNGTSSAGTLAVSHDPVKPVTTSPLPAETDICLFSGSITQVGS	122	832	961	129
563	HUMAN01005	Q5T0F9	325	420	KGQPVDLSAMPPAPEDLKPQQASQAPTAPSVIPPAVERVQPVMAPDVPATPVAPTESQTVLDALQQRLNKYREAGIQARSGGDERKARMHERIAKQ	95	586	744	158
564	HUMAN01005	Q5T0F9	430	532	AGRKVNFAELPVPPGFPPIPGLESTMGVEEDAVAATLAAAEKLASAEDSAPADKDEDEPPGHLQGEPPAQAPVAKKPARPTVPSSQRLPEPRASSSKESPSPS	102	753	923	170
567	HUMAN01012	Q6UWV7	94	154	PHTKLDLGLSLQTAGPEEVSPDCQGVNTGMAAEVPKVSPLQQSYSCLNPQLESNEGQAVNS	60	127	194	67
568	HUMAN01028	Q14114	1	43	MGLPEPGPLRLLALLLLLLLLLLLQLQHLAAAAADPLLGGQGP	42	13	218	205
569	HUMAN01028	Q14114	739	819	QSTSTTTLASTMTRTVPATTRAPGTTVHRSTYQNHSTETPSLTAAVPSSVSVPRAPSISPSTLSPATSNHSQHYANEDSKM	80	1481	1672	191
570	HUMAN01032	Q9BTX1	389	456	TNGRVSSSYPVEPKKLNSPEETAFQTPKSSQMPRPSVPPLVKTSLFSSKLSTPDVVSPFGTPFGSSVM	67	779	909	130
571	HUMAN01032	Q9BTX1	465	508	VNTCYGSPQSPQLIRRGPRLWTSASDQQMTEFSNPSPSTSISAE	43	921	1001	80
573	HUMAN01037	Q9Y546	371	413	PDCHGPVLKHEAISSQESKKSKKRPFEESETEQNNSSQPSKQK	42	523	578	55
574	HUMAN01040	Q9BXS4	190	265	PHLEQEPTNLRESSLSKMSYLQMRNSQAHRNFLEDGESDGFLRCLSLNSGWILTTTLVLSVMVLLWICCATVATAV	75	245	378	133
576	HUMAN01053	Q8WXI4	1	40	MIQNVGNHLRRGLASVFSNRTSRKSALRAGNDSAMADGEG	39	1	108	107
577	HUMAN01054	Q8WW52	1	36	MVCREQLSKNQVKWVFAGITCVSVVVIAAIVLAITL	35	63	123	60
578	HUMAN01057	Q7L3T8	1	35	MEGLLTRCRALPALATCSRQLSGYVPCRFHHCAPR	34	60	243	183
579	HUMAN01062	Q8N0U2	116	210	SEKESCRTPKVVDIPTYEEAVSFPVAEGPPTPPAYPTEEALEPSGSRDALLSTQPAWPPPSYESISLALDAVSAETTPSATRSCSGLVQTARGGS	94	192	361	169
581	HUMAN01064	Q8NBP7	1	61	MGTVSSRRSWWPLPLLLLLLLLLGPAGARAQEDEDGDYEELVLALRSEEDGLAEAPEHGTT	60	119	247	128
582	HUMAN01065	Q9UPU5	1262	1317	KDGIEALSSRPFRNVSRQTSRQMSLCGTPEKSSYRQLSVSDRSSIRVEEIIPAARV	55	1946	2059	113
583	HUMAN01065	Q9UPU5	2045	2101	QNSPVLPKKSRVSVVRQEAEDLSLSAPSSPEISPQSSPRPHRPNNDRLSILTKLVKK	56	3078	3175	97
584	HUMAN01065	Q9UPU5	2576	2620	KEQSGSSNGSESSPANENGDRHLQQGSESPMMIGELRSDLDDVDP	44	3890	3972	82
585	HUMAN01065	Q9UPU5	48	118	LDYGGYEPMDSGGGPSPGPGGGPRGDGGGDGGGGGPSRGGSTGGGGGFDPPPAYHEVVDAEKNDENGNCSG	70	198	344	146
586	HUMAN01068	O14495	1	32	MQNYKYDKAIVPESKNGGSPALNNNPRRSGSK	31	0	49	49
587	HUMAN01068	O14495	280	311	TKTTLSLPAPAIRKEILSPVDIIDRNNHHNMM	31	420	488	68
589	HUMAN01069	P54646	475	533	EVVEQRSGSSTPQRSCSAAGLHRPRSSFDSTTAESHSLSGSLTGSLTGSTLSSVSPRLG	58	1539	1690	151
591	HUMAN01071	P07357	1	32	MFAVVFFILSLMTCQPGVTAQEKVNQRVRRAA	31	33	84	51
593	HUMAN01076	Q5VVJ2	1	33	MAAEEADVDIEGDVVAAAGAQPGSGENTASVLQ	32	85	147	62
594	HUMAN01076	Q5VVJ2	468	504	YNRPQTVDKVRIRDRKDAVEAYQLAQRLQSMRTRRRR	36	726	765	39
595	HUMAN01076	Q5VVJ2	515	554	AKDLEGQTFEHLSAEELAKRREEEKGRPVKSLKVPRPTKS	39	775	820	45
597	HUMAN01079	Q9UJC3	194	257	KEELRQRCEELDMQVTTLQDEKNSLVSENEMMNEKLDQLDGSFDDPNTVVAKKYFHAQLQLEQL	63	300	375	75
598	HUMAN01079	Q9UJC3	381	571	LHVKLSSESKRADTLAFEMKRLEEKHEALLKEKERLIEQRDTLKETNEELRCSQVQQDHLNQTDASATKSYENLAAEIMPVEYREVFIRLQHENKMLRLQQEGSENERIEELQEQLEQKHRKMNELETEQRLSKERIRELQQQIEDLQKSLQEQGSKSEGESSSKLKQKLEAHMEKLTEVHEELQKKQELI	190	506	751	245
599	HUMAN01079	Q9UJC3	642	728	ERRIEILESECKVAKFRDYEEKLIVSAWYNKSLAFQKLGMESRLVSGGGACSDTGACTPARSFLAQQRHITNTRRNLSVKVPATTSD	86	843	937	94
600	HUMAN01081	Q8N0U7	267	299	PQQNKAAADLRKTESHGTHSQSTPPQHSSSQPE	32	291	328	37
601	HUMAN01081	Q8N0U7	37	172	KENDSLKTETQTMHQKPMTDNARQMSRDTPVPINFTDQQTTDNPDDVKEKKHPENNQKSENNQKLLTGANSSRFLDGNIPSQANVHCSSVPTGDQSLSYVHGIPRRKLRDWSLEQMVRGSSDQPEDIGQSPSGTTN	135	40	195	155
602	HUMAN01081	Q8N0U7	391	467	LLSDLPTGKNEKKAPAPPMEPEVPEMSQSKTEHMKTPEEELQPESSPAETSACKDPLKPLKIRPVSQPFVNPAVKNK	76	424	510	86
603	HUMAN01087	Q8NI35	1008	1057	RREQEDLPLYQHQATRVISKASAYTGMLSSRYATDTCELPEREEGEGEET	49	1604	1702	98
604	HUMAN01087	Q8NI35	1164	1219	RVIPNVHNKANKITGNQNQDTQEKKEKRQGTAPPPMKLPPPYKALTDDSDENEEED	55	1813	1932	119
606	HUMAN01087	Q8NI35	1622	1670	ARTTSQNSQGSQQSAHSSCHPSFAPVITGLQNLVGTKRVSDPSQKNSGT	48	2587	2663	76
607	HUMAN01087	Q8NI35	1765	1801	SAIAAQLENMSTGYHLGSPTAEHHPEDTEEQLQMTAD	36	2758	2802	44
608	HUMAN01087	Q8NI35	455	515	SSSTSPLEPPSDRGTVVEPLKPPALFLTGAVETETNVDGEDEEIKERIDTLKNDNIQALEK	60	537	628	91
609	HUMAN01087	Q8NI35	641	675	DDEASVDEPRRTETSLPETEVDHNMDVNTEEDDDG	34	785	946	161
610	HUMAN01087	Q8NI35	777	807	NEEESCYILHSSSNEDKTEFSGTIHDINSSL	30	1050	1131	81
611	HUMAN01087	Q8NI35	836	985	SFHSQQKEIEQSKEAWEMHEFLTPRLQEMDEEREILVDEEYELYQDPSPSMELYPLSHIQEATPVPSVNELHFGTQWLHDNEPSESQEARTGRTVYSQEAQPYGYCPENVMKENFVMESLPSVPSTEGNSQQGRFDDLENLNSLAKTSLD	149	1374	1565	191
612	HUMAN01089	Q5T7N2	1	211	MSDVSTSVQSKFARLAKKKENITYMKREQLTETDKDIAPVLDLKCKDVSAIMNKFKVLMEIQDLMFEEMRETLKNDLKAVLGGKATIPEVKNSENSSSRTEFQQIINLALQKTGMVGKIEGENSKIGDDNENLTFKLEVNELSGKLDNTNEYNSNDGKKLPQGESRSYEVMGSMEETLCNIDDRDGNRNVHLEFTERESRKDGEDEFVKEM	210	0	222	222
614	HUMAN01090	Q5T7N3	1	38	MEKTDAKDQSSQGDEEKDPPKSHPYSVETPYGFHLDLD	37	43	86	43
616	HUMAN01091	O94782	112	144	LFNIISRKKEALKDEANQKDKGNCKEDSLASYE	32	405	446	41
619	HUMAN01091	O94782	624	732	PEPLNEEEARGVVENYNDEEVSIRVGGNTQPSKVLNKKNVEAIGLLGGQKSKADYELYNKASNPDKVASTAFAENRNSETSDTTGTHESDRNKESSDQTGINISGFENK	108	1089	1267	178
620	HUMAN01092	Q96N67	1274	1318	TDDYESESGSMISQTVAMAIAGTSVPQLTRPGSFLLTSTSGRQHT	44	4162	4244	82
622	HUMAN01092	Q96N67	165	197	DGNSYQDDQDDLKRRSMSIDDTPRGSWACSIFD	32	1210	1414	204
623	HUMAN01092	Q96N67	1	47	MAERRAFAQKISRTVAAEVRKQISGQYSGSPQLLKNLNIVGNISHHT	46	665	882	217
624	HUMAN01092	Q96N67	414	455	SLERDSTEVEISTGERKGSWSERRNSSIVGRRSLERTTSGDD	41	1769	1937	168
625	HUMAN01092	Q96N67	860	909	PNSSSPGPGGLGGSVHYATMARSAVRPASLNLNRSRSLSNSNPDISGTPT	49	3335	3399	64
626	HUMAN01092	Q96N67	939	971	APWGSNPSPSAESTQAMDRSCNRMSSHTETSSF	32	3442	3504	62
627	HUMAN01095	Q9Y5C1	186	239	YKQLNQQHSQIKEIENQLRRTSIQEPTEISLSSKPRAPRTTPFLQLNEIRNVKH	53	225	286	61
628	HUMAN01095	Q9Y5C1	1	85	MFTIKLLLFIVPLVISSRIDQDNSSFDSLSPEPKSRFAMLDDVKILANGLLQLGHGLKDFVHKTKGQINDIFQKLNIFDQSFYDL	84	26	125	99
629	HUMAN01097	Q9UJU5	1	139	MTLSGGGSASDMSGQTVLTAEDVDIDVVGEGDDGLEEKDSDAGCDSPAGPPELRLDEADEVPPAAPHHGQPQPPHQQPLTLPKEAAGAGAGPGGDVGAPEADGCKGGVGGEEGGASGGGPGAGSGSAGGLAPSKPKNSL	138	0	160	160
630	HUMAN01097	Q9UJU5	283	478	AGAYSHPAAAAAAAAAAALQYPYALPPVAPVLPPAVPLLPSGELGRKAAAFGSQLGPGLQLQLNSLGAAAAAAGTAGAAGTTASLIKSEPSARPSFSIENIIGGGPAAPGGSAVGAGVAGGTGGSGGGSTAQSFLRPPGTVQSAALMATHQPLSLSRTTATIAPILSVPLSGQFLQPAASAAAAAAAAAQAKWPAQ	195	309	530	221
632	HUMAN01104	Q01973	1	44	MHRPRRRGTRPPLLALLAALLLAARGAAAQETELSVSAELVPTS	43	25	240	215
633	HUMAN01104	Q01973	428	464	CRNNQKSSSAPVQRQPKHVRGQNVEMSMLNAYKPKSK	36	1302	1506	204
635	HUMAN01105	Q5VVX9	239	297	MPHEVTHSMEEIKLCPTLIPTTDEIFLESPTAINSITDIYETEEEGWKSDTSLYENDTD	58	290	368	78
636	HUMAN01107	Q9HCJ3	1	48	MAAAAGDGGGEGGAGLGSAAGLGPGPGLRGQGPSAEAHEGAPDPMPAA	47	23	108	85
638	HUMAN01108	P23458	1	31	MQYLNIKEDCNAMAFCAKMRSSKKTEVNLEA	30	24	58	34
639	HUMAN01117	Q8N7M0	1	60	MMMSDNAKGRAAHSWKKRGSISSLSNHEFWRKEIHGRIKDSMSTVSYMEEPSQRDDISRL	59	12	101	89
640	HUMAN01118	Q9Y5Q6	50	114	QEGIPQAQQAETGNSFQLPHKREFSEENPAQNLPKVDASGEDRLWGGQMPTEELWKSKKHSVMSR	64	81	165	84
641	HUMAN01119	Q5VTH9	165	217	NTINPSTLGQFTRSVLGSSTVSKSSVSASESIAEDLEEPSYKRERLTSFTDLQ	52	220	334	114
642	HUMAN01119	Q5VTH9	1	109	MTPGKHSGASARAANGGAWGYRDFRGGQKKGWCTTPQLVATMPVSPAGSHKQQNFGLNNATQPKKSISFFATMKATSVKGYTGANQSRMAVSKTVLIPPELKTVEKPNP	108	0	160	160
643	HUMAN01119	Q5VTH9	333	387	SLSVKQSVVESSSKANVLPKDQDQRLPGSTTEKNSETSSLMDIENVILAKIHEDE	54	517	634	117
644	HUMAN01119	Q5VTH9	430	465	KEPEPEEPEDVLESAKHEEVEEESKKEEEEEIHAEE	35	689	757	68
645	HUMAN01126	Q9NTN3	1	35	MAEVHRRQHARVKGEAPAKSSTLRDEEELGMASAE	34	82	264	182
646	HUMAN01131	Q99665	673	825	TCAKKYPIAEEKTQLPLDRLLIDWPTPEDPEPLVISEVLHQVTPVFRHPPCSNWPQREKGIQGHQASEKDMMHSASSPPPPRALQAESRQLVDLYKVLESRGSDPKPENPACPWTVLPAGDLPTHDGYLPSNIDDLPSHEAPLADSLEELEPQ	152	819	1004	185
649	HUMAN01139	Q5TB30	93	179	GSENVDDNNQLFRFPATSPLKTLPRRYPELRKNNIENFSKDKDSIFKLRNLSRRTPKRHGLHLSQENGEKIKHEIINEDQENAIDNR	86	194	393	199
650	HUMAN01147	Q8N6S4	1	109	MTGEKIRSLRRDHKPSKEEGDLLEPGDEEAAAALGGTFTRSRIGKGGKACHKIFSNHHHRLQLKAAPASSNPPGAPALPLHNSSVTANSQSPALLAGTNPVAVVADGGS	108	28	240	212
651	HUMAN01148	Q9XRX5	74	114	GMKAKQLKAEAGRSCQRKGVPIQTPREHSWISCKKEFEANP	40	74	115	41
652	HUMAN01154	P43115	1	51	MKETRGYGGDAPFCTRLNHSYTGMWAPERSAEARGNLTRPPGSGEDCGSVS	50	13	80	67
653	HUMAN01157	Q7Z3B1	1	36	MDMMLLVQGACCSNQWLAAVLLSLCCLLPSCLPAGQ	35	11	82	71
654	HUMAN01158	A6PVS8	233	414	KNLSPVFFHKKKQQEKIIRGYEAKWIYITKGYEDKLLKDLFFKPETNIKGKLAYWKHNIYYPVDLKNSSEHRKHVSSILCELKPKDLGMKSKTSRHLIQKGQESEDEIVDEKLDTSFRISVFKLPIYTSGSLKNNAVLREKKQHFFPAYPQPIYTTHPKPIIKKDIRLERSMKEFFAPQRAG	181	234	423	189
655	HUMAN01166	A6NM62	236	305	SAHTLRNAKDLNCQPSTAAVAAAQSVLRLSETNCDSKAPNFTLVLKDRSPLLPGPDVALLTVLGFAGAVG	69	270	340	70
659	HUMAN01170	Q6IPR3	199	258	ETMTNLHPKIKEKNNSSYIHKKKRNPEKTRAQCITKESDEELENDDDDDLGINVTIFPED	59	345	433	88
660	HUMAN01171	Q68G74	1	67	MQILSRCQGLMSEECGRTTALAAGRTRKGAGEEGLVSPEGAGDEDSCSSSAPLSPSSSPRSMASGSG	66	42	164	122
661	HUMAN01171	Q68G74	278	356	ARHKKHVSPNHSSSTPVTAVPPSRLSPPMLEEMAYSAYVPQDGTMLTALHSYMDAHSPTTLGLQPLLPHSMTQLPISHT	78	454	611	157
663	HUMAN01178	Q8NDV1	1	36	MACILKRKSVIAVSFIAAFLFLLVVRLVNEVNFPLL	35	16	123	107
664	HUMAN01179	Q9BVH7	1	73	MKTLMRHGLAVCLALTTMCTSLLLVYSSLGGQKERPPQQQQQQQQQQQQASATGSSQPAAESSTQQRPGVPAG	72	17	167	150
665	HUMAN01180	Q92643	1	30	MAVTDSLSRAATVLATVLLLSFGSVAASHI	29	26	186	160
666	HUMAN01181	Q9Y6K8	323	367	KEAAAGSSDLDPSMILDTGEIIDTGSDYEDQGDDQLNVFGEDTMG	44	429	571	142
667	HUMAN01181	Q9Y6K8	73	121	GQSRRSFLRNVMPENSNFPYRRYDRLPPIHQFSIESDTDLSETAELIEE	48	111	181	70
669	HUMAN01182	Q8IYH5	573	649	SLGNFEREFKNRKRHTRRVKLVFDKVGLPARPKSPLDPKKDGESLSYSMLPLSDGPEGSSSRPQMIRGRLCDDTKPE	76	862	946	84
670	HUMAN01182	Q8IYH5	714	786	PGRTPNLYIYSKKSSTSRRQHPLNKHLFKPSTFMTSHEPPVYMDEDDDRSCFHSHMNTAVEDASDDESIPIMY	72	1010	1092	82
671	HUMAN01183	Q8TEY7	129	183	TQPSLPHVRQPHQIQENSVQDFKIPSNTTLKTPLVAVFDDLDIEADEEDELRARG	54	689	841	152
675	HUMAN01187	Q9UDY4	116	156	MGGGRDSEEMEIDGDPFSAFGFSMNGYPRDRNSVGPSRLKQ	40	484	650	166
676	HUMAN01188	Q8TF65	1	38	MPLKLRGKKKAKSKETAGLVEGEPTGAGGGSLSASRAP	37	6	60	54
677	HUMAN01189	P43088	326	359	HVISLHIWELSSIKNSLKVAAISESPVAEKSAST	33	348	384	36
678	HUMAN01195	O95490	421	454	TSTTSQKGPMSTTVAGSQEGSKGTKPPPAVSTTK	33	483	521	38
680	HUMAN01196	Q6ZT98	387	446	RNLAKQKAEAQRRLYGQNSIKRLLPGSSDWEQQRHQLERRKEELKERLAQVRKQISREEH	59	695	775	80
682	HUMAN01199	Q5VXD3	1	44	MANSLLEGVFAEVKEPCSLPMLSVDMENKENGSVGVKNSMENGR	43	67	118	51
683	HUMAN01202	Q9H9Y2	1	54	MAKAGDKSSSSGKKSLKRKAAAEELQEAAGAGDGATENGVQPPKAAAFPPGFSI	53	129	298	169
684	HUMAN01202	Q9H9Y2	79	128	LAAKKKLKKEREALGDKAPPKPVPKTIDNQRVYDETTVDPNDEEVAYDEA	49	369	506	137
685	HUMAN01206	Q9Y2D8	1	53	MGDWMTVTDPGLSSESKTISQYTSETKMSPSSLYSQQVLCSSIPLSKNVHSFF	52	12	91	79
686	HUMAN01206	Q9Y2D8	234	275	RADGKRGSWRTGKTEARNEDEMYKILLNDYEYRQKQILMENA	41	278	321	43
688	HUMAN01208	Q9UBY5	314	353	ENPERRPSRIPSTVLSRSDTGSQYIEDSISQGAVCNKSTS	39	436	510	74
689	HUMAN01209	Q8IZK6	1	34	MARQPYRFPQARIPERGSGVFRLTVRNAMAHRDS	33	8	126	118
691	HUMAN01211	Q8TDD5	1	30	MADPEVVVSSCSSHEEENRCNFNQQTSPSE	29	38	247	209
692	HUMAN01212	Q5VT97	1032	1082	LTVKKSTDNLFPEQKSSLNYLRQKKERPHMLNLSGTDSSGVLRPRQNRLDS	50	1530	1597	67
695	HUMAN01214	O95999	108	233	NIKLEHLKGLKCSSCEPFPDGATNNLSRSNSDESNFSEKLRASTVMYHPEGESSTTPFFSTNSSLNLPVLEVGRTENTIFSSTTLPRPGDPGAPPLPPDLQLEEEGTCANSSEMFLPLRSRTVSRQ	125	228	413	185
697	HUMAN01218	Q17RW2	1	35	MHLRAHRTRRGKVSPTAKTKSLLHFIVLCVAGVVV	34	1	48	47
699	HUMAN01220	Q9ULJ1	1	98	MEKAVNDGSHSEELFCHLKTISEKEDLPRCTSESHLSCLKQDILNEKTELEATLKEAELVTHSVELLLPLFKDTIEKINFENANLSALNLKISEQKEI	97	126	296	170
700	HUMAN01226	Q14CN2	870	919	ANPDDIDPTPTPTPTPTPDKSHNSGVNISTLVLSVIGSVVIVNFILSTTI	49	1065	1157	92
701	HUMAN01231	Q7LGA3	1	67	MGLLRIMMPPKLQLLAVVAFAVAMLFLENQIQKLEESRSKLERAIARHEVREIEQRHTMDGPRQDAT	66	59	275	216
702	HUMAN01234	Q16513	352	387	TSVALPGWSPSETRSSFMSRTSKSKSGSSRNLLKTD	35	883	942	59
704	HUMAN01236	Q6YP21	1	41	MFLAQRSLCSLSGRAKFLKTISSSKILGFSTSAKMSLKFTN	40	58	300	242
706	HUMAN01247	Q6P9F7	176	228	QSVRPLKLSKSKILLSSSGCSADIDSGKQSLPYPQPGLESAGIESPTSSVLDK	52	233	290	57
707	HUMAN01251	Q7L1W4	219	279	EDSEENKQRITGAQTLPKHVSTSSDEGSPSASTPMINKTGFKFSAEKPVIEVPSMTILDKK	60	327	405	78
708	HUMAN01251	Q7L1W4	61	136	PVNSKAHTPPGNAEVTTNIPKMEAATNQDQDGRTTNDISFGTSAVTPDIPLRATYPRTDFALPNQEAKKEKKDPTG	75	158	245	87
710	HUMAN01253	Q5BKZ1	426	457	KSPDHIKGKQAYKEQIKRESVLTATSILNNPI	31	579	611	32
711	HUMAN01253	Q5BKZ1	469	582	ENPFEIQDHSQDQQIEGDEEDEEKIDEPIEEEEDEDEEEEAEEVGEVEEVEEVEEVREGGIEGEGNIQGVGEGGEVGVVGEVEGVGEVEEVEELEEETAKEEPADFPVEQPEEN	113	623	833	210
713	HUMAN01255	Q9H582	1052	1198	GLSNHVRGHLKRLGKTKWDAHKSPICVLNEMMQNEEKYEKILKALNSRRIIPRPFVAQKLASSDDFISQNVIPLEAYRNGLKTEALSVSASEEEGLNFLNEYDETKPELPSGKKNQSLTLIELLKNKRMGEERNSAISPQKIHNQTA	146	1198	1370	172
718	HUMAN01257	O00311	470	532	SSTPKLTSDIQGHASHQPAISEKTDHKASCLVQTPPGQYSGNSFKKGDSNSCEHCFDEYNTNL	62	1181	1309	128
719	HUMAN01258	Q03167	757	851	HEAESKEKGPSMKEPNPISPPIFHGLDTLTVMGIAFAAFVIGALLTGALWYIYSHTGETAGRQQVPTSPPASENSSAAHSIGSTQSTPCSSSSTA	94	1166	1332	166
720	HUMAN01261	Q8IUS5	1	34	MARLRDCLPRLMLTLRSLLFWSLVYCYCGLCASI	33	53	124	71
721	HUMAN01262	P0DME0	1	48	MVWFLDFPNSMAPKRQSPLPLQKKKPRPPPALGLEETSASAGLPKKGE	47	63	187	124
722	HUMAN01262	P0DME0	249	302	DDEEGGEDDDDDDDDGDEGEEELEDIDEGDEDEGEEDEDDDEGEEGEEDEGEDD	53	474	687	213
724	HUMAN01266	Q8IXW5	1	41	MADFAGPSSAGRKAGAPRCSRKAAGTKQTSTLKQEDASKRK	40	189	302	113
725	HUMAN01266	Q8IXW5	393	442	SVCLKPEASLVKEELDEDDIISDPDSHFPAWRESQNSLDESLPFRGSGTA	49	937	1024	87
728	HUMAN01270	P46777	252	297	VYEKKPKKEVKKKRWNRPKMSLAQKKDRVAQKKASFLRAQERAAES	45	648	788	140
729	HUMAN01271	Q5T7M9	1	45	MARSLCPGAWLRKPYYLQARFSYVRMKYLFFSWLVVFVGSWIIYV	44	83	171	88
730	HUMAN01272	Q9Y483	1	41	MRDSTGAGNSLVHKRSPLRRNQKTPTSLTKLSLQDGHKAKK	40	261	342	81
732	HUMAN01278	O75815	1	114	MAAGKFASLPRNMPVNHQFPLASSMDLLSSRSPLAEHRPDAYQDVSIHGTLPRKKKGPPPIRSCDDFSHMGTLPHSKSPRQNSPVTQDGIQESPWQDRHGETFTFRDPHLLDPT	113	78	252	174
735	HUMAN01281	P78363	1165	1200	NIQSQRKGSEGTCSCSSKGFSTTCPAHVDDLTPEQV	35	2093	2179	86
736	HUMAN01281	P78363	1279	1340	DSDSGPLFAGGAQQKRENVNPRHPCLGPREKAGQTPQDSNVCSPGAPAAHPEGQPPPEPECP	61	2270	2473	203
737	HUMAN01282	Q52LW3	157	187	NDSLLRLPVSRETKSFENVSVESVDSSSEKG	30	266	298	32
738	HUMAN01282	Q52LW3	1	37	MIAHKQKKTKKKRAWASGQLSTDITTSEMGLKSLSSN	36	25	135	110
739	HUMAN01282	Q52LW3	345	374	SMFRAEEEHLSSSGGLAKNLNKQLEKKRRL	29	522	559	37
740	HUMAN01282	Q52LW3	472	601	STEEEKVDGNVNKHLNSSQPSGFGPANSLEDVVRLPDSSNKIEEDRCSNSADITGPSFIRSWTFGMFSDSESTGGSSESRSLDSESISPGDFHRKLPRTPSSGTMSSADDLDEREPPSPSETGPNSLGTF	129	686	896	210
743	HUMAN01288	Q96F25	1	32	MVCVLVLAAAAGAVAVFLILRIWVVLRSMDVT	31	77	173	96
744	HUMAN01293	Q9UKA9	1	54	MDGIVTEVAVGVKRGSDELLSGSVLSSPNSNMSSMVVTANGNDSKKFKGEDKMD	53	69	194	125
745	HUMAN01297	Q32ZL2	276	321	GRQAENEHIHMDNLAQMPMISIPRVESPLEKVTSVQNHITAFAEVT	45	343	433	90
746	HUMAN01298	Q7Z2D5	1	64	MQRAGSSGGRGECDISGAGRLGLEEAARLSCAVHTSPGGGRRPGQAAGMSAKERPKGKVIKDSV	63	57	158	101
748	HUMAN01298	Q7Z2D5	639	763	TEGEGSGSWKWKAPEKGSLRQTYELNDLNRDSESCESLKDSFGSGDRKRSNIDSNEHHHHGITTIRVTPVEGSEIGSETLSISSSRDSTLRRKGNIILIPERSNSPENTRNIFYKGTSPTRAYKD	124	871	1066	195
749	HUMAN01305	Q96MC6	1	34	MTQGKKKKRAANRSIMLAKKIIIKDGGTPQGIGS	33	54	280	226
750	HUMAN01305	Q96MC6	450	490	EHTNLSLRSSSWRKHCGSHSHPHNTQAPGEAKEPLLQDTNV	40	1053	1126	73
752	HUMAN01307	Q9NUP7	289	319	ERNEEPLAKRIKNDKTEKEIYTLAKEGNEKN	30	1112	1148	36
753	HUMAN01307	Q9NUP7	376	413	RKTSLETSNSTTKRQDNQNDDSEEHDDGGYRITDDGAD	37	1267	1380	113
754	HUMAN01309	P11182	213	250	TGAILPPSPKVEIMPPPPKPKDMTVPILVSKPPVFTGK	37	1677	1841	164
755	HUMAN01312	Q9GZN0	225	285	RVSVLNFHLLHQLPGCAAAAAAFPGAQHAPGPGGAAHPAQAQPLPPALHPRRAQRRLSGLS	60	249	313	64
756	HUMAN01314	Q9UBQ6	2	60	RCCHICKLPGRVMGIRVLRLSLVVILVLLLVAGALTALLPSVKEDKMLMLRREIKSQGK	58	138	276	138
758	HUMAN01317	P21453	333	382	SGDSAGKFKRPIIAGMEFSRSKSDNSSHPQKDEGDNPETIMSSGNVNSSS	49	390	506	116
759	HUMAN01318	Q96PB7	153	184	LLPLIPVLEQYKTDAKLITQFKEEIRNLSAVL	31	212	244	32
760	HUMAN01321	Q96LT9	103	134	QDRVHSPCPTSGSEKKKRSDDPVEDDKEKKEL	31	276	344	68
762	HUMAN01327	Q96LA8	1	41	MSQPKKRKLESGGGGEGGEGTEEEDGAEREAALERPRRTKR	40	54	178	124
763	HUMAN01329	Q9UKW4	150	192	ETLVEDEEDLYDCVYGEDEGGEVYEDLMKAEEAHQPKCPENDI	42	230	287	57
765	HUMAN01337	Q5VTL8	1	43	MANNSPALTGNSQPQHQAAAAAAQQQQQCGGGGATKPAVSGKQ	42	17	235	218
768	HUMAN01342	P81274	638	684	SQGKRMDEQRVLLQRDQNRDTDFGLKDFLQNNALLEFKNSGKKSADH	46	976	1081	105
769	HUMAN01344	Q96S66	28	91	DMLNYDAASGTMRKSQAKYGISGEKDVSPDLSCADEISECYHKLDSLTYKIDECEKKKREDYES	63	67	180	113
771	HUMAN01349	Q5T5A4	1	41	MPPTRDPFQQPTLDNDDSYLGELRASKKLPYKNPTHLAQQQ	40	3	57	54
772	HUMAN01351	Q6UXG2	949	1013	TLKDCDLPAADSCAIMEGEDVEDDLIFTSKKSLFGKIKSFTSKRTPDGFDSVPLKTSSGGLDMDL	64	1574	1801	227
775	HUMAN01357	Q99523	1	95	MERPWGAADGLSRWPHGLGLLLLLQLLPPSTLSQDRLDAPPPPAAPLPRWSGPIGVSWGLRAAAAGGAFPRGGRWRRSAPGEDEECGRVRDFVAK	94	125	336	211
776	HUMAN01357	Q99523	800	831	EANGVDGVDALDTASHTNKSGYHDDSDEDLLE	31	1541	1791	250
777	HUMAN01360	Q5VXT5	241	272	GQGQGQDQDQDQDQGQGPSQESAAEQGAVEKQ	31	308	390	82
778	HUMAN01366	Q86WK6	403	437	VEKPSSHQGDSLSSSMLSTTPNHDPMAGGDKDDGF	34	595	632	37
779	HUMAN01366	Q86WK6	448	485	GPGQGQNGKLKPGNTLPVPEATGKGQRRMSDPESVSSV	37	642	691	49
780	HUMAN01367	Q9BZJ8	1	40	MESSPIPQSSGNSSTLGRVPQTPGPSTASGVPEVGLRDVA	39	17	72	55
781	HUMAN01367	Q9BZJ8	246	282	PTWMETPRQRSESLSSRSTMVTSSGAPQTTPHRTFGG	36	323	375	52
782	HUMAN01367	Q9BZJ8	364	451	PEEELRLPSREGSIEENFLQFLQGTGCPSESWVSRPLPSPKQEPPAVDFRIPGQIAEETSEFLEQQLTSDIIMSDSYLRPAASPRLES	87	459	591	132
785	HUMAN01386	O43865	1	102	MSMPDAMPLPGVGEELKQAKEIEDAEKYSFMATVTKAPKKQIQFADDMQEFTKFPTKTGRRSLSRSISQSSTDSYSSAASYTDSSDDEVSPREKQQTNSKGS	101	32	246	214
788	HUMAN01389	Q8N7F7	141	174	EPHVEPAGERELEAKARPQSSCDMEEKEEAAADQ	33	147	200	53
789	HUMAN01390	Q9H1V8	1	60	MPKNSKVTQREHSSEHVTESVADLLALEEPVDYKQSVLNVAGEAGGKQKAVEEELDAEDR	59	2	68	66
790	HUMAN01390	Q9H1V8	646	711	DGSNTLSVSYKKGRMMKDISNLEENDETRFILSKVPSEAPSPMPTHRSYLGPGSTSPLETSGNPNG	65	692	760	68
791	HUMAN01391	Q03721	164	201	PDGGGSGAGPSDEAGDDERELALQRLGPHEGGAGHGAG	37	214	274	60
792	HUMAN01391	Q03721	1	33	MISSVCVSSYRGRKSGNKPPSKTCLKEEMAKGE	32	0	41	41
795	HUMAN01393	Q96T37	256	369	RSRSPLDKDTYPPSASVVGASVGGHRHPPGGGGGQRSLSPGGAALGYRDYRLQQLALGRLPPPPPPPLPRDLERERDYPFYERVRPAYSLEPRVGAGAGAAPFREVDEISPEDD	113	557	767	210
797	HUMAN01394	O15374	201	281	KSENNSGIKDKGSSLSAHGPEAHATETHCHETEESTIKDSTTQKAGLPSKNLTVSQNQSEEFYNGPNRNRLLLKSDEESDK	80	258	407	149
798	HUMAN01398	Q16322	1	78	MDVCGWKEMEVALVNFDNSDEIQEEPGYATDFDSTSPKGRPGGSSFSNGKILISESTNHETAFSKLPGDYADPPGPEP	77	3	161	158
799	HUMAN01398	Q16322	469	511	ENEEKQNIPGEIERILNSVGSRMGSTDSLNKTNGGCSTEKSRK	42	570	649	79
800	HUMAN01399	P16389	420	499	ETEGEEQAQYLQVTSCPKIPSSPDLKKSRSASTISKSDYMEIQEGVNNSNEDFREENLKTANCTLANTNYVNITKMLTDV	79	678	887	209
801	HUMAN01401	P22001	1	100	MDERLSLLRSPPPPSARHRAHPPQRPASSGGAHTLVNHGYAEPAAGRELPPDMTVVPGDHLLEPEVADGGGAPPQGGCGGGGCDRYEPLPPSLPAAGEQD	99	96	293	197
802	HUMAN01401	P22001	490	575	ETEGEEQSQYMHVGSCQHLSSSAEELRKARSNSTLSKSEYMVIEEGGMNHSAFPQTPFKTGNSTATCTTNNNPNSCVNIKKIFTDV	85	728	917	189
803	HUMAN01403	Q5T3J3	237	350	TVKNVVTKNFQNIYPKPVTEIAKPVILNTTQIPKNVATETQLKGGQHSQAAPVKWIFQDNLQPFTPSLVPVKSSNNVASKILKTFVDRKNLGDNTINMPPLSTIDPSGTRSKNM	113	369	498	129
805	HUMAN01403	Q5T3J3	590	728	HLTSGEGFDSFSSLVKSGTYKETEFMVKEGERKQQNFDKKRKAKTNKKMDHIKKRKTENAYNAIINGEANVTGSQLLSSILPTSDVSQHNILTSHSKTRQEKRTEMEYYTHEKQEKGTLNSNAAYEQSHFFNKNYTEDI	138	782	957	175
806	HUMAN01403	Q5T3J3	61	157	SSVMSDALKGNTGKPVQVTFQTQISSSSTSASVQLPIFQPASSSNYFLTRTVDTSEKGRVTSVGTGNFSSSVSKVQSHGVKIDGLTMQTFAVPPSTQ	96	184	289	105
807	HUMAN01406	Q9H6A0	1	46	MEGQVVGRVFRLFQRRLLQLRAGPPQDNSGEALKEPERAQEHSLPN	45	18	193	175
808	HUMAN01408	Q9BZP6	390	427	QSASCTAPAQPIEPITAAPSGSGNGSGSSSSGGSSGGS	37	940	1043	103
809	HUMAN01410	Q8TCI5	1	32	MCFSRADAADNYPFGTCQQRKLFPHFHPPNLI	31	31	96	65
810	HUMAN01410	Q8TCI5	75	108	ARTAVRFKPIQKEMTPHAGRYQKVSPQQEKHKQN	33	172	212	40
811	HUMAN01411	Q12889	386	441	EFSSTSLPQFWLSSAVNSSSTDPERLAVTTAWTTDSKILPPGGEAGVTEIHGKCEN	55	487	550	63
812	HUMAN01411	Q12889	456	596	ETVSLGKHTVALGEKTEITGAMTMTSVGHQSMTPGEKALTPVGHQSVTTGQKTLTSVGYQSVTPGEKTLTPVGHQSVTPVSHQSVSPGGTTMTPVHFQTETLRQNTVAPRRKAVAREKVTVPSRNISVTPEGQTMPLRGEN	140	565	808	243
813	HUMAN01413	P24539	1	52	MLSRVVLSAAATAAPSLKNAAFLGPGVLQATRTFHTGQPHLVPVPPLPEYGG	51	14	175	161
814	HUMAN01414	Q8NEQ5	1	105	MGGNGSTCKPDTERQGTLSTAAPTTSPAPCLSNHHNKKHLILAFCAGVLLTLLLIAFIFLIIKSYRKYRRERLPISPGPLLRWVPLLSGTMADHSKPQAPDPHSD	104	0	126	126
816	HUMAN01421	Q9UHI6	1	51	MAAAFEASGALAAVATAMPAEHVAVQVPAPEPTPGPVRILRTAQDLSSPRT	50	2	64	62
817	HUMAN01421	Q9UHI6	443	570	GLMEECVDWDVEVKAAVHTYGIASVPNQPLKKQIQKIERTLQIQKAHGDHMASSRNNSVSGLSVKSKNNTKQKLPVKSHSECGIIEKATSPKELGCDRQSEEQMKNSVQTPVENSTNSQHQVKEALPV	127	520	660	140
818	HUMAN01421	Q9UHI6	620	768	GDQTVNPQNGFVRNKVIEQRVPVLASSSQSGDSESDSDSYSSRTSSQSKGNKSYLEGSSDNQLKDSESTPVDDRISLEQPPNGSDTPNPEKYQESPGIQMKTRLKEGASQRAKQSRRNLPRRSSFRLQTEAQEDDWYDCHREIRLSFSD	148	710	873	163
819	HUMAN01422	Q9UK17	1	36	MAAGVAAWLPFARAAAIGWMPVANCPMPLAPADKNK	35	0	36	36
822	HUMAN01426	Q8TDW4	124	154	GGTESSISEPGSPSRNRENETSRQNLSECKV	30	257	324	67
823	HUMAN01433	Q5JR12	1	84	MLNRVRSAVAHLVSSGGAPPPRPKSPDLPNAASAPPAAAPEAPRSPPAKAGSGSATPAKAVEARASFSRPTFLQLSPGGLRRAD	83	110	251	141
824	HUMAN01436	P53985	201	242	KPTKAGKDKSKASLEKAGKSGVKKDLHDANTDLIGRHPKQEK	41	441	615	174
825	HUMAN01436	P53985	446	500	RLLAKEQKANEQKKESKEEETSIDVAGKPNEVTKAAESPDQKDTDGGPKEEESPV	54	913	1018	105
827	HUMAN01438	Q5TCQ9	202	289	PDPVDQVLFDNEFDAESQRKRTTSVSKMERMDSSLPEEEEDEDKEAINGSGNAENRERHSESSDWMKTVPSYNQTNSSMDFRNYMMRD	87	375	487	112
828	HUMAN01438	Q5TCQ9	539	571	EQNGKSGHTLTGDGLNGPSDASEQRVSMASSGS	32	858	915	57
829	HUMAN01438	Q5TCQ9	659	711	SPTKTAKMKTDKKENAGSLEAINEPIPQPMPFPPSIIRSGSPKLDPSEVYLKS	52	1036	1238	202
830	HUMAN01438	Q5TCQ9	815	847	KQPEDDSSQAFISTQNGSPRLNRAEVPARPAPQ	32	1448	1554	106
831	HUMAN01438	Q5TCQ9	941	1002	HGPPSGTNSARQSPALQHRPMGQSQANHIPGDRSALEGEIGKDVSTSYRHSWSDHKHLAQPD	61	1675	1813	138
833	HUMAN01440	Q5VWQ0	1	52	MFISGRRTADKWRAEERLQCPAGSARAALARCADGGAVGPFKCVFVGEMAAQ	51	0	70	70
835	HUMAN01440	Q5VWQ0	708	802	VEATQNTESNSNMDCGLTGKRELEVDSQCVRIKTESEEACTEIQLLTTASSSFPPASELNLQQDQKTQPIPVLKVESRLDSDQQHNLQEHSTTSV	94	867	984	117
837	HUMAN01446	Q9H816	309	405	SLSPRISVPLIPDSVQQYMSSSSRKPSLLWLLERRLKRPRTQGVVFESPEESADQSQADRDSKKAKKEKLSPWPADLEKQPSHHPLRIKKQLFPDLY	96	312	432	120
838	HUMAN01446	Q9H816	439	490	DEEFISQKTREEIGLGSPLVPMGDDDGGPEATGNQSAWMGHGSPLSHSSKGT	51	477	581	104
839	HUMAN01447	Q86Z02	1120	1151	AAALGSTSSIAHLFSPQGSSRHAAAYTTHPST	31	1323	1373	50
840	HUMAN01447	Q86Z02	529	599	SNHVKSCFQNMEICKRRVHMYDTVSQIKSPFTTHVAPNTSTNLTMSFSNQLNTVHNQASVLASSSTAAAAT	70	630	709	79
842	HUMAN01447	Q86Z02	89	171	ADSSGSAATSTFQSSQTLTHRSNVSLLEPYQKCGLKRKSEEVDSNGSVQIIEEHPPLMLQNRTVVGAAATTTTVTTKSSSSSG	82	164	270	106
843	HUMAN01448	Q9NRN5	1	55	MGPSTPLLILFLLSWSGPLQGQQHHLVEYMERRLAALEERLAQCQDQSSRHAAEL	54	85	144	59
844	HUMAN01448	Q9NRN5	87	131	VDRLEREVDYLETQNPALPCVEFDEKVTGGPGTKGKGRRNEKYDM	44	175	220	45
845	HUMAN01449	Q5T7P8	141	227	IPAEVQMSVKEHIMRHTRLQRQTTEPASSTRHTSFKRHLPRQMHVSSVDYGNELPPAAEQPTSIGRIKPELYKQKSVDGEDAKSEAT	86	336	431	95
846	HUMAN01449	Q5T7P8	83	132	LCWMPWRNKEASSPSSANPPLEALQSPSFRGNMADKLKDPSTLGFLEAAV	49	219	328	109
847	HUMAN01451	Q9UPN9	1088	1127	PLPEFEQEEDDGEVTEDSDEDFIQPRRKRLKSDERPVHIK	39	2090	2178	88
851	HUMAN01454	P23109	10	47	SQSPHSLLSLLFYCAILESRISATMPLFKLPAEEKQID	37	98	230	132
852	HUMAN01454	P23109	62	143	VKDEGGRQEISPFDVDEICPISHHEMQAHIFHLETLSTSTEARRKKRFQGRKTVNLSIPLSETSSTKLSHIDEYISSSPTYQ	81	249	421	172
853	HUMAN01458	Q15431	1	134	MEKQKPFALFVPPRSSSSQVSAVKPQTLGGDSTFFKSFNKCTEDDFEFPFAKTNLSKNGENIDSDPALQKVNFLPVLEQVGNSDCHYQEGLKDSDLENSEGLSRVYSKLYKEAEKIKKWKVSTEAELRQKESKL	133	9	173	164
855	HUMAN01461	P01138	1	126	MSMLFYTLITAFLIGIQAEPHSESNVPAGHTIPQAHWTKLQHSLDTALRRARSAPAAAIAARVAGQTRNITVDPRLFKKRRLRSPRVLFSTQPPREAADTQDLDFEVGGAAPFNRTHRSKRSSSHP	125	161	308	147
857	HUMAN01464	Q02577	1	83	MMLSPDQAADSDHPSSAHSDPESLGGTDTKVLGSVSDLEPVEEAEGDGKGGSRAALYPHPQQLSREEKRRRRRATAKYRSAHA	82	0	114	114
858	HUMAN01465	Q8IZD6	500	547	SYRRLGEEALSLQALDPQQCVDKESSLGSESEEEEEFYDADEETQMIK	47	706	760	54
859	HUMAN01467	P05023	1	34	MGKGVGRDKYEPAAVSEQGDKKGKKGKKDRDMDE	33	256	434	178
860	HUMAN01470	P06729	236	351	KRKKQRSRRNDEELETRAHRVATEERGRKPHQIPASTPQNPATSQHPPPPPGHRSQAPSHRPPPPGHRVQHQPQKRPPAPSGTQVHQQKGPPLPRPRVQPKPPHGAAENSLSPSSN	115	348	538	190
861	HUMAN01473	Q9UNY4	457	526	LTLSPEQGTNEKSNSQVPQQSHFTKTTTGPPHLVPPQPLPRRGTQPVGSLELKSACQVTAGGSSQCYRGH	69	666	805	139
862	HUMAN01473	Q9UNY4	877	909	GNQSGRSPNNPFSRVALEFGSEEPRHSEAADSP	32	1235	1276	41
866	HUMAN01482	Q9UNX4	227	260	EDPEEPDPKKIKGSSPGIQDTLEAEDGAFETDEA	33	1209	1256	47
867	HUMAN01483	Q6Q759	1083	1115	KKEEKGDYYLEEEEEGDEEQSLETEVSDAKNKA	32	1723	1821	98
868	HUMAN01483	Q6Q759	1143	1219	APEDKDPDLETILNIPSALTPTVVPVIVTVPQSKAKGKIKGKEKPKESLKEEEHPKEEEKKEEEVEPEPVLQETLDV	76	1848	1997	149
869	HUMAN01483	Q6Q759	1318	1379	GLICPPSEMPATPHSGDLMDSISQQKSETIPSEITNTKKGKSHKSQSSMAHKGEIHDPPPEA	61	2211	2313	102
870	HUMAN01483	Q6Q759	144	208	RENEKKVIEDKPKLEKDKGKAKSPKEKKAPSAKPAKGKGKDQPEANAPVKKTTQLKRRGEDDHTN	64	248	337	89
872	HUMAN01483	Q6Q759	378	419	VNEKPVLEAMPTSEAPQPAVPAPGKKKAQYEEPQAPPPVTSV	41	536	612	76
873	HUMAN01483	Q6Q759	655	761	NTQEAKQKADIKIKDRTLFVDQNLSMSVQDNESNREPSDPSQCDANNMKHSDLNNLKLSVPDNRQLLEQESIMKAQPQHESLEQTTNNEIKDDAVTKADSHEKKPKK	106	968	1189	221
875	HUMAN01484	Q96SF7	1	106	MSERRRSAVALSSRAHAFSVEALIGSNKKRKLRDWEEKGLDLSMEALSPAGPLGDTEDAAAHGLEPHPDSEQSTGSDSEVLTERTSCSFSTHTDLASGAAGPVPAA	105	0	176	176
877	HUMAN01491	P54868	1	45	MQRLLTPVKRILQLTRAVQETSLTPARLLPVAHQRFSTASAVPLA	44	5	111	106
878	HUMAN01494	Q9UKF2	1	30	MRSVQIFLSQCRLLLLLVPTMLLKSLGEDV	29	11	47	36
879	HUMAN01494	Q9UKF2	680	790	GAIPSSIWVVSIIMFRLILLILSVVFVFFRQVIGNHLKPKQEKMPLSKAKTEQEESKTKTVQEESKTKTGQEESEAKTGQEESKAKTGQEESKANIESKRPKAKSVKKQKK	110	713	836	123
880	HUMAN01495	Q04721	1762	1794	EGPQPKKVKAEDEALLSEEDDPIDRRPWTQQHL	32	2548	2589	41
882	HUMAN01508	P0DJJ0	166	228	TYHMYNADSISAQSKLKEAEKQEEKQIGKSVKQEDRQTPCSPDSTANVRIEEKHVRRSSVKKI	62	165	229	64
883	HUMAN01508	P0DJJ0	406	459	DFDVSDCFQYSNSMESVKSTVSETFMSKPSIAKRRANQQETEQFYFTVRECYGF	53	406	460	54
884	HUMAN01514	P0DMP2	170	228	YNADSISAQSKLKEAEKQEEKQIGKSVKQEDRQTPRSPDSTANVRIEEKHVRRSSVKKI	58	172	231	59
886	HUMAN01521	Q5T2W1	472	519	SSLADPLDTPPDSKEGIVVESNHDSHMAKERAHSTASHSSSNSEDTEM	47	775	920	145
887	HUMAN01523	Q9Y4L5	273	304	NGEDSTRQSQSTEASASNRFSNDSQLHDRWTF	31	603	756	153
888	HUMAN01523	Q9Y4L5	80	138	HTMFFQDFRPFLSSSPLDQDNRANERGHQTHTDFWGARPPRLPLGRRYRSRGSSRPDRS	58	290	423	133
890	HUMAN01525	P0C025	297	328	PPPCKSAAYLDPGPAKEEWNMDPLPPNQGSGK	31	521	555	34
891	HUMAN01526	Q9Y6X2	409	620	KPKKEASEVCPPPGYGLDGLQYSPVQGGDPSENKKKVEVIDLTIESSSDEEDLPPTKKHCSVTSAAIPALPGSKGVLTSGHQPSSVLRSPAMGTLGGDFLSSLPLHEYPPAFPLGADIQGLDLFSFLQTESQHYGPSVITSLDEQDALGHFFQYRGTPSHFLGPLAPTLGSSHCSATPAPPPGRVSSIVAPGGALREGHGGPLPSGPSLTGC	211	523	772	249
892	HUMAN01526	Q9Y6X2	66	118	PRKTLGPSDLSLLSLPPGTSPVGSPGPLAPIPPTLLAPGTLLGPKREVDMHPP	52	130	216	86
893	HUMAN01528	Q8N283	740	789	HREAQQVLARLQEENQQLRGSLSPCREPGTSLKAPASPQVAALEQDLGKL	49	1076	1169	93
894	HUMAN01530	O96011	153	182	CSRRLKGSGGGVPGGSETGGLGGPGTPGGG	29	384	426	42
895	HUMAN01531	Q9Y5S9	1	65	MADVLDLHEAGGEDFAMDEDGDESIHKLKEKAKKRKGRGFGSEEGSRARMREDYDSVEQDGDEPG	64	65	189	124
896	HUMAN01532	Q8IVB5	1	74	METMRAQRLQPGVGTSGRGTLRALRPGVTGAAAATATPPAGPPPAPPPPAPPPPPLLLSGAPGLPLPPGAAGSP	73	8	166	158
899	HUMAN01536	Q6ZVN8	120	158	SRQGPTAPPPPRGPALPGAGSGLPAPDPCDYEGRFSRLH	38	176	221	45
900	HUMAN01542	O43741	167	196	KLDSMESSETSCRDLSSSPPGPYGQEMYAF	29	368	454	86
901	HUMAN01542	O43741	1	73	MGNTTSDRVSGERHGAKAARSEGAGGHAPGKEHKIMVGSTDDPSVFSLPDSKLPGDKEFVSWQQDLEDSVKPT	72	7	253	246
902	HUMAN01544	Q86WJ1	1	30	MERAGATSRGGQAPGFLLRLHTEGRAEAAR	29	0	93	93
903	HUMAN01544	Q86WJ1	682	713	YQSFCLPSEESEPEDLENGEESSAELDYQDPD	31	1161	1213	52
906	HUMAN01547	P36382	240	358	KPRQHMAKCQLSGPSVGIVQSCTPPPDFNQCLENGPGGKFFNPFSNNMASQQNTDNLVTEQVRGQEQTPGEGFIQVRYGQKPEVPNGVSPGHRLPHGYHSDKRRLSKASSKARSDDLSV	118	256	448	192
907	HUMAN01548	P48165	105	138	KRKSREAEELGQQAGTNGGPDQGSVKKSSGSKGT	33	104	149	45
909	HUMAN01567	P12314	320	374	KKKWDLEISLDSGHEKKVISSLQEDRHLEEELKCQEQKEEQLQEGVHRKEPQGAT	54	433	537	104
910	HUMAN01568	Q5QNW6	1	36	MPDPAKSAPAPKKGSKKAVTKVQKKDGKKRKRSRKE	35	103	182	79
911	HUMAN01576	Q16778	1	36	MPEPAKSAPAPKKGSKKAVTKAQKKDGKKRKRSRKE	35	13	139	126
912	HUMAN01580	Q7L0J3	1	145	MEEGFRDRAAFIRGAKDIAKEVKKHAAKKVVKGLDRVQDEYSRRSYSRFEEEDDDDDFPAPSDGYYRGEGTQDEEEGGASSDATEGHDEDDEIYEGEYQGIPRAESGGKGERMADGAPLAGVRGGLSDGEGPPGGRGEAQRRKER	144	7	187	180
914	HUMAN01582	A4FU01	1	39	MWWGGRGQSFNIAPQKEEPEMGSVQENRMPEPRSRQPSS	38	0	47	47
915	HUMAN01583	Q6GQQ9	437	587	SSDAQAPLAQPESPTASAGDEPRSTPESGDSDKESVGSSSTSNEGGRRKEKSKRDREKDKKRADSVANKLGSFGKTLGSKLKKNMGGLMHSKGSKPGGVGTGLGGSSGTETLEKKKKNSLKSWKGGKEEAAGDGPVSEKPPAESVGNGGSK	150	600	835	235
916	HUMAN01583	Q6GQQ9	49	98	AGNLPPSFSEGSGGSRTPEKGFSDREPTRPPRPILQRQDDIVQEKRLSRG	49	166	222	56
919	HUMAN01587	Q9BTT0	149	268	DQEDNEAPDSEEEDDEDGDEDDEEEEENEAGPPEGYEEEEEEEEEEDEDEDEDEDEAGSELGEGEEEVGLSYLMKEEIQDEEDDDDYVEEGEEEEEEEEGGLRGEKRKRDAEDDGEEEDD	119	251	432	181
920	HUMAN01592	Q8WWF1	66	107	LDKDITEAIETTISLETARADHPKPVTVKPVTTEPSPDLNDA	41	114	180	66
921	HUMAN01594	Q8N365	198	243	QKSSLGGGKHQLTKHFPSHHSDSAASSPASPMEKMDQTQLGHLALK	45	284	349	65
922	HUMAN01594	Q8N365	1	112	MDSPSSVSSYSSYSLSSSFPTSPVNSDFGFPSDSEREDKGAHGPRPDTVGQRGGSRPSPGPIRCRHRSKVSGNQHTPSHPKQRGSASPMAGSGAKRSRDGELETSLNTQGCT	111	82	199	117
923	HUMAN01594	Q8N365	300	385	VQPFTHSAPTTPVPPTTASPVIPGEPMKLSGEGPRCYSLPVTLPSDWSYTLSPPSLPTLARKMTIGHREQQRSHPPVAADAHLLNL	85	405	498	93
925	HUMAN01598	Q5VT52	147	276	TTFKTQKQLKENLNKQPNKQWKKSQTSTNPKAALKSKIVAEFRSQALIEELLLYKRSEDQIELKEKQLSTMRVDVCSTETLKCLKDKTGGKKFSKEFEEASSKLEEFVNGLDKQVKNGPSLTEALENAGI	129	187	319	132
927	HUMAN01602	Q07820	20	171	GLGAGSGGATRPGGRLLATEKEASARREIGGGEAGAVIGGSAGASPPSTLTPDSRRVARPPPIGAEVPDVTATPARLLFFAPTRRAAPLEEMEAPAADAIMSPEEELDGYEPEPLGKRPAVLPLLELVGESGNNTSTDGSLPSTPPPAEEEE	151	20	224	204
928	HUMAN01607	Q9H4A5	1	42	MTTLTHRARRTEISKNSEKKMESEEDSNWEKSPDNEDSGDSK	41	58	122	64
929	HUMAN01608	Q86X24	234	394	ENIDSTILSPKQIKTPFQKILRDKDVEDEQEHYTSDDLDIETKMEEQEKNPASSELEEPSLVCEEDEIMRSKESPDLSISHSQVEQLVNKTSELDMSESKTRSGKVFQNKMANGNQPVKSSKENRKRSQHESGRIVLHHFDSSSQESVPKRRKFSEPKEHI	160	283	515	232
930	HUMAN01613	P27540	1	99	MAATTANPEMTSDVPSLGPAIASGNSGPGIQGGGAIVQRAIKRRPGLDFDDDGEGNSKFLRCDDDQMSNDKERFARSDDEQSSADKERLARENHSEIER	98	114	255	141
932	HUMAN01615	A0A1B0GV90	1	55	MEDSSLSSGVDVDKGFAIAFVVLLFLFLIVMIFRCAKLVKNPYKASSTTTEPSLS	54	4	60	56
933	HUMAN01616	Q15047	108	189	RDSSSEDESSRPTEIIEIPDEDDDVLSIDSGDAGSRTPKDQKLREAMAALRKSAQDVQKFMDAVNKKSSSQDLHKGTLSQMS	81	341	512	171
936	HUMAN01618	Q96G23	334	380	KLVEDERSDREETESSEGEEAAAGGGAKSRPLANGHPILNNNHRKND	46	523	621	98
937	HUMAN01622	Q86TP1	369	407	PSGQPETADVSREQVDKELDRASNSLISGLSQDEEDPPL	38	856	956	100
938	HUMAN01623	Q7Z465	1	160	MGTIQEAGKKTDVGVREIAEAPELGAALRHGELELKEEWQDEEFPRLLPEEAGTSEDPEDPKGDSQAAAGTPSTLALCGQRPMRKRLSAPELRLSLTKGPGNDGASPTQSAPSSPDGSSDLEIDELETPSDSEQLDSGHEFEWEDELPRAEGLGTSETAE	159	1	218	217
939	HUMAN01624	Q9BUN1	155	192	PRSPGRSTEDLPGSQATLSQWSTPGSTPSRWPSPSPTA	37	200	248	48
940	HUMAN01624	Q9BUN1	18	137	PRAAGAQGLTQTPTEMQRVSLRFGGPMTRSYRSTARTGLPRKTRIILEDENDAMADADRLAGPAAAELLAATVSTGFSRSSAINEEDGSSEEGVVINAGKDSTSRELPSATPNTAGSSST	119	24	182	158
941	HUMAN01624	Q9BUN1	258	304	LREECPLDTSLCTDTNCASQSTTSTRTTTTPFPTIHLRSSPSLPPAS	46	315	386	71
942	HUMAN01625	Q9NRR8	44	79	SGEMGAGDGLAMTGAVQEQMRSKGNRDRPWSNSRGL	35	43	80	37
943	HUMAN01626	Q13015	21	66	ELDLSELEGLGLSDTATYKVKDSSVGKMIGQATAADQEKNPEGDGL	45	28	77	49
944	HUMAN01627	Q8TAK5	283	448	GNIQTSIPTGGIGQPFIVTVQDGQQVLTVPAGKVAEETVIKEEEEEKLPLTKKPRIGEKTNSVEESKEGNERELLQQQLQEANRRAQEYRHQLLKKEQEAEQYRLKLEAIARQQPNGVDFTMVEEVAEVDAVVVTEGELEERETKVTGSAGTTEPHTRVSMATVSS	165	355	592	237
946	HUMAN01632	Q96S90	1	35	MASPSRQPPPGGSGLLQGSRARSYGSLVQSACSPV	34	8	68	60
947	HUMAN01632	Q96S90	91	227	RDLFNGLDSEEEKDGEEKVHPSNSEVWPHSTERKKQETGAGRANGEVLPTPGQETPTPIHDLSASDFLKKLDSQISLSKKAAAQKLKKGENGVPGEDAGLHLSSPWMQQRAVLGPVPLTRTSRTRTLRDQEDEIFKL	136	123	314	191
948	HUMAN01633	Q9NZQ9	1	181	MSSYQKELEKYRDIDEDEILRTLSPEELEQLDCELQEMDPENMLLPAGLRQRDQTKKSPTGPLDREALLQYLEQQALEVKERDDLVPFTGEKKGKPYIQPKREIPAEEQITLEPELEEALAHATDAEMCDIAAILDMYTLMSNKQYYDALCSGEICNTEGISSVVQPDKYKPVPDEPPNPT	180	8	217	209
951	HUMAN01637	Q99755	335	380	AQREPLSSETQYSVDTRRPAPQKALYSTAMESIQGEARRGGTMETD	45	630	814	184
954	HUMAN01642	Q8N1G0	588	672	KGLVMQCSHLVMRPVALDQMVGQPDITPLLPVAVPPVSGPLALPALGKGEGAITSSAITTVAAEAPVLPLSTEPPAAPATSAYTC	84	993	1100	107
955	HUMAN01645	P48382	170	207	VSMPPLPGLDLKGSESPEMGPEVTPAPRDELVEAACAL	37	235	273	38
957	HUMAN01648	Q7Z3K3	1333	1410	DGNINSPTRNADMQEELIASLEEQLKLSGEHSESSTPRPRSSPEETIEPESLHQLFEGESETESFYGFEEADLDLMEI	77	2267	2506	239
959	HUMAN01648	Q7Z3K3	694	743	RGQPRTVPVSSNDTPPSALQEAAPLTSSMDPLPVFLYPPVQRSIQKRAVR	49	986	1048	62
961	HUMAN01651	Q9NNX1	340	370	MHDRMEHLIEKQISHGNFSTQARAKTENPGS	30	397	431	34
962	HUMAN01651	Q9NNX1	37	75	DELEHIAQKAGRKTYAMVSSHSAGHSLASELVESHDGHE	38	59	99	40
963	HUMAN01651	Q9NNX1	87	215	GDKMIHEKNINQLKSEVQYIQEARNCLQKLREDISSKLDRNLGDSLHRQEIQVVLEKPNGFSQSPTALYSSPPEVDTCINEDVESLRKTVQDLLAKLQEAKRQHQSDCVAFEVTLSRYQREAEQSNVAL	128	111	271	160
964	HUMAN01652	Q96L92	1	38	MADEDGEGIHPSAPHRNGGGGGGGGSGLHCAGNGGGGG	37	20	120	100
965	HUMAN01656	Q9BYD2	1	38	MAAPVVTAPGRALLRAGAGRLLRGGVQELLRPRHEGNA	37	12	147	135
967	HUMAN01667	Q5T1C6	1	45	MLRSCAARLRTLGALCLPPVGRRLPGSEPRPELRSFSSEEVILKD	44	9	77	68
974	HUMAN01679	Q5TCM9	1	116	MSCQQSQQQCQPPPKCTPKCPPKCTPKCPPKCPPKCPPQCSAPCPPPVSSCCGSSSGGCCSSEGGGCCLSHHRPRQSLRRRPQSSSCCGSGSGQQSGGSSCCHSSGGSGCCHSSGG	115	0	183	183
975	HUMAN01681	Q9UGL9	1	99	MSSQQSAVSAKGFSKGSSQGPAPCPAPAPTPAPASSSSCCGSGRGCCGDSGCCGSSSTSCCCFPRRRRRQRSSGCCCCGGGSQRSQRSNNRSSGCCSGC	98	32	211	179
976	HUMAN01682	Q5T5B0	1	92	MSCQQNQKQCQPPPKCPSPKCPPKNPVQCLPPASSGCAPSSGGCGPSSEGGCFLNHHRRHHRCRRQRSNSCDRGSGQQGGGSGCCHGSGGCC	91	0	106	106
977	HUMAN01683	Q9BYE3	1	92	MSCQQNQQQCQPPPKCPSPKCPPKSPVQCLPPASSGCAPSSGGCGPSSEGGCFLNHHRRHHRCRRQRPNSCDRGSGQQGGGSGCGHGSGGCC	91	19	155	136
978	HUMAN01684	Q5T5A8	1	94	MSCQQNQQQCQPPPSCPSPKCPPKSPAQCLPPPSSDCALSSGGCGPSSESGCCLSHHRHFRSHQCRRQRSNSCDRGSGQQGGGSCRGHGSGGCC	93	0	118	118
979	HUMAN01687	Q5TA82	1	108	MSCQQNQQQCQPPPKCPPKCTPKCPPKCPPKCPPQCPAPCSPAVSSCCGPSSGSCCGPSSGGCCSSGGGGCCLSHHRPRLFHRRRHQSPDCCESEPSGASGCCHSSGG	107	0	108	108
980	HUMAN01688	Q5TA81	1	108	MSCQQNQQQCQPPPKCPPKCTPKCPPKCPPKCPPQCPAPCFPAVSSCCGPSSGSCCGPSSGGCCSSGAGGCSLSHHRPRLFHRRRHQSPDCCESEPSGGSGCCHSSGG	107	0	134	134
981	HUMAN01689	O14633	1	109	MSCQQNQQQCQPPPKCPPKCTPKCPPKCPPKCLPQCPAPCSPAVSSCCGPISGGCCGPSSGGCCNSGAGGCCLSHHRPRLFHRRRHQSPDCCESEPSGGSGCCHSSGGC	108	0	114	114
982	HUMAN01690	Q5TA79	1	104	MSCQQNQQQCQPPPKCPPKCPPKCPPKCRPQCPAPCPPPVSSCCGPSSGGCCGSSSGGCCSSGGGGCCLSHHRPRLFHRHRHQSPDCCECEPSGGSGCCHSSGD	103	0	108	108
985	HUMAN01694	Q5T754	1	117	MSCQQSQQQCQPPPKCTPKCPPKCPTPKCPPKCPPKCPPVSSCCSVSSGGCCGSSSGGCCSSGGGGCCSSGGGGCCLSHHRRRRSHRHRPQSSDCCSQPSAGSSCCGGGSGQHSGGC	116	0	172	172
986	HUMAN01695	Q5T753	1	117	MSCQQSQQQCQPPPKCTPKCPPKCPTPKCPPKCPPKCPPVSSCCSVSSGGCCGSSSGGSCGSSSGGCCSSGGGGCCLSHHRHHRSHRHRPQSSDCCSQPSGGSSCCGGGSGQHSGGC	116	0	171	171
987	HUMAN01696	Q5T752	1	114	MSCQQSQQQCQPPPKCTPKCTPKCPAPKCPPKCPPVSSCCSVSSGGCCGSSSGGGCGSNSGGCCSSGGGGCCLSHHRRHRSHRRRPQSSDCCSQPSGGSSCCGGGSSQHSGGCC	113	0	150	150
988	HUMAN01697	Q5T751	1	118	MSCQQSQQQCQPPPKCTPKCPPKCPTPKCPPKCPPKCPPVSSCCSVSSGGCCGSSSGGSCGSSSGGCCSSGGGGCCLSHHRRRRSHCHRPQSSGCCSQPSGGSSCCGGGSGQHSGGCC	117	17	214	197
989	HUMAN01698	Q5T7P3	1	118	MSCQQNQQQCQPPPKCIPKCPPKCLTPRCPPKCPPKCPPVSSCCSVSSGGCCGSSSGGSCGSSSGGCCSSGGGGCCLSHHRRRRSHCHRPQSSGCCSQPSGGSSCCGGGSGQHSGGCC	117	0	171	171
990	HUMAN01699	Q5T7P2	1	110	MSCQQSQQQCQPPPKCTPKCPPKCPTPKCPPKCPPKCPPVSSCCSVSSGGCCGSSSGGGCSSGGGGCCLSHHRRHRSHRHRLQSSGCCSQPSGGSSCCGGDSGQHSGGCC	109	0	172	172
991	HUMAN01700	A0A183	1	80	MSQQKQQSWKPPNVPKCSPPQRSNPCLAPYSTPCGAPHSEGCHSSSQRPEVQKPRRARQKLRCLSRGTTYHCKEEECEGD	79	0	84	84
992	HUMAN01701	P49901	1	116	MCDQTKHSKCCPAKGNQCCPPQQNQCCQSKGNQCCPPKQNQCCQPKGSQCCPPKHNHCCQPKPPCCIQARCCGLETKPEVSPLNMESEPNSPQTQDKGCQTQQQPHSPQNESRPSK	115	14	173	159
993	HUMAN01703	A0A1B0GTR4	1	108	MSQQKQKQCAPPQQCCPPPQQRCPPPQQCCPPPQQCCPPPQQCCPPPQQCCPPPQQCCPPPQQCCPPPQQYCPPPQQTKQPCQPPPKCQEPCAPKCPPPQQCQTSKQK	107	0	139	139
994	HUMAN01704	Q96PI1	1	79	MSSQQQQRQQQQCPPQRAQQQQVKQPCQPPPVKCQETCAPKTKDPCAPQVKKQCPPKGTIIPAQQKCPSAQQASKSKQK	78	12	103	91
995	HUMAN01705	P35321	1	89	MNSQQQKQPCTPPPQPQQQQVKQPCQPPPQEPCIPKTKEPCHPKVPEPCHPKVPEPCQPKVPEPCQPKVPEPCPSTVTPAPAQQKTKQK	88	0	139	139
997	HUMAN01707	P22528	1	89	MSSQQQKQPCTPPPQLQQQQVKQPCQPPPQEPCIPKTKEPCHPKVPEPCHPKVPEPCQPKVPEPCHPKVPEPCPSIVTPAPAQQKTKQK	88	0	134	134
998	HUMAN01708	P22532	1	72	MSYQQQQCKQPCQPPPVCPTPKCPEPCPPPKCPEPCPSPKCPQPCPPQQCQQKYPPVTPSPPCQPKCPPKSK	71	0	76	76
999	HUMAN01709	P35326	1	72	MSYQQQQCKQPCQPPPVCPTPKCPEPCPPPKCPEPCPPPKCPQPCPPQQCQQKYPPVTPSPPCQSKYPPKSK	71	0	83	83
1000	HUMAN01710	P35325	1	72	MSYQQQQCKQPCQPPPVCPTPKCPEPCPPPKCPEPCPPPKCPQPCPPQQCQQKYPPVTPSPPCQPKYPPKSK	71	0	156	156
1001	HUMAN01711	P22531	1	72	MSYQQQQCKQPCQPPPVCPTPKCPEPCPPPKCPEPCPPPKCPQPCPPQQCQQKCPPVTPSPPCQPKCPPKSK	71	18	147	129
1002	HUMAN01712	Q96RM1	1	72	MSYQQQQCKQPCQPPPVCPAPKCPEPCPPPKCPEPCPPSKCPQSCPPQQCQQKCPPVTPSPPCQPKCPPKSK	71	0	151	151
1003	HUMAN01713	Q9BYE4	1	73	MSYQQQQCKQPCQPPPVCPTPKCPEPCPPPKCPEPYLPPPCPPEHCPPPPCQDKCPPVQPYPPCQQKYPPKSK	72	16	116	100
1004	HUMAN01714	Q5T871	1	34	MSSDDKSKSNDPKTEPKNCDPKCEQKCESKCQPS	33	0	42	42
1005	HUMAN01714	Q5T871	45	98	EKCPWEKCPAPPKCLPCPSQSPSSCPPQPCTKPCPPKCPSSCPHACPPPCPPPE	53	53	160	107
1006	HUMAN01715	Q5T870	1	116	MSFSEQQCKQPCVPPPCLPKTQEQCQAKAEEVCLPTCQHPCQDKCLVQAQEVCLSQCQESSQEKCPQQGQEPYLPPCQDQCPPQCAEPCQELFQTKCVEVCPQKVQEKCSSPGKGK	115	50	175	125
1007	HUMAN01738	Q12905	356	390	KAYEKPPEKKEGEEEEENTEEPPQGEEEESMETQE	34	551	624	73
1008	HUMAN01741	Q68E01	1	33	MELQKGKGAAAAAAASGAAGGGGGGAGAGAPGG	32	253	299	46
1010	HUMAN01745	Q8WXI9	1	172	MDRMTEDALRLNLLKRSLDPADERDDVLAKRLKMEGHEAMERLKMLALLKRKDLANLEVPHELPTKQDGSGVKGYEEKLNGNLRPHGDNRTAGRPGKENINDEPVDMSARRSEPERGRLTPSPDIIVLSDNEASSPRSSSRMEERLKAANLEMFKGKGIEERQQLIKQLRDE	171	145	377	232
1011	HUMAN01745	Q8WXI9	404	439	SQGKSCASLLRVEPFVCAQCRTDFTPHWKQEKNGKI	35	703	752	49
1012	HUMAN01745	Q8WXI9	447	593	SNQKKALKAEHTNRLKNAFVKALQQEQEIEQRLQQQAALSPTTAPAVSSVSKQETIMRHHTLRQAPQPQSSLQRGIPTSARSMLSNFAQAPQLSVPGGLLGMPGVNIAYLNTGIGGHKGPSLADRQREYLLDMIPPRSISQSISGQK	146	759	995	236
1015	HUMAN01748	Q9NY26	136	174	QSGPSPLEETRALLGTVNGGPQHWHDGPGVPQASGAPAT	38	223	382	159
1016	HUMAN01748	Q9NY26	1	62	MGPWGEPELLVWRPEAVASEPPVPVGLEVKLGALVLLLVLTLLCSLVPICVLRRPGANHEGS	61	9	122	113
1017	HUMAN01749	Q8TEY5	145	183	PAFMVPDSCMVSELPFDAHAHILPRAGTVAPVPCTTLLP	38	282	343	61
1018	HUMAN01749	Q8TEY5	1	135	MDLGIPDLLDAWLEPPEDIFSTGSVLELGLHCPPPEVPVTRLQEQGLQGWKSGGDRGCGLQESEPEDFLKLFIDPNEVYCSEASPGSDSGISEDPCHPDSPPAPRATSSPMLYEVVYEAGALERMQGETGPNVGL	134	104	269	165
1019	HUMAN01749	Q8TEY5	314	395	SPFQSRPEAGSEDYQPHGVTSRNILTHKDVTENLETQVVESRLREPPGAKDANGSTRTLLEKMGGKPRPSGRIRSVLHADEM	81	507	660	153
1020	HUMAN01750	O76095	1	44	MLAGAGRPGLPQGRHLCWLLCAFTLKLCQAEAPVQEEKLSASTS	43	16	97	81
1021	HUMAN01751	P51153	174	203	GGRRSGNGNKPPSTDLKTCDKKNTNKCSLG	29	229	287	58
1022	HUMAN01754	Q5VU65	1841	1888	TVPVVYVPTLGTPQPGFFNSTSSPPHFMSLQPPLAQSRLQHWLWSIRH	47	2458	2591	133
1023	HUMAN01763	Q9BWL3	194	253	IGSSQRHHQSAAKDLTQSPEVSPTTIQVTYLPSSQKSKRAKHFLELKSFKDNYNTLESTL	59	238	451	213
1024	HUMAN01763	Q9BWL3	1	42	MASGSNWLSGVNVVLVMAYGSLVFVLLFIFVKRQIMRFAMKS	41	26	68	42
1025	HUMAN01764	Q14157	1	81	MMTSVGTNRARGNWEQPQNQNQTQHKQRPQATAEQIRLAQMISDHNDADFEEKVKQLIDITGKNQDECVIALHDCNGDVNR	80	58	248	190
1027	HUMAN01765	O00165	14	60	PGPRSHRDPFFGGMTRDEDDDEEEEEEGGSWGRGNPRFHSPQHPPEE	46	17	94	77
1028	HUMAN01766	Q96PS8	270	301	EGPEPAQDLVSAQHKASELETPASAQMLECKL	31	528	599	71
1030	HUMAN01774	Q5VZ19	107	139	RPPKRTPDMIQQPRAPLVLEKASGEGFGKTAAI	32	109	155	46
1031	HUMAN01775	Q7Z7E8	168	246	VEMLDQPLPAEQCTQEDVSSEDEDEEMPEDTEDLDHYEMKEEEPAEGKKSEDDGIGKENLAILEKIKKNQRQDYLNGAV	78	338	512	174
1032	HUMAN01775	Q7Z7E8	1	37	MQQPQPQGQQQPGPGQQLGGQGAAPGAGGGPGGGPGP	36	43	174	131
1034	HUMAN01778	P55265	204	292	WNQHSGVVRPDGHSQGAPNSDPSLEPEDRNSTSVSEDLLEPFIAVSAQAWNQHSGVVRPDSHSQGSPNSDPGLEPEDSNSTSALEDPLE	88	523	766	243
1035	HUMAN01778	P55265	359	476	KRERMQIKRNTNSVPETAPAAIPETKRNAEFLTCNIPTSNASNNMVTTEKVENGQEPVIKLENRQEARPEPARLKPPVHYNGPSKAGYVDFENGQWATDDIPDDLNSIRAAPGEFRAI	117	835	1020	185
1036	HUMAN01778	P55265	576	607	KDSGKSEESSHYSTEKESEKTAESQTPTPSAT	31	1134	1204	70
1038	HUMAN01781	Q96AQ6	696	731	KALKKRSGKKDKHSQSPRAAGPREGHSHSHHHHHRG	35	1381	1429	48
1040	HUMAN01784	P29353	1	143	MDLLPPKPKYNPLRNESLSSLEEGASGSTPPEELPSPSASSLGPILPPLPGDDSPTTLCSFFPRMSNLRLANPAGGRPGSKGEPGRAADDGEGIVGAAMPDSGPLPLLQDMNKLSGGGGRRTRVEGGQLGGEEWTRHGSFVNK	142	2	211	209
1042	HUMAN01794	Q13444	1	38	MRLALLWALGLLGAGSPLPSWPLPNIGGTEEQQAESEK	37	0	98	98
1044	HUMAN01795	P52798	156	201	RKSESAHPVGSPGESGTSGWRGGDTPSPLCLLLLLLLLILRLLRIL	45	170	242	72
1045	HUMAN01798	P52797	170	238	TSHSGEKPVPTLPQFTMGPNVKINVLEDFEGENPQVPKLEKSISGTSPKREHLPLAVGIAFFLMTFLAS	68	172	256	84
1046	HUMAN01799	P20827	154	205	SPQAHDNPQEKRLAADDPEVRVLHSIGHSAAPRLFPLAWTVLLLPLLLLQTP	51	228	286	58
1047	HUMAN01804	Q7Z4K8	65	119	GYIGHGGDPSSEPTSPASTPSTRSPRLSRRTLPKPDRLDRLLKSGFGTYPGRKRG	54	101	173	72
1048	HUMAN01809	Q13505	1	149	MLLGGPPRSPRSGTSPKGPWSSTGHVQFGKSPQTWPRRTRPRSPEPAAPSGVRGSTWTRRRDSPRRAGPTALSRYVGHLWMGRRPPSPEARGPVPRSSAASRARRSLASPGISPGPLTATIGGAVAGGGPRQGRAEAHKEVFPGQRVGK	148	4	180	176
1049	HUMAN01811	P81408	125	173	DFQQCSLEGKVCVCCPSVPLLRPCPESGQELKVAPNSTCDEARGALKNL	48	130	185	55
1050	HUMAN01811	P81408	1	36	MMPSPSDSSRSLTSRPSTRGLTHLRLHRPWLQALLT	35	0	42	42
1052	HUMAN01813	O14828	1	132	MAQSRDGGNPFAEPSELDNPFQDPAVIQHRPSRQYATLDVYNPFETREPPPAYEPPAPAPLPPPSAPSLQPSRKLSPTEPKNYGSYSTQASAAAATAELLKKQEELNRKAEELDRRERELQHAALGGTATRQ	131	4	188	184
1054	HUMAN01815	Q9P1Z3	1	44	MEAEQRPAAGASEGATPGLEAVPPVAPPPATAASGPIPKSGPEP	43	90	240	150
1056	HUMAN01816	P30613	1	66	MSIQENISSLQLRSWVSKSQRDLAKSILIGAPGGPAGYLRRASVAQLTQELGTAFFQQQQLPAAMA	65	18	131	113
1058	HUMAN01820	Q9BVN2	670	841	HLPLGPPQAPAPPGPPPALQQTMQAMLHFGGRLAQSLRGTSKEAASDPSDSPNLPTPGSWWEQLTQASRVYASGGTEGFPLSRWAPGRHGTAAEEGAQERPLPTDEMAPGRGLWLGRLFGVPGGPAENENGALKSRRPSSWLPPTVSVLALVKRGAPPEMPSPQELEASAPR	171	885	1075	190
1060	HUMAN01821	Q9NR48	2287	2437	KSQRVNGLTSSKNSQPMATHKKSGRSKEKRKSKHKLKKRRGHLSEEPSENINTPTRLTPQLQMKPMSNRERNFVLKHHVFLVRNWEKIRQKQEEVKHTSDNIHSASLYTRWNGICRDDGNIKSDVFMTQFSALQTARSVRTRRLAAAEENI	150	3110	3273	163
1061	HUMAN01821	Q9NR48	2835	2914	RNGGRSSWKSERSKPPLKDLGQEDDALPLIEEVLASQEQAANEIPSLEEPEREGATANVSEGEKKTEESSQEPQSTCTPE	79	3688	3795	107
1062	HUMAN01827	P51398	1	57	MMLKGITRLISRIHKLDPGRFLHMGTQARQSIAAHLDNQVPVESPRAISRTNENDPA	56	63	294	231
1065	HUMAN01830	Q3T8J9	2210	2241	ASSEDEDDATSTSNADQLSDHGDLLSEEELDE	31	3554	3736	182
1067	HUMAN01831	Q9BT88	1	155	MAEITNIRPSFDVSPVVAGLIGASVLVVCVSVTVFVWSCCHQQAEKKQKNPPYKFIHMLKGISIYPETLSNKKKIIKVRRDKDGPGREGGRRNLLVDAAEAGLLSRDKDPRGPSSGSCIDQLPIKMDYGEELRSPITSLTPGESKTTSPSSPEED	154	0	237	237
1068	HUMAN01833	Q7Z7F0	189	225	AATGTSPTFNGATVTVYHQPAPIAQLSPAVSQKPPFQ	36	298	348	50
1069	HUMAN01833	Q7Z7F0	1	99	MSAGSATHPGAGGRRSKWDQPAPAPLLFLPPAAPGGEVTSSGGSPGGTTAAPSGALDAAAAVAAKINAMLMAKGKLKPTQNASEKLQAPGKGLTSNKSK	98	30	197	167
1071	HUMAN01834	Q8TDU9	333	374	PQGGGWVQQVALKQVGRRWVASNPRESRPSTLLTNLDRGTPG	41	368	462	94
1073	HUMAN01841	P57735	181	213	RQNSIRTNAITLGSAQAGQEPGPGEKRACCISL	32	279	396	117
1074	HUMAN01842	A1L020	1	129	MPSLVVSGIMERNGGFGELGCFGGSAKDRGLLEDERALQLALDQLCLLGLGEPPAPTAGEDGGGGGGGAPAQPAAPPQPAPPPPPAAPPAAPTAAPAAQTPQPPTAPKGASDAKLCALYKEAELRLKGS	128	105	303	198
1075	HUMAN01842	A1L020	406	435	SSASSSSSSSAKARAGPPGAHRSPATSAGP	29	657	700	43
1076	HUMAN01843	P02545	386	429	RLRLSPSPTSQRSRGRASSHSSQTQGGGSVTKKRKLESTESRSS	43	553	698	145
1077	HUMAN01846	Q9H3S1	1	35	MALPALGLDPWSLLGLFLFQLLQLLLPTTTAGGGG	34	51	94	43
1078	HUMAN01846	Q9H3S1	645	684	QTLALDPELAGIPREHVKVPLTRVSGGAALAAQQSYWPHF	39	771	885	114
1079	HUMAN01846	Q9H3S1	709	761	ALRARGKVQGCETLRPGEKAPLSREQHLQSPKECRTSASDVDADNNCLGTEVA	52	909	1005	96
1080	HUMAN01848	Q6P1K2	1	30	MAEASSANLGSGCEEKRHEGSSSESVPPGT	29	0	30	30
1081	HUMAN01853	P02818	20	68	QAGAKPSGAESSKGAAFVSKQEGSEVVKRPRRYLYQWLGAPVPYPDPLE	48	21	78	57
1084	HUMAN01862	Q6RSH7	1	40	MPWRAGNGVGLEAQAGTQEAGPEEYCQEELGAEEEMAARA	39	0	40	40
1085	HUMAN01867	Q96A04	1	32	MERHTSHPNRKVPAKEEANAVPLCRAKPSPSY	31	27	61	34
1086	HUMAN01867	Q96A04	75	125	LQTQLAQQQMAVLEHLQASVTQLAPGRGSNNSSLPALSPNPLLNHLPQFSK	50	104	156	52
1089	HUMAN01878	Q8NCW5	1	54	MSRLRALLGLGLLVAGSRVPRIKSQTIACRSGPTWWGPQRLNSGGRWDSEVMAS	53	116	254	138
1090	HUMAN01884	Q96GW7	1	30	MAQLFLPLLAALVLAQAPAALADVLEGDSS	29	131	168	37
1092	HUMAN01884	Q96GW7	876	911	PARALHPEEDPEGRQGRLLGRWKALLIPPSSPMPGP	35	2312	2357	45
1094	HUMAN01888	Q9H9L3	1	174	MSTLLLNLDFGEPPPKKALEGNAKHRNFVKKRRLLERRGFLSKKNQPPSKAPKLHSEPSKKGETPTVDGTWKTPSFPKKKTAASSNGSGQPLDKKAAVSWLTPAPSKKADSVAAKVDLLGEFQSALPKINSHPTRSQKKSSQKKSSKKNHPQKNAPQNSTQAHSENKCSGASQK	173	37	276	239
1095	HUMAN01891	P51858	94	240	TVKASGYQSSQKKSCVEEPEPEPEAAEGDGDKKGNAEGSSDEEGKLVIDEPAKEKNEKGALKRRAGDLLEDSPKRPKEAENPEGEEKEAATLEVERPLPMEVEKNSTPSEPGSGRGPPQEEEEEEDEEEEATKEDAEAPGIRDHESL	146	155	348	193
1097	HUMAN01895	Q9NP31	1	67	MEFPLAQICPQGSHEAPIPTFSTFQITDMTRRSCQNLGYTAASPQAPEAASNTGNAERAEEVPGEGS	66	64	195	131
1101	HUMAN01901	Q8N4P6	1	53	MSSEQSAPGASPRAPRPGTQKSSGAVTKKGERAAKEKPATVLPPVGEEEPKSP	52	72	316	244
1102	HUMAN01901	Q8N4P6	333	439	PSSSRHGDSKTDREKSQMVGISNSALVDKTDKTQTMKTPKGLGKKKEKSWELAKKEEKLGSGQSPTQGTPKKEDATKAGKGKVTIPEQKPSRAKGIKIGSREKRSIL	106	745	910	165
1103	HUMAN01902	O15085	1	40	MSVRLPQSIDRLSSLSSLGDSAPERKSPSHHRQPSDASET	39	10	95	85
1104	HUMAN01903	Q6ZN32	147	215	PALCRPALVPVGVQSELLHSMLFAHQAMVEQLTGQQTPRGPPETSGDKKGSSSSVYRLGSAPGPCRLGL	68	149	220	71
1105	HUMAN01903	Q6ZN32	277	361	LPGAWHFPGLPLLAGLGQGAGERLWLLSLRPEGLEVKPAPMMEAKGGLDPREVFCPETRRLKTGEESLTSPNLENLKAVWPLDPP	84	281	366	85
1107	HUMAN01907	Q96P31	602	640	KPGGLSATGTSSHSPSECQEPSSSRPSRIDPQEPTHSKP	38	658	697	39
1108	HUMAN01910	Q96LA6	333	363	KIGRRSARDPLRSLPSPLPQEFTYLNSPTPG	30	411	444	33
1109	HUMAN01912	Q96J84	524	604	RKGSRKDVTLRKLDIKVETVNREPLTMHSDREDDTASVSTATRVMKAIYSSFKDDVDLKQDLRCDTIDTREEYEMKDPTNG	80	647	740	93
1111	HUMAN01933	P41218	88	205	KVAKKIKTQEKAPVKKINQEEVGLAAPAPTARNKLTSEARGRIPVAQKRKTPNKEKTEAKRNKVSQEQSKPPGPSGASTSAAVDHPPLPQTSSSTPSNTSFTPNQETQAQRQVDARRN	117	91	226	135
1112	HUMAN01934	Q6K0P9	401	492	NTNQRSHDSRSMALPQEQSQHPKPSEASTTLPESHLKTPQMPPTTPSSSSFTKKDETHPGAQSSPANFRITSPTVAPPLSSDTSTNRHPAVP	91	421	523	102
1113	HUMAN01934	Q6K0P9	91	208	NKIESIPVKGIIPSKKTKQKEVYPATPACTPSNRLTAKGAEETLGPQKRKKPSEEETGTKRSKMSKEQTRPSCSAGASTSTAMGRSPPPQTSSSAPPNTSSTESLKPLANRHATASKN	117	92	229	137
1115	HUMAN01936	Q16666	87	199	LKVKGPALSRKRKKEVDATSPAPSTSSTVKTEGAEATPGAQKRKKSTKEKAGPKGSKVSEEQTQPPSPAGAGMSTAMGRSPSPKTSLSAPPNSSSTENPKTVAKCQVTPRRNV	112	90	232	142
1116	HUMAN01937	O14862	87	148	KVDKQYKSVTKPKPLSQAEMSPAASAAIRNDVAKQRAAPKVSPHVKPEQKQMVAQQESIREG	61	115	303	188
1117	HUMAN01949	Q9P0V8	225	285	APGKASYKDVLLVVVPVSLLLMLVTLFSAWHWCPCSGKKKKDVHADRVGPETENPLVQDLP	60	246	321	75
1118	HUMAN01951	P0DPA2	292	414	GGSGAGGARGAFGYGNGGGVGGGACGDLASEIREDAVAPGCKASGRGSRVTHLLGYPTQNVSRSLRRKYAPPPCGGPEDVALAPCTAAAACEAGPSPVYVKVKSAEPADCAEGPVQCKNGLLV	122	307	466	159
1119	HUMAN01954	Q9UL16	1	78	MPLSTAGILSSSSAASNRSRNKARYRTKAVSSEVDESLFGDIKSPAQGQSDSPIVLLRDKHTLQKTLTALGLDRKPET	77	68	283	215
1121	HUMAN01957	Q96A28	225	289	YASEKPSTAFCLLAKGLLIFLLLVILAMGLWVIRVQKRHKMPRMKKLMRNRMKLRKEAKPGSSPA	64	303	373	70
1122	HUMAN01958	P78508	344	379	DSTVRYGDPEKLKLEESLREQAEKEGSALSVRISNV	35	603	686	83
1123	HUMAN01960	Q92806	346	393	DAHLYWSIPSRLDEKVEEEGAGEGAGGEAGADKEQNGCLPPPESESKV	47	533	623	90
1124	HUMAN01962	P50993	1	32	MGRGAGREYSPAATTAENGGGKKKQKEKELDE	31	80	321	241
1126	HUMAN01964	P31415	1	34	MSATDRMGPRAVPGLRLALLLLLVLGTPKSGVQG	33	2	52	50
1128	HUMAN01976	Q02575	1	77	MMLNSDTMELDLPPTHSETESGFSDCGGGAGPDGAGPGGPGGGQARGPEPGEPGRKDLQHLSREERRRRRRATAKYR	76	0	84	84
1129	HUMAN01977	Q9ULK5	1	100	MDTESQYSGYSYKSGHSRSSRKHRDRRDRHRSKSRDGGRGDKSVTIQAPGEPLLDNESTRGDERDDNWGETTTVVTGTSEHSISHDDLTRIAKDMEDSVP	99	115	271	156
1130	HUMAN01977	Q9ULK5	314	346	NSTNNSTGQSRAVIAAAARRRDNSHNEYYYEEA	32	574	621	47
1131	HUMAN01979	Q9UIB8	221	314	THHTGLLSVLAMFFLLVLILSSVFLFRLFKRRQGRIFPEGSCLNTFTKNPYAASKKTIYTYIMASRNTQPAESRIYDEILQSKVLPSKEEPVNT	93	255	363	108
1132	HUMAN01985	Q9NQ25	251	299	KRERQEEYIEEKKRVDICRETPNICPHSGENTEYDTIPHTNRTILKEDP	48	276	327	51
1133	HUMAN01993	Q9Y624	266	299	FDRTKKGTSSKKVIYSQPSARSEGEFKQTSSFLV	33	323	382	59
1135	HUMAN02001	Q96NY8	366	477	VVVVLMSRYHRRKAQQMTQKYEEELTLTRENSIRRLHSHHTDPRSQPEESVGLRAEGHPDSLKDNSSCSVMSEEPEGRSYSTLTTVREIETQTELLSPGSGRAEEEEDQDEG	111	458	696	238
1136	HUMAN02004	Q86X76	1	44	MLGFITRPPHRFLSLLCPGLRIPQLSVLCAQPRPRAMAISSSSC	43	35	203	168
1138	HUMAN02010	O60512	1	71	MLRRLLERPCTLALLVGSQLAVMMYLSLGGFRSLSALFGRDQGPTFDYSHPRDVYSNLSHLPGAPGGPPAP	70	70	218	148
1139	HUMAN02010	O60512	345	393	DPRGPRAPSGPRYPPGSSQAFRQEMLQRRPPARPGPLSTANHTALRGSH	48	506	582	76
1140	HUMAN02011	O75173	185	219	SPASGQGPMCNVKAPLGSPSPRPRRAKRFASLSRF	34	425	487	62
1141	HUMAN02011	O75173	1	52	MSQTGSHPGRGLAGRWLWGAQPCLLLPIVPLSWLVWLLLLLLASLLPSARLA	51	182	253	71
1142	HUMAN02012	O75306	1	31	MAALRALCGFRGVAAQVLRPGAGVRLPIQPS	30	70	189	119
1143	HUMAN02022	A6NKN8	1	68	MSELNTKTSPATNQAAGQEEKGKAGNVKKAEEEEEIDIDLTAPETEKAALAIQGKFRRFQKRKKDPSS	67	15	92	77
1144	HUMAN02023	P25189	178	214	VVRYCWLRRQAALQRRLSAMEKGKLHKPGKDASKRGR	36	196	236	40
1145	HUMAN02028	Q5VTH2	100	177	PDLLKASNGLCPEILGKPHDPDSQKKLRKKSITKTVQQARSPTIIPSSPAANLNSPDELQSSHPSAGHTPGPQRPAKS	77	232	331	99
1146	HUMAN02029	P12318	1	33	MTMETQMSQNVCPRNLWLLQPLTVLLLLASADS	32	0	33	33
1147	HUMAN02029	P12318	247	279	SANSTDPVKAAQFEPPGRQMIAIRKRQLEETNN	32	249	282	33
1148	HUMAN02036	P31994	254	310	ALPGYPECREMGETLPEKPANPTNPDEADKVGAENTITYSLLMHPDALEEPDDQNRI	56	273	375	102
1149	HUMAN02038	Q6BAA4	291	351	PLDPASTTAPAPWAAALAPGNRPLSFRKPPVSRSVPLVTSVRNTTSTGLQFPASGAPTAGP	60	400	475	75
1150	HUMAN02038	Q6BAA4	397	426	ALRELRGTPETPTSHFAVSPGTPETTPVES	29	523	556	33
1151	HUMAN02041	P18850	639	670	DQQRNQTNTFFGSPPAATEATHVVSTIPESLQ	31	817	852	35
1152	HUMAN02043	O75052	136	347	GASNIFRCNVFKSKKKSQAMRIVRTVGQAFEVCHKLSLQHTQQNADGQEDGESERNSNSSGDPGRQLTGAERASTATAEETDIDAVEVPLPGNDVLEFSRGVTDLDAVGKEGGSHTGSKVSHPQEPMLTASPRMLLPSSSSKPPGLGTETPLSTHHQMQLLQQLLQQQQQQTQVAVAQVHLLKDQLAAEAAARLEAQARVHQLLLQNKDMLQ	211	138	375	237
1153	HUMAN02043	O75052	361	506	LKLSGQNAMGSQDSLLEITFRSGALPVLCDPTTPKPEDLHSPPLGAGLADFAHPAGSPLGRRDCLVKLECFRFLPPEDTPPPAQGEALLGGLELIKFRESGIASEYESNTDESEERDSWSQEELPRLLNVLQRQELGDGLDDEIAV	145	388	587	199
1154	HUMAN02047	Q5T0L3	121	168	QDEGKWDNCLSEDMAENICSSSSSPENTCPREATKKSRHGLDSITSQD	47	213	279	66
1155	HUMAN02047	Q5T0L3	1	82	MENFSLLSISGPPISSSALSAFPDIMFSRATSLPDIAKTAVPTEASSPAQALPPQYQSIIVRQGIQNTALSPDCSLGDTQHG	81	89	175	86
1156	HUMAN02047	Q5T0L3	226	261	EQKARLGDRLSSGSCQAFNSPAEHLRQIGGEAYLCL	35	336	380	44
1159	HUMAN02057	Q86UF4	256	302	AHYLRHRVPPESERLLSIGEIFGHGESSSSRAGKECENRVPSKFLPL	46	291	340	49
1160	HUMAN02064	Q8TE12	157	198	LVSPAASDSGKSDDEESLCKSAHGAGKGTAEEGKDHKRPKRP	41	183	227	44
1161	HUMAN02064	Q8TE12	246	382	QRAKMKKLARRQQQQQQDQQNTQRLSSAQTNGGGSAGMEGIMNPYTALPTPQQLLAIEQSVYSSDPFRQGLTPPQMPGDHMHPYGAEPLFHDLDSDDTSLSNLGDCFLATSEAGPLQSRVGNPIDHLYSMQNSYFTS	136	274	454	180
1162	HUMAN02065	P48443	1	133	MYGNYSHFMKFPAGYGGSPGHTGSTSMSPSAALSTGKPMDSHPSYTDTPVSAPRTLSAVGTPLNALGSPYRVITSAMGPPSGALAAPPGINLVAPPSSQLNVVNSVSSSEDIKPLPGLPGIGNMNYPSTSPGS	132	8	164	156
1163	HUMAN02066	Q8N7C0	279	313	KSSEEDEDEAGTRVEVSRRIFQTQTSSVQEFPQLI	34	375	483	108
1164	HUMAN02074	Q9P215	575	609	NLEEEDDVLWEIESELPGGGEPPKDCDTESMAESN	34	745	806	61
1165	HUMAN02074	Q9P215	92	151	KPDMITRLEGEEESQNSDEWQLQGGTSAENEESDVKPPDWPNPMNATSQFPQPQHFDSFG	59	170	244	74
1166	HUMAN02075	Q96BN2	78	136	DGAGSLPWPGGSAAKPGKPKGKKKLSSVRQKFDHRFQPQNPLSGAQQFVAKDPQDDDDL	58	160	262	102
1169	HUMAN02077	Q96JY0	64	106	AQGKDPGPSEKQKPVFTPLRRPGMLVPKQNVSPPDMSALSLKG	42	153	215	62
1171	HUMAN02080	Q5VZP5	1	105	MATRKDTEEEQVVPSEEDEANVRAVQAHYLRSPSPSQYSMVSDAETESIFMEPIHLSSAIAAKQIINEELKPPGVRADAECPGMLESAEQLLVEDLYNRVREKMD	104	43	183	140
1172	HUMAN02080	Q5VZP5	282	341	REEDYGREGGSAEAEEGEGTGSMLGARVHALTVEEEDDSASHLSGSSLGKATQASKPLTL	59	359	450	91
1173	HUMAN02080	Q5VZP5	356	388	KGQGLLSDKVPQDGGGWRSASSGQGGEELEDED	32	466	507	41
1175	HUMAN02084	O75629	1	45	MAGLSRGSARALLAALLASTLLALLVSPARGRGGRDHGDWDEASR	44	33	269	236
1177	HUMAN02086	O95297	187	232	LAVLYRRKNSKRDYTGCSTSESLSPVKQAPRKSPSDTEGLVKSLPS	45	275	328	53
1178	HUMAN02095	O60806	1	37	MAMSELGTRKPSDGTVSHLLNVVESELQAGREKGDPT	36	0	52	52
1181	HUMAN02105	O60779	222	271	STCQRVNGIKVQNGGIVTDTPASNHLPGWEDIESKIPLNMEEPPVEEPEP	49	247	336	89
1182	HUMAN02112	O95568	1	98	MTFQFNFTIEDHLENELTPIRDGALTLDSSKELSVSESQKGEERDRKCSAEQFDLPQDHLWEHKSMENAAPSQDTDSPLSAASSSRNLEPHGKQPSLR	97	0	103	103
1184	HUMAN02113	Q8IZE3	687	725	AAFLILPELRTEMVPKKDDVSPVMQFSSKFAAAEITEGE	38	787	844	57
1186	HUMAN02116	Q5T7V8	1	168	MSWAAVLAVAAARFGHFWGCRWPGPMAQGWAGFSEEELRRLKQTKDPFEPQRRLPAKKSRQQLQREKALVEQSQKLGLQDGSTSLLPEQLLSAPKQRVNVQKPPFSSPTLPSHFTLTSPVGDGQPQGIESQPKELGLENSHDGHNNVEILPPKPDCKLEKKKVELQEK	167	0	216	216
1187	HUMAN02116	Q5T7V8	300	394	DVEADEETLELEVEVERLLHEQEVESRRPVVRLERPFQPAEESVTLEFAKENRKCQEQAVSPKVDDQCGNSSSIPFLSPNCPNQEGNDISAALAT	94	375	506	131
1188	HUMAN02129	O75379	105	141	LRRQMWWRGCKIKAIMALVAAILLLVIIILIVMKYRT	36	147	189	42
1189	HUMAN02129	O75379	1	59	MPPKFKRHLNDDDVTGSVKSERRNLLEDDSDEEEDFFLRGPSGPRFGPRNDKIKHVQNQ	58	13	82	69
1190	HUMAN02131	Q9UQ16	749	869	TVSTPAPPPVDDSWIQHSRRSPPPSPTTQRRPTLSAPLARPTSGRGPAPAIPSPGPHSGAPPVPFRPGPLPPFPSSSDSFGAPPQVPSRPTRAPPSVPSRRPPPSPTRPTIIRPLESSLLD	120	1586	1743	157
1191	HUMAN02138	P48023	27	141	GTVLPCPTSVPRRPGQRRPPPPPPPPPLPPPPPPPPLPPLPLPPLKKRGNHSTGLCLLVMFFMVLVALVGLGLGMFQLFHLQKELAELRESTSQMHTASSLEKQIGHPSPPPEKK	114	122	293	171
1192	HUMAN02139	Q9UNG2	23	57	MCLSHLENMPLSHSRTQGAQRSSWKLWLFCSIVML	34	23	67	44
1193	HUMAN02142	Q5TAH2	1094	1124	TQRNSNTNVMASVNTVFEQPGKNINGRQKMS	30	1710	1763	53
1194	HUMAN02142	Q5TAH2	1	41	MSSYFWAQNESNRPDLLCGQPADYLVEEKHFTTLVCFIVVL	40	63	277	214
1195	HUMAN02143	Q5TZF3	1	34	MESEGPPESESSEFFSQQEEENEEEEAQEPEETG	33	39	98	59
1196	HUMAN02145	Q9Y2M5	1	42	MEGKPMRRCTNIRPGETGMDVTSRCTLGDPNKLPEGVPQPAR	41	41	220	179
1197	HUMAN02146	Q8N0S6	1	59	MDSYSAPESTPSASSRPEDYFIGATPLQKRLESVRKQSSFILTPPRRKIPQCSQLQEDV	58	46	172	126
1199	HUMAN02148	Q5TC79	454	503	GCIPLEGPHSISPETTVTSRGQAEEESPSQEETVAPGEAVQGSVSTTGPD	49	596	670	74
1200	HUMAN02159	Q9Y2T5	1	32	MNESRWTEWRILNMSSGIVNVSERHSCPLGFG	31	66	107	41
1201	HUMAN02163	Q9UQP3	1	35	MSLQEMFRFPMGLLLGSVLLVASAPATLEPPGCSN	34	39	76	37
1202	HUMAN02164	Q15053	54	99	PPGKRGQQPEKNKKKKKKKKKKDEEDLWISAQPKLLQMEKRPSLPV	45	62	129	67
1205	HUMAN02169	Q9BXP8	87	253	QEIHHTGRSKPDTEGNAVSLVPPDLTENPAGLRGAVEEPAAPWVGDSPIGQSELLGDDDAYLGNQRSKESLGEAGIQKGSAMAATTTTAIFTTLNEPKPETQRRGWAKSRQRRQVWKRRAEDGQGDSGISSHFQPWPKHSLKHRVKKSPPEESNQNGGEGSYREAET	166	98	328	230
1206	HUMAN02170	O14525	1	31	MALAGLCALLACCWGPAAVLATAAGDVDPSK	30	90	155	65
1207	HUMAN02170	O14525	275	382	LQGCNEKSGMDLTPGSDNAKLSLMNKYKDNIIATSPVDSNHQQATLLSHTSSSQRKRINNKARAGSAFLNPEGDSGTEAENDPQLTFYTDPSRSRRRSRVGSPRSPVN	107	409	547	138
1209	HUMAN02172	Q96JE7	397	430	EKYKRQPPVANLINLTDEDWPVLSSGTPNLLTGE	33	514	551	37
1211	HUMAN02175	Q5T0J7	102	172	MDILINTQKNYKLPLRRAPKEQQELRLMGKTHREPQLRPKKMDGASGVNGAPCALHKKTMAPQKTKQGSLD	70	145	220	75
1212	HUMAN02175	Q5T0J7	195	233	RGNIPSEASGLYKGGEEPVTTQPSVGHAVPAPKSQTEGR	38	244	300	56
1213	HUMAN02179	Q86X27	1	36	MDLMNGQASSVNIAATASEKSSSSESLSDKGSELKK	35	50	259	209
1215	HUMAN02181	O95841	1	45	MKTFTWTLGVLFFLLVDTGHCRGGQFKIKKINQRRYPRATDGKEE	44	13	64	51
1216	HUMAN02181	O95841	204	270	FSRQDTHVSPPLVQVVPQHIPNSQQYTPGLLGGNEIQRDPGYPRDLMPPPDLATSPTKSPFKIPPVT	66	222	306	84
1217	HUMAN02182	O75063	1	35	MKLKQRVVLLAILLVIFIFTKVFLIDNLDTSAANR	34	18	171	153
1218	HUMAN02183	Q9H497	1	37	MLRGPWRQLWLFFLLLLPGAPEPRGASRPWEGTDEPG	36	69	148	79
1219	HUMAN02185	P42684	1	106	MGQQVGRVGEAPGLQQPQPRGIRGSSAARPSGRRRDPAGRTTETGFNIFTQHDHFASCVEDGFEGDKTGGSSPEALHRPYGCDVEPQALNEAIRWSSKENLLGATE	105	0	149	149
1221	HUMAN02186	P35610	1	42	MVGEEKMSLRNRLSKSRENPEEDEDQRNPAKESLETPSNGRI	41	25	113	88
1222	HUMAN02186	P35610	84	118	SASLDNGGCALTTFSVLEGEKNNHRAKDLRAPPEQ	34	203	376	173
1223	HUMAN02187	Q5T1B0	120	169	LTGAGRDISFLYDVTYAKGQTREKAVCPPHLARSLQSHDGVIVPHKPKTL	49	460	558	98
1226	HUMAN02188	Q9NP85	1	99	MERRARSSSRESRGRGGRTPHKENKRAKAERSGGGRGRQEAGPEPSGSGRAGTPGEPRAPAATVVDVDEVRGSGEEGTEVVALLESERPEEGTKSSGLG	98	32	212	180
1227	HUMAN02188	Q9NP85	352	383	SPSNRTQGSLPFPSPSKPVEPLNPKKKDSPML	31	492	530	38
1228	HUMAN02189	Q8NAT2	204	277	TEEKPRGCPAGKIFTQPFRMKQGSYSTGFPVAKPCFSQPTSNMEPPKQIMSMEKTSKLNVVETSRLNHTEKLNQ	73	379	527	148
1229	HUMAN02189	Q8NAT2	95	126	RSSHKLRNSMHKGRPSIYSGPRSHRRVPYRGR	31	177	267	90
1230	HUMAN02190	Q96GL9	131	167	EGGPPSLKLAAPQSYPVTWPGSGREAFTNPRAISTDV	36	152	198	46
1231	HUMAN02190	Q96GL9	1	120	MTAGTVVITGGILATVILLCIIAVLCYCRLQYYCCKKSGTEVADEEEEREHDLPTHPRGPTCNACSSQALDGRGSLAPLTSEPCSQPCGVAASHCTTCSPYSSPFYIRTADMVPNGGGGE	119	0	142	142
1234	HUMAN02198	Q9BR61	1	38	MASSFLPAGAITGDSGGELSSGDDSGEVEFPHSPEIEE	37	76	185	109
1235	HUMAN02199	Q9UBH6	635	696	NADDQTLLEQMMDQDDGVRNRQKNRSWKYNQSISLRRPRLASQSKARDTKVLIEDTDDEANT	61	1767	2003	236
1241	HUMAN02204	Q15878	1	49	MARFGEAVVARPGSGDGDSDQSRNRQGTPVPASGQAAAYKQTKAQRART	48	202	262	60
1244	HUMAN02207	Q5T9Z0	232	273	KLTGPKEAPYYASTPGPLYKLLQEVEQSEKEDQALLLPKSSP	41	265	308	43
1245	HUMAN02209	A5PLK6	1035	1076	REAISSVQNSSSSKLTQPRLVVSAMQLHPVQGQKLSYIKKEK	41	1186	1252	66
1246	HUMAN02209	A5PLK6	222	254	VCYTHIGGLPLNMSIKKCHHFQKRYSSRKAKRK	32	278	318	40
1247	HUMAN02209	A5PLK6	262	356	DSWSLEMDLKPDAIGMPLQETCPQEKVVIQMPSLKMASSKETRISSLEKDMHYAKISSMENKAKSHLHMEAPFETKVSTHLRTVIPIVNHSSKMT	94	326	452	126
1248	HUMAN02209	A5PLK6	608	642	IDFKMEIIKETKTVSRSNRKMSLLKRTLVRKPSMR	34	712	757	45
1249	HUMAN02209	A5PLK6	825	857	EMQNSKENFTTAHNTSGRSAPPSTNVRSADQEN	32	960	997	37
1251	HUMAN02219	Q08211	297	350	ILPPPEDPSVPVALNIGKLAQFEPSQRQNQVGVVPWSPPQSNWNPWTSSNIDEG	53	568	690	122
1252	HUMAN02219	Q08211	86	134	ASPPPLTDTPDTTANAEGDLPTTMGGPLPPHLALKAENNSEVGASGYGV	48	238	375	137
1253	HUMAN02220	Q9BZQ2	1	103	MASGSKASVPADSFRTISPDRRGEKSASAVSGDTAAATTLKGTAIPVRSVVASPRPVKGKAGRETARLRLQRLPAAQAEDTGEAAAAAAEEPLLPVPEDEEEA	102	21	245	224
1254	HUMAN02232	Q8IYK4	1	41	MAARPAATLAWSLLLLSSALLREGCRARFVAERDSEDDGEE	40	119	211	92
1255	HUMAN02233	Q8WW01	1	32	MEERGDSEPTPGCSGLGPGGVRGFGDGGGAPS	31	3	54	51
1256	HUMAN02235	Q9H246	1	91	MGCASAKHVATVQNEEEAQKGKNYQNGDVFGDEYRIKPVEEVKYMKNGAEEEQKIAARNQENLEKSASSNVRLKTNKEVPGLVHQPRANMH	90	0	137	137
1260	HUMAN02240	Q7Z2T5	1	82	MENMAEEELLPLEKEEVEVAQVQVPTPARDSAGVPAPAPDSALDSAPTPASAPAPAPALAQAPALSPSLASAPEEAKSKRHI	81	25	213	188
1261	HUMAN02240	Q7Z2T5	599	628	TTTDNYIAQGKRKSNEMITNLGKKQKTDVS	29	937	999	62
1262	HUMAN02240	Q7Z2T5	696	733	YTGGQSESHVQSASEDTVTERVEMSVNDKAEASGCRRW	37	1068	1139	71
1263	HUMAN02241	Q5T5J6	542	573	DVCHQPCIPKQQLKAETTPLKESYKEESTNSG	31	657	699	42
1264	HUMAN02241	Q5T5J6	712	747	LKPNSSENTVTKKQEGTSLKNSHNQEITVFSSSHLP	35	859	902	43
1265	HUMAN02245	Q96RW7	1	32	MISWEVVHTVFLFALLYSSLAQDASPQSEIRA	31	27	97	70
1271	HUMAN02249	Q5SWX8	386	424	DLEIAEETNTACMSSSMNSQASLDNTDDEQPKQPIKTTM	38	698	819	121
1272	HUMAN02252	P20941	37	75	QDSDSIPPSKKEILRQMSSPQSRNGKDSKERVSRKMSIQ	38	164	207	43
1273	HUMAN02254	P47712	427	458	KHIVSNDSSDSDDESHEPKGTENEDAGSDYQS	31	499	544	45
1274	HUMAN02256	Q9NS28	206	235	PQRPTNLRRRSRSFTCNEFQDVQSDVAIWL	29	210	242	32
1275	HUMAN02258	Q08116	1	45	MRAAAISTPKLDKMPGMFFSANPKELKGTTHSLLDDKMQKRRPKT	44	7	57	50
1276	HUMAN02261	P41220	1	34	MQSAMFLAVQHDCRPMDKSAGSGHKSEEKREKMK	33	112	150	38
1277	HUMAN02267	Q9NS18	1	53	MIWRRAALAGTRLVWSRSGSAGWLDRAAGAAGAAAAAASGMESNTSSSLENLA	52	13	102	89
1278	HUMAN02269	Q6P1J9	103	142	STSASIDRSAPLEIGLQRSTQVKRAADEVLAEAKKPRIED	39	207	324	117
1280	HUMAN02270	O43825	1	126	MLQWRRRHCCFAKMTWNAKRSLFRTHLIGVLSLVFLFAMFLFFNHHDWLPGRAGFKENPVTYTFRGFRSTKSETNHSSLRNIWKETVPQTLRPQTATNSNNTDLSPQGVTGLENTLSANGSIYNEK	125	3	175	172
1282	HUMAN02271	Q6UVM3	981	1044	EDTKDSKEQGHHRSNHRNSTSSDQSDHPLLRRKSMQWARRLSRKGPKHSGKTAEKITQQRLNLY	63	2418	2547	129
1284	HUMAN02281	Q5SVQ8	732	801	TFKRKDKLKYHIDHVHEIKSPDDPLSTSEEKLVSLPVEYSSDDKIFQTETKQYMDQPKVYQSEAKTMLQN	69	934	1010	76
1286	HUMAN02284	Q5VUE5	1	71	MAARQIWARTGAALCRQPSAAPPPAPLWVRAGFRQQLSLTLCPANEGNCGGSAPSTPGRPERAARPSVSEE	70	0	72	72
1287	HUMAN02287	Q9NQ69	197	275	PQLSYTELAAKSGGLALPYFNGTGTVQKGRPRKRKSPALGVDIVNYNSGCNENEADHLDRDQQPYPPSQKTKRMRTSFK	78	379	591	212
1288	HUMAN02287	Q9NQ69	19	66	AMLFHGISGGHIQGIMEEMERRSKTEARLAKGAQLNGRDAGMPPLSPE	47	108	210	102
1289	HUMAN02287	Q9NQ69	320	397	AKFRRNLLRQENGGVDKADGTSLPAPPSADSGALTPPGTATTLTDLTNPTITVVTSVTSNMDSHESGSPSQTTLTNLF	77	641	749	108
1293	HUMAN02298	Q9Y2X9	616	662	NKSESQKEDPFNIAEPRVDLHTSGEHSELVQEENLSPGTQTPSNDKA	46	827	882	55
1294	HUMAN02298	Q9Y2X9	754	802	ATHQQLTPSQELDDLIDSQKNLETSSAFQSSSQKLTSQKEQKNLESSTG	48	1002	1058	56
1295	HUMAN02299	Q15058	1587	1619	SPDLLKPWETYNQNTKEEHQQSKSSGIDGSKNK	32	1794	1832	38
1297	HUMAN02299	Q15058	988	1032	REESQRKKMQEINNQKANHKIEELEKAKQHLEQEIYVNKKRLEME	44	1145	1190	45
1298	HUMAN02302	Q5T1V6	1	102	MFVPRSLKIKRNANDDGKSCVAKIIKPDPEDLQLDKSRDVPVDAVATEAATIDRHISESCPFPSPGGQLAEVHSVSPEQGAKDSHPSEEPVKSFSKTQRWAE	101	159	320	161
1299	HUMAN02302	Q5T1V6	580	619	YLHDQKRKEQQKDKQTQNDLVTGANLMDIIRKHDKSNSQK	39	953	1080	127
1301	HUMAN02305	O00155	325	361	RTGRLARRISSASSLSRDDSSVFRCRAQAANTASASW	36	398	446	48
1303	HUMAN02306	Q3KP66	1	133	MLQMPKLNEIPPGRAGRREARGEGRWPGQTGPEAARLEWRAQGQAGGARAPWDSWGSSRLPTQPGPGWSRCPPSLLCALSFQKSTMESKDEVSDTDSGIILQSGPDSPVSPMKELTHAVHKQQRALEARLEAC	132	41	191	150
1305	HUMAN02307	O75037	401	480	EYKAGKRVIGEDGAEGYSDLFRENAMLQKENGALRLRVKAMQEAIDAINNRVTQLMSQEANLLLAKAGDGNEAIGALIQN	79	518	604	86
1308	HUMAN02308	Q13698	1836	1873	REAPEGMASSLGCLNLGSSLGSLDQHQGSQETLIPPRL	37	2688	2731	43
1309	HUMAN02308	Q13698	669	758	SLTSAQKAKAEEKKRRKMSKGLPDKSEEEKSTMAKKLEQKPKGEGIPTTAKLKIDEFESNVNEVKDPYPSADFPGDDEEDEPEIPLSPRP	89	1016	1171	155
1311	HUMAN02313	Q13835	497	527	LEYNARNAYTEKSSTGCFSNKSDKMMNNNYD	30	610	648	38
1313	HUMAN02321	P21291	73	114	YGQGAGTLSTDKGESLGIKHEEAPGHRPTTNPNASKFAQKIG	41	129	214	85
1314	HUMAN02324	Q8NEY1	1821	1877	PHSIASPPEDRTVKDSTPSSLDSDPLMAMLLKLQEAANYIESPDRETILDPNLQATL	56	2598	2656	58
1316	HUMAN02328	Q96DD7	72	197	ERQQKHCLAFSPKTIAGIASAVILFVAVVATTICCFLCSCCYLYRRRQQLQSPFEGQEIPMTGIPVQPVYPYPQDPKAGPAPPQPGFIYPPSGPAPQYPLYPAGPPVYNPAAPPPYMPPQPSYPGA	125	162	403	241
1318	HUMAN02329	P29536	468	573	SRNMDKQRQKRLQEQRQAQEAKGEKKDLLEVPKAGAVAKGSPKPSPQPSPKPSPKNSPKKGGAPAAPPPPPPPLAPPLIMENLKNSLSPATQRKMGDKVLPAQEKN	105	816	975	159
1319	HUMAN02330	Q99595	139	171	AQFPNGPQFAEDPSQLPSTQLPSSPFGDYRQYQ	32	256	442	186
1320	HUMAN02332	P78545	134	270	DELSWIIELLEKDGMAFQEALDPGPFDQGSPFAQELLDDGQQASPYHPGSCGAGAPSPGSSDVSTAGTGASRSSHSSDSGGSDVDLDPTDGKLFPSDGFRDCKKGDPKHGKRKRGRPRKLSKEYWDCLEGKKSKHAP	136	310	550	240
1321	HUMAN02333	O60883	1	113	MRWLWPLAVSLAVILAVGLSRVSGGAPLHLGRHRAETQEQQSRSKRGTEDEEAKGVQQYVPEEWAEYPRPIHPAGLQPTKPLVATSPNPGKDGGTPDSGQELRGNLTGAPGQR	112	109	302	193
1322	HUMAN02333	O60883	438	480	ECGGASEASAANGSDNKLKTEVSSSIYFHKPRESPPLLPLGTP	42	694	778	84
1323	HUMAN02339	Q9NPD8	153	197	QKQKADEEEMLDNLPEAGDSRVHNSTQKRKASQLVGIEKKFHPDV	44	259	433	174
1324	HUMAN02345	Q8N9I0	1	40	MRNIFKRNQEPIVAPATTTATMPIGPVDNSTESGGAGESQ	39	44	142	98
1325	HUMAN02345	Q8N9I0	88	138	CCKKKKNKKEKGKGMKNAMNMKDMKGGQDDDDAETGLTEGEGEGEEEKEPE	50	208	289	81
1327	HUMAN02352	Q9UHQ9	1	31	MGIQTSPVLLASLGVGLVTLLGLAVGSYLVR	30	153	333	180
1328	HUMAN02354	Q8IXX5	1	129	MARGPGPLGRPRPDTVAMPKRGKRLKFRAHDACSGRVTVADYANSDPAVVRSGRVKKAVANAVQQEVKSLCGLEASQVPAEEALSGAGEPCDIIDSSDEMDAQEESIHERTVSRKKKSKRHKEELDGAG	128	7	210	203
1329	HUMAN02356	P15173	135	224	LLSSLNQEERDLRYRGGGGPQPGVPSECSSHSASCSPEWGSALEFSANPGDHLLTADPTDAHNLHSLTSIVDSITVEDVSVAFPDETMPN	89	188	302	114
1330	HUMAN02358	Q13203	1	68	MMEKNTSEGPACSPEETASESAKVPTAEPPGEVAVSESTREEQVPKPQAPAPQAPTASTATKPAPPSE	67	34	269	235
1331	HUMAN02361	P78543	129	158	AASCGLLTCKNQVLLGRSSPSKNYVMAVSS	29	154	220	66
1332	HUMAN02362	Q06828	37	70	TYYDPYDPYPYETYEPYPYGVDEGPAYTYGSPSP	33	163	208	45
1333	HUMAN02363	P51888	1	67	MRSPLCWLLPLLILASVAQGQPTRRPRPGTGPGRRPRPRPRPTPSFPQPDEPAEPTDLPPPLPPGPP	66	14	146	132
1334	HUMAN02364	Q9UBM4	1	122	MRLLAFLSLLALVLQETGTASLPRKERKRREEQMPREGDSFEVLPLRNDVLNPDNYGEVIDLSNYEELTDYGDQLPEVKVTSLAPATSISPAKSTTAPGTPSSNPTMTRPTTAGLLLSSQPN	121	76	230	154
1335	HUMAN02365	P23634	290	348	NEDDEGEKKKKGKKQGVPENRNKAKTQDGVALEIQPLNSQEGIDNEEKDKKAVKVPKKE	58	669	821	152
1336	HUMAN02368	Q8IWV1	166	279	NLTPSAHCINVRASRDCASISSEDSHDYVNVPTAEEIAETLASTKSPSRNLFVLPSTQKLEFTEERDEGCGDAGDCTSLYSPGAEDSDSLSNGEGSSQISNDYVNMTGLDLSAI	113	189	318	129
1337	HUMAN02368	Q8IWV1	1	59	MDGVTPTLSTIRGRTLESSTLHVTPRSLDRNKDQITNIFSGFAGLLAILLVVAVFCILW	58	2	80	78
1338	HUMAN02368	Q8IWV1	293	398	DYENVPAADPSGSQQQAEKDVPSSNIGHVEDKTDDPGTHVQCVKRTFLASGDYADFQPFTQSEDSQMKHREEMSNEDSSDYENVLTAKLGGRDSEQGPGTQLLPDE	105	331	444	113
1340	HUMAN02370	P86452	187	263	ANKFGVASGEEDFTLDVSLSPSSGSNGSFEYIPTDPLDDNRMGKKHDKSASDALRAERGRFLIKSNIVKHALIPGTR	76	203	330	127
1341	HUMAN02370	P86452	1	130	MSVCTLSVPVSSLSPGRRCNTFSDSGILGCVPINSNTDEEDVVEEKMVAEGVNKEAKQPAKKKRKKGLRIKGKRRRKKLILAKKFSKDLGSGRPVADAPALLASNDPEQDEESLFESNIEKQIYLPSTRA	129	0	147	147
1342	HUMAN02370	P86452	323	403	KDSGAVANGLDEAETERSDLLSDTLHGEKSTGSQDLTAEDLSDSDSDEPMLEVENRSESPIPVAEQGTLMRAQERETTCCG	80	390	497	107
1343	HUMAN02370	P86452	806	858	SPEICQIPTSEASCPSVTVGADSFTSSLKEGTSSSGSVDSSAVDNVALGSKSF	52	975	1052	77
1344	HUMAN02373	Q9NVF9	1	48	MAVPPSAPQPRASFHLRRHTPCPQCSWGMEEKAAASASCREPPGPPRA	47	67	264	197
1345	HUMAN02382	Q5SWA1	24	55	FFPRRSQAGSSKFPTPLGPENSGNPTLLSSAQ	31	305	347	42
1347	HUMAN02385	O15151	113	185	TTDAAQTLALAQDHSMDIPSQDQLKQSAEESSTSRKRTTEDDIPTLPTSEHKCIHSREDEDLIENLAQDETSR	72	178	282	104
1348	HUMAN02385	O15151	209	297	NYTPRSNGSTDLQTNQDVGTAIVSDTTDDLWFLNESVSEQLGVGIKVEAADTEQTSEEVGKVSDKKVIEVGKNDDLEDSKSLSDDTDVE	88	305	456	151
1349	HUMAN02385	O15151	334	432	CSKLTHSLSTSDITAIPEKENEGNDVPDCRRTISAPVVRPKDAYIKKENSKLFDPCNSVEFLDLAHSSESQETISSMGEQLDNLSEQRTDTENMEDCQN	98	493	621	128
1352	HUMAN02402	Q8N468	251	296	PQRRPLLLSADELALETQPPEKEDASSLPPKFQSHLGHEDLFSCCQ	45	402	481	79
1354	HUMAN02406	Q96JT2	411	440	LPKYRGDTGGASSEDSLMTSFLPGPKPGAP	29	846	882	36
1357	HUMAN02410	Q6GTS8	1	38	MAQRCVCVLALVAMLLLVFPTVSRSMGPRSGEHQRASR	37	81	287	206
1358	HUMAN02411	Q7LBE3	572	655	QEKRRMRPTQQRRSLFMKTKTVSLQELQQDFENAPPTDPNNNQTPANGTSVSYITFSPDSSSPAQSEPPASAEAPGEPSDMLAS	83	607	726	119
1359	HUMAN02411	Q7LBE3	742	791	RDVTPGHNFQGAPGDAELSLYDSEEDIRSYWDLEQEMFGSMFHAETLTAL	49	841	900	59
1360	HUMAN02415	Q6ZWK4	39	108	HKSEQILKAASLQVPRPSPGHHHPPAVKEMKETQTERDIPMSDSLYRHDSDTPSDSLDSSCSSPPACQAT	69	84	174	90
1361	HUMAN02416	P47901	236	274	AWRVGGGGWRTWDRPSPSTLAATTRGLPSRVSSINTISR	38	297	353	56
1362	HUMAN02416	P47901	359	424	PQPRMRRRLSDGSLSSRHTTLLTRSSCPATLSLSLSLTLSGRPRPEESPRDLELADGEGTAETIIF	65	442	527	85
1363	HUMAN02420	O75044	170	231	YNADSISAQSKLKEAEKQEEKQIGKSVKQEDRQTPRSPDSTANVRIEEKHVRRSSVKKIEKM	61	175	237	62
1364	HUMAN02420	O75044	415	501	YSNSMESVKSTVSETFMSKPSIAKRRANQQETEQFYFTKMKEYLEGRNLITKLQAKHDLLQKTLGESQRTDCSLARRSSTVRKQDSS	86	422	595	173
1366	HUMAN02428	O43781	1	137	MGGTARGPGRKDAGPPGAGLPPQQRRLGDGVYDTFMMIDETKCPPCSNVLCNPSEPPPPRRLNMTTEQFTGDHTQHFLDGGEMKVEQLFQEFGNRKSNTIQSDGISDSEKCSPTVSQGKSSDCLNTVKSNSSSKAPK	136	0	215	215
1367	HUMAN02428	O43781	525	588	SVPRPLTTIDKVSGKRVVNPASAFQGLGSKLPPVVGIANKLKANLMSETNGSIPLCSVLPKLIS	63	644	743	99
1368	HUMAN02429	P49137	1	53	MLSNSQGQSPPVPFPAPAPPPQPPTPALPHPPAQPPPPPPQQFPQFHVKSGLQ	52	20	129	109
1369	HUMAN02429	P49137	367	400	YEQIKIKKIEDASNPLLLKRRKKARALEAAALAH	33	580	615	35
1373	HUMAN02441	O60825	1	31	MSGASSSEQNNNSYETKTPNLRMSEKKCSWA	30	96	215	119
1374	HUMAN02441	O60825	446	505	RDKPTNNFPKNQTPVRMRRNSFTPLSSSNTIRRPRNYSVGSRPLKPLSPLRAQDMQEGAD	59	770	859	89
1375	HUMAN02451	P15529	288	327	PPSSTKPPALSHSVSTSSTTKSPASSASGPRPTYKPPVSN	39	339	381	42
1376	HUMAN02452	P28906	315	385	RSWSPTGERLGEDPYYTENGGGQGYSSGPGTSPEAQGKASVNRGAQENGTGQATSRNGHSARQHVVADTEL	70	513	593	80
1378	HUMAN02455	Q96NX5	321	468	HMNLHSPGVRPEVENRPPETQASETSRPSSPEITITEAPVLDHSVALPALTQLPCQHGRRPTAPGGRSLNCLVNGSLHISSSLVPMHQGSLAAGPCGCCSSCLNIGSKGKSSYCSEPTLLKKANKKQNFKSEVMVPVKASGSSHCRAG	147	381	581	200
1379	HUMAN02457	P27469	17	103	QKRKGKMVKLYVLGSVLALFGVVLGLMETVCSPFTAARRLRDQEAAVAELQAALERQALQKQALQEKGKQQDTVLGGRALSNRQHAS	86	69	182	113
1381	HUMAN02459	Q9Y228	265	315	MKKVLLEMEDQKNSYEQKAKESLQKVLEEKMNAEQQLQSTQRSLALAEQKC	50	384	443	59
1383	HUMAN02461	O14896	120	185	QGSIINPGSTGSAPWDEKDNDVDEEDEEDELDQSQHHVPIQDTFPFLNINGSPMAPASVGNCSVGN	65	148	331	183
1385	HUMAN02466	Q9NUC0	1	98	MTLVLSMNRFCEPIVSEGAAEIAGYQTLWEADSYGGPSPPGPAQAPLQGDRGAGPPLAGSHYRGISNPITTSKITYFKRKYVEEEDFHPPLSSCSHKT	97	53	168	115
1386	HUMAN02466	Q9NUC0	208	253	ANVGSASTAASSPSASSSSSSSSSSPPLPLPSCSRQVDFDVGSASI	45	309	380	71
1387	HUMAN02469	O95259	160	191	SSRGVLQQLAPSVQKGENVHKHSRLAEVLQLG	31	265	300	35
1389	HUMAN02469	O95259	960	989	SRRSSQSPQELFEISRPQSPESERDIFGAS	29	1248	1387	139
1390	HUMAN02474	Q7Z3Z2	134	195	EAHKLTRQWSLRPRGSLATFKTRARISPFASDIRTISEDVERDTPPPLRSWSMPEFRAPKAD	61	175	264	89
1391	HUMAN02474	Q7Z3Z2	1	51	MSLISWLRWNEAPSRLSTRSPAEMVLETLMMELTGQMREAERQQRERSNAV	50	26	88	62
1393	HUMAN02475	Q9Y6M5	451	507	PQAPSGKDAEKTPAVSISCLELSNNLEKKPRRTKAENIPAVVIEIKNMPNKQPESSL	56	1599	1714	115
1395	HUMAN02477	Q92604	1	36	MAITLEEAPWLGWLLVKALMRFAFMVVNNLVAIPSY	35	166	251	85
1398	HUMAN02484	Q9UMX5	1	41	MVGPAPRRRLRPLAALALVLALAPGLPTARAGQTPRPAERG	40	1	71	70
1400	HUMAN02488	Q9NR55	1	53	MSQGLPAAGSVLQRSVAAPGNQPQPQPQQQSPEDDDRKVRRREKNRVAAQRSR	52	18	107	89
1401	HUMAN02490	Q96IY1	224	281	CHRKPDAKPENFITQIETTPTETASRKTSDMVLKRKQTKDCPQRKWYPLRPKKINLDT	57	284	350	66
1402	HUMAN02495	Q537H7	1	98	MASINRTIEIMKKHGVSKQHLLEEINKKRESNCLVERSNQVSLLRVQKRHFPDAYQSFTDTTTKEPVPNSGRSSWIKLSLLAHMERKHFPPKNNAIFG	97	0	111	111
1403	HUMAN02496	Q9Y5Y0	1	97	MARPDDEEGAAVAPGHPLAKGYLPLPRGAPVGKESVELQNGPKAGTFPVNGAPRDSLAAASGVLGGPQTPLAPEEETQARLLPAGAGAETPGAESSP	96	36	262	226
1404	HUMAN02496	Q9Y5Y0	518	555	HNINIGITNVDVKAIPADSPTDQEPKTVMLSKQSESAI	37	1151	1275	124
1405	HUMAN02497	Q86V25	1	44	MTGSAADTHRCPHPKGAKGTRSRSSHARPVSLATSGGSEEEDKD	43	0	63	63
1406	HUMAN02497	Q86V25	296	348	KPASAHSPTQVRSRGKSLSPRRRQASPPRRLGRREKSPALPEKKVADLSTLNE	52	317	405	88
1412	HUMAN02503	P49454	1825	1885	CIELEKIVGELKKENSDLSEKLEYFSCDHQELLQRVETSEGLNSDLEMHADKSSREDIGDN	60	3370	3453	83
1416	HUMAN02504	O95069	1	53	MLPSASRERPGYRAGVAAPDLLDPKSAAQNSKPRLSFSTKPTVLASRVESDTT	52	14	94	80
1417	HUMAN02504	O95069	328	398	HAAEWTANVTAEFKETRRRLSVEIYDKFQRATSIKRKLSAELAGNHNQELTPCRRTLSVNHLTSERDVLPP	70	392	479	87
1422	HUMAN02516	Q6XR72	389	485	EPLEQKDLLLLCNSPCISKGCAKQLCCPPGALPLAHVNGCAEHNGGPSLDTYGSDGLSRRDAREVAIEVSLDSCLSDHGQSLNKTQEDQCYVNRTHF	96	909	1099	190
1423	HUMAN02517	P07814	708	748	KEMPTSGSKEKTKVEATKNETSAPFKERPTPSLNNNCTTSE	40	1617	1846	229
1424	HUMAN02517	P07814	954	1019	SATGAEDKDKKKKEKENKSEKQNKPQKQNDGQRKDPSKNQGGGLSSSGAGEGQGPKKQTRLGLEAK	65	2723	2916	193
1426	HUMAN02520	Q9H2M9	31	69	SGALRRDPSKSTDWEDDGWGAWEENEPQEPEEEGNTCKT	38	186	313	127
1427	HUMAN02523	Q9H7X2	1	65	MTVGARLRSKAESSLLRRGPRGRGRTEGDEEAAAILEHLEYADEAEAAAESGTSAADERGPGTRG	64	67	152	85
1428	HUMAN02527	Q14774	1	43	MFAAGLAPFYASNFSLWSAAYCSSAGPGGCSFPLDPAAVKKPS	42	0	96	96
1429	HUMAN02527	Q14774	254	290	DTFPGPYAVLTKDTMPQTYKRKRSWSRAVFSNLQRKG	36	386	425	39
1430	HUMAN02527	Q14774	328	488	RMKWRHSKEAQAQKDKDKEAGEKPSGGAPAADGEQDERSPSRSEGEAESESSDSESLDMAPSDTERTEGSERSLHQTTVIKAPVTGALITASSAGSGGSSGGGGNSFSFSSASSLSSSSTSAGCASSLGGGGASELLPATQPTASSAPKSPEPAQGALGCL	160	474	700	226
1431	HUMAN02527	Q14774	53	173	GVGDLGAAPEGLAGASAAALTAHLGSVHPHASFQAAARSPLRPTPVVAPSEVPAGFPQRLSPLSAAYHHHHPQQQQQQQQPQQQQPPPPPRAGALQPPASGTRVVPNPHHSGSAPAPSSKD	120	105	292	187
1432	HUMAN02528	Q9Y6W6	18	142	VRPQDLNLCLDSSYLGSANPGSNSHPPVIATTVVSLKAANLTYMPSSSGSARSLNCGCSSASCCTVATYDKDNQAQTQAIAAGTTTTAIGTSTTCPANQMVNNNENTGSLSPSSGVGSPVSGTPK	124	51	243	192
1433	HUMAN02529	Q6UWX4	1	32	MLRTSTPNLCGGLHCRAPWLSSGILCLCLIFL	31	124	196	72
1436	HUMAN02531	Q5JRA6	1416	1506	ECESESEGQNKGGNDSDELANGEVGGDRNEKMKNQIKQMMDVSRTQTAISVVEEDLKLLQLKLRASVSTKCNLEDQVKKLEDDRNSLQAAK	90	2576	2683	107
1438	HUMAN02533	Q96BJ3	114	154	PVPLRRILAPGEEENLEFEEDEEEGGAGAGSPDSFPARVPG	40	203	295	92
1439	HUMAN02534	Q5VW32	377	411	KRPKDDSTKPKPEEEVKPVKEPDIKPQKDTGCYIS	34	535	608	73
1442	HUMAN02539	Q5VX71	408	490	DQSPPAYPGSGDTDTGPGESETCDSVSGSSELLQSLYSPPRCQESTHPASDNPDIIASTAEEVASTSPGIDIADEIPLMEEDP	82	458	591	133
1444	HUMAN02547	Q9NVF7	1	61	MAAAAEERMAEEGGGGQGDGGSSLASGSTQRQPPPPAPQHPQPGSQALPAPALAPDQLPQN	60	17	112	95
1445	HUMAN02547	Q9NVF7	313	368	QNARLAELERKLREVMESAVGNSSGSGQNEESPRKRKKATEAIDSLRKSKRLRNRK	55	432	638	206
1450	HUMAN02568	O75610	226	258	APAGLGEPQLELHTLDLGDYGAQGDCDPEAPMT	32	246	287	41
1451	HUMAN02570	Q96C36	274	320	QEKISPAALKKTLLDRVKLESPTVSTLTPSSPGKLLTRSLALGGKKD	46	305	352	47
1452	HUMAN02571	O00292	224	258	QGAPAGLGEPQLELHTLDLRDYGAQGDCDPEAPMT	34	283	321	38
1453	HUMAN02572	Q6IQ49	126	159	AEREAEKEQKRLERLQRKLVEPKHCFTSPDYQQQ	33	294	354	60
1455	HUMAN02575	Q9H3P7	188	237	KKRKEEEERRRREEEERERLQKEEEKRRREEEERLRREEEERRRIEEERL	49	320	387	67
1456	HUMAN02575	Q9H3P7	22	69	DPEERPGAEGAPLLPPPLPPPSPPGSGRGPGASGEQPEPGEAAAGGAA	47	102	189	87
1458	HUMAN02576	Q9H2W2	1	91	MATAESRALQFAEGAAFPAYRAPHAGGALLPPPSPAAALLPAPPAGPGPATFAGFLGRDPGPAPPPPASLGSPAPPKGAAAPSASQRRKRT	90	0	108	108
1459	HUMAN02578	P09874	202	232	VKSEGKRKGDEVDGVDEVAKKKSKKEKDKDS	30	452	590	138
1460	HUMAN02578	P09874	352	387	KQDRIFPPETSASVAATPPPSTASAPAAVNSSASAD	35	800	957	157
1461	HUMAN02578	P09874	483	521	AEVKAEPVEVVAPRGKSGAALSKKSKGQVKEEGINKSEK	38	1138	1262	124
1462	HUMAN02581	Q69YW2	1	31	MEPSHKDAETAAAAAAVAAADPRGASSSSGV	30	0	43	43
1466	HUMAN02585	Q5VT25	412	485	DRSCLRVTAGPTSLDLDVNVQRTLDNNLATEAYERRIKRLEQEKLELSRKLQESTQTVQALQYSTVDGPLTASK	73	572	684	112
1467	HUMAN02585	Q5VT25	644	705	KDRKLREQSEHYSKQLENELEGLKQKQISYSPGVCSIEHQQEITKLKTDLEKKSIFYEEELS	61	865	974	109
1468	HUMAN02586	Q5SXM1	1	94	MGTISLCIGVCAFEGANTSTSFYKLVYTAILSYSIQDLLPEQDMKDLCQKVTLTRHRSWGLDNLHLVKDWRTVNEGKGQKEYCNRLTQCSSTKS	93	30	189	159
1469	HUMAN02588	Q5SQN1	151	184	PGAVADASVPRTRGEELTGLMAGSQKRLEDTARV	33	228	270	42
1470	HUMAN02588	Q5SQN1	1	44	MRAARRGLHCAGAERPRRRGRLWDSSGVPQRQKRPGPWRTQTQE	43	0	81	81
1471	HUMAN02590	Q9H9V9	1	43	MRAGPEPQALAGQKRGALRLLVPRLVLTVSAPAEVRRRVLRPV	42	0	54	54
1472	HUMAN02591	A1L453	1	47	MAAPASVMGPLGPSALGLLLLLLVVAPPRVAALVHRQPENQGISLTG	46	1	66	65
1474	HUMAN02602	Q5T442	107	203	EQERRRALRRRPGPRRAPRAHLPPPHAGWPEPADLGEEEPMLGLGEEEEEEETGAAEGAGEEAEEAGAEEACTKAVGADGKAAGTPGPTGQHDGRRR	96	111	225	114
1475	HUMAN02602	Q5T442	296	439	DAVRGRRGPPASAPAPAPRPPPCAFPAAAAGLACPPDYSLVVRAAERARAHDQNLANLALQALRDGAAAGDRDRDSSPCVGLPAASRGPPRAGAPASRTGSATSAGTVGEQGRPGTHERPGAKPRAGSEKGSASSRDGKTTVWI	143	317	537	220
1477	HUMAN02616	Q8N257	1	36	MPDPSKSAPAPKKGSKKAVTKAQKKDGKKRKRGRKE	35	0	81	81
1478	HUMAN02618	Q7L0Q8	1	47	MPPQQGDPAFPDRCEAPPVPPRRERGGRGGRGPGEPGGRGRAGGAEG	46	8	94	86
1479	HUMAN02618	Q7L0Q8	227	258	DTQQQPKKSKSRTPDKMKNLSKSWWKKYCCFV	31	292	332	40
1480	HUMAN02620	P20338	187	218	RMGSGIQYGDAALRQLRSPRRAQAPNAQECGC	31	246	290	44
1484	HUMAN02629	Q10471	1	75	MRRRSRMLLCFAFLWVLGIAYYMYSGGGSALAGGAGGGAGRKEDWNEIDPIKKKDLHHSNGEEKAQSMETLPPGK	74	10	240	230
1485	HUMAN02630	Q8N414	1	92	MAEGGGGARRRAPALLEAARARYESLHISDDVFGESGPDSGGNPFYSTSAASRSSSAASSDDEREPPGPPGAAPPPPRAPDAQEPEEDEAGA	91	0	226	226
1486	HUMAN02631	Q14746	467	503	SNESPKEIKKPLVTGSKEPSITQGNTEDQGSGPSETK	36	1197	1272	75
1488	HUMAN02636	Q8NBP0	1	108	MAPAGCCCCCCFWGGAVAAAGAARRVLLLLLLGVLSAGLRPGALATEHYSPLSLLKQELQHRQQQEAPAGGGGCSPQSGDWGDQYSAECGESSFLNFHDSDCEPKGSS	107	6	211	205
1489	HUMAN02640	Q96GI7	127	184	AASSPDCTYALENGFFDEEEEYFQEQNSLHDRRDRGPPRDLSLPVSSLSSSDWILESI	57	161	241	80
1490	HUMAN02640	Q96GI7	1	86	MSGARAAPGAAGNGAVRGLRVDGLPPLPKSLSGLLHSASGGGASGGWRHLERLYAQKSRIQDELSRGGPGGGGARAAALPAKPPNL	85	13	115	102
1491	HUMAN02641	Q6ZTA4	244	298	PFAKHRLVQPPPPPPPPAEAASGPTGTAQGAPSGGGGCKSPGGAGAGATGGSTAR	54	331	398	67
1492	HUMAN02641	Q6ZTA4	41	154	GEQHLPQPLLLSRGSGLQAGAAAAASLEHDAAAGPACGGAGGSAAGGLGGGAGGGGDHADKLSLYSETDSGYGSYTPSLKSPNGVRVLPMVPAPPGSSAAAARGAACSSLSSSS	113	82	236	154
1493	HUMAN02642	Q8NDD1	217	264	QIKEKKAAKEEEKRLAQETDIFKKKKRKGQEDRKSKKKSAPSILSNGR	47	260	312	52
1494	HUMAN02642	Q8NDD1	40	174	GGTEGETEQKKIIKKRENKKRDVMASAALAAEPSPLPGSLIRGQRKSASSFFKELREERHCAPSGTPTGPEILAAAVPPSSLKNNREQVEVVEFHSNKKRKLTPDHNKNTKQANPSVLERDVDTQEFNLEKARLE	134	61	218	157
1495	HUMAN02644	Q8IYI6	104	158	TLLPAAAAAGAAAASGGEEGVGGAGGRDHLRGQAGFFSTPGGASRDGSGPGEEGK	54	677	791	114
1496	HUMAN02644	Q8IYI6	287	328	KRRREQEEAAAPRGPPQVTSKATNPFEDDEEEEPAVPEVEEE	41	1052	1243	191
1498	HUMAN02646	Q9GZT9	54	185	HKLVCQGSEGALGHGVGPHQHSGPAPPAAVPPPRAGAREPRKAAARRDNASGDAAKGKVKAKPPADPAAAASPCRAAAGGQGSAVAAEAEPGKEEPPARSSLFQEKANLYPPSNTPGDALSPGGGLRPNGQT	131	83	332	249
1499	HUMAN02649	Q99598	1	32	MSNKEGSGGFRKRKHDNFPHNQRREGKDVNSS	31	82	215	133
1501	HUMAN02652	Q9P2F8	1	183	MSDPRQSQEEKHKLGRASSKFKDPPRIMQSDDYFARKFKAINGNMGPTTSLNASNSNETGGGGPANGTPAVPKMGVRARVSEWPPKKDCSKELTCKALWESRSQTSYESITSVLQNGQSDQSEGQQDEQLDLDFVEAKYTIGDIFVHSPQRGLHPIRQRSNSDVTISDIDAEDVLDQNAVNPN	182	10	205	195
1502	HUMAN02652	Q9P2F8	263	316	YVDSALLMGRDRDKPFKRRLKSESVETSLFRKLRTVKSEHETFKFTSELEESRL	53	284	338	54
1503	HUMAN02652	Q9P2F8	350	406	NVGKRKNITTGASAASQTQMPTGQTGNCESPLGSKEDLNSKENLDADEGDGKSNDLV	56	371	463	92
1505	HUMAN02656	A6NKB5	733	803	NNDCLSQAREMQVSSSSTTTSESQDPSSGDPAVSALQQQLLLMVARRTQSETPRHVSQDLEASSCSSTQGK	70	1046	1154	108
1507	HUMAN02658	Q5TCX8	1	38	MALRGAAGATDTPVSSAGGAPGGSASSSSTSSGGSASA	37	5	61	56
1509	HUMAN02659	O00180	282	336	VKKDKDEDQVHIIEHDQLSFSSITDQAAGMKEDQKQNEPFVATQSSACVDGPANH	54	316	390	74
1511	HUMAN02667	Q15388	30	61	SDPNFKNRLRERRKKQKLAKERAGLSKLPDLK	31	95	167	72
1512	HUMAN02668	P42696	1	177	MALEGMSKRKRKRSVQEGENPDDGVRGSPPEDYRLGQVASSLFRGEHHSRGGTGRLASLFSSLEPQIQPVYVPVPKQTIKKTKRNEEEESTSQIERPLSQEPAKKVKAKKKHTNAEKKLADRESALASADLEEEIHQKQGQKRKNSQPGVKVADRKILDDTEDTVVSQRKKIQINQE	176	2	242	240
1513	HUMAN02668	P42696	365	430	KEKFKQQNSNPRLKNVSKPKQGLNFTSKTAEGHPKSLFIGEKAVLLKTKKKGQKKSGRPKKQRKQK	65	445	593	148
1514	HUMAN02671	Q4LE39	128	168	PEHFGTPVIGKKTNRGRRSNHIPEEESSSSSSDEDEDDRKQ	40	231	293	62
1515	HUMAN02671	Q4LE39	268	303	ELKEDSSSSEAEEEEEEEDDEKEKEDNSSEEEEEIE	35	407	458	51
1517	HUMAN02677	Q99698	1006	1096	KEEQGKKEGDTSVNENQDLNRISQPKRTMKEDLLSLAIKSDPIPSELGSLKKSADSLGKLELQHISSINVEEVSATEAAPEEAKLFTSQES	90	1656	1772	116
1518	HUMAN02677	Q99698	1174	1257	ADFEHNDAMTEKSHQSAEELSSQPGDFSEEAEDSQCCSFKLLVEEEGYEADSESNPEDGETQDDGVDLKSETEGFSASSSPNDL	83	1858	2025	167
1519	HUMAN02677	Q99698	1487	1517	AESTTEKGKKIKKRNKSLILPDSSFDGTESD	30	2350	2431	81
1521	HUMAN02677	Q99698	2605	2635	SLLMKMRSVANDELHVMMQRRMSQENPSQAT	30	4066	4142	76
1522	HUMAN02677	Q99698	831	867	QKDASVPDIDGIDIEQKELSSVHVGTSFHHQQAYSDS	36	1343	1384	41
1523	HUMAN02677	Q99698	90	234	EEKATDFNLPLSADIILTKEKNSSSQRSTQEKLHLEGSALSSQVSAKVNVFRKSRRQRKITHRYSVRDARKTQLSTSDSEANSDEKGIAMNKHRRPHLLHHFLTSFPKQDHPKAKLDRLATKEQTPPDAMALENSREIIPRQGSN	144	298	523	225
1524	HUMAN02679	P14543	285	360	DGAEYDDEDEDYDLATTRLGLEDVGTTPFSYKALRRGGADTYSVPSVLSPRRAATERPLGPPTERTRSFQLAVETF	75	450	602	152
1525	HUMAN02680	O60478	1	32	MRPERPRPRGSAPGPMETPPWDPARNDSLPPT	31	44	92	48
1526	HUMAN02682	Q8WWZ3	1	105	MGLRTTKQMGRGTKAPGHQEDHMVKEPVEDTDPSTLSFNMSDKYPIQDTELPKAEECDTITLNCPRNSDMKNQGEENGFPDSTGDPLPEISKDNSCKENCTCSSC	104	5	148	143
1527	HUMAN02684	Q9H583	1169	1199	DKAKPLGTVQQKRRQKMQQKKSQDLESVQEV	30	3358	3399	41
1528	HUMAN02688	Q92736	1327	1412	LFGPKNDLEDYDADSDFEVLMKTAHGHLVPDRVDKDKEATKPEFNNHKDYAQEKPSRLKQRFLLRRTKPDYSTSHSARLTEDVLAD	85	1686	1928	242
1529	HUMAN02688	Q92736	1855	1891	ATPEEESDTLEKELSVDDAKLQGAGEEEAKGGKRPKE	36	2436	2516	80
1530	HUMAN02688	Q92736	3428	3458	MSFLITDTKSKMSKAAVSDQERKKMKRKGDR	30	4566	4619	53
1531	HUMAN02688	Q92736	4201	4248	QLAAQISESDLNERSANKEESEKERPEEQGPRMAFFSILTVRSALFAL	47	5527	5593	66
1534	HUMAN02694	Q9H772	1	49	MFWKLSLSLFLVAVLVKVAEARKNRPAGAIPSPYKDGSSNNSERWQHQI	48	10	96	86
1535	HUMAN02695	P49802	205	252	GCVNTTEVDIKKSSRMRNPHKTRKSVYGLQNDIRSHSPTHTPTPETKP	47	615	790	175
1536	HUMAN02696	P07954	1	49	MYRALRLLARSRPLVRAPAAALASAPGLGGAAVPSFWPPNAARMASQNS	48	328	516	188
1537	HUMAN02698	Q9H1Y3	1	31	MYSGNRSGGHGYWDGGGAAGAEGPAPAGTLS	30	91	186	95
1538	HUMAN02698	Q9H1Y3	330	397	RCQRPAKDLPAAGSEMQIRPIVMSQKDGDRPKKKVTFNSSSIIFIITSDESLSVDDSDKTNGSKVDVI	67	500	574	74
1539	HUMAN02700	P26374	109	214	MEDNVEEIGALQKNPSLGVSNTFTEVLDSALPEESQLSYFNSDEMPAKHTQKSDTEISLEVTDVEESVEKEKYCGDKTCMHTVSDKDGDKDESKSTVEDKADEPIR	105	396	613	217
1540	HUMAN02700	P26374	611	656	PNPEDIIFDGDDKQPEAPGTNNVVMAKLESSEESKNLESPEKHLQN	45	1530	1593	63
1541	HUMAN02702	B1ANS9	1022	1081	SLRFLPLIGVEAQKDSSDGITGKKKGGHVQREKAPRRRSLKKNLVPQINLASSFFPAIPK	59	1419	1502	83
1543	HUMAN02704	A8MW95	20	90	SSESRSLPAAPAPTSGQAEPGDTREPGVTTREVTDAEEQQDGASSRSPPGDGSVSKGHANIFTLLGELGAM	70	118	290	172
1544	HUMAN02706	Q8N7P1	1	102	MEIRQHEWLSASPHEGFEQMRLKSRPKEPSPSLTRVGANFYSSVKQQDYSASVWLRRKDKLEHSQQKCIVIFALVCCFAILVALIFSAVDIMGEDEDGLSEK	101	15	167	152
1545	HUMAN02706	Q8N7P1	505	536	TKQPNCSSLFKLKPLSNKTATDDTGGKDPRNV	31	708	750	42
1547	HUMAN02707	Q5SW79	1498	1584	GTLEALNNMGFPSAMLPSPPKQKSSPVNNHHSPGQTPTLGQPEARALHPAAVSAAAEFENAESEADFSIHFNRFNPDGEEEDVTVQE	86	3006	3117	111
1549	HUMAN02712	Q9Y243	111	142	RQEEERMNCSPTSQIDNIGEEEMDASTTHHKR	31	458	618	160
1550	HUMAN02717	Q9BSY9	156	194	QSSVSQELQDELEEAEDAAASASVASTAAGSRPGRHTKL	38	252	355	103
1552	HUMAN02722	Q00839	678	708	PPEKKQNTGSKKSNKNKSGKNQFNRGGGHRG	30	1100	1177	77
1555	HUMAN02727	Q2KJY2	1	127	MNSVAGNKERLAVSTRGKKYGVNEVCSPTKPAAPFSPESWYRKAYEESRAGSRPTPEGAGSALGSSGTPSPGSGTSSPSSFTGSPGPASPGIGTSSPGSLGGSPGFGTGSPGSGSGGGSSPGSDRGV	126	0	131	131
1556	HUMAN02727	Q2KJY2	802	853	KKKKTKYTSSSSGGESSCEEGRMRRPTQLRPFHTRATVDPDFPIAHLSSDPD	51	1037	1093	56
1558	HUMAN02729	Q9H5Q4	23	68	FCILGSEAATRKHLPARNHCGLSDSSPQLWPEPDFRNPPRKASKAS	45	192	269	77
1559	HUMAN02730	Q6PJW8	1	164	MDDSDTPTYYLQIEPQDGCHPGDSVERSVTCLPSASDENENQLDGDGHEHLTSSDSAMGKPQVSEQDSLNNNESCTLSCEVAAGENLQNTLCEASRDEQAFLGKDKKIPGKRSPRSKKGTAKKIPPGLFSGDIAPLMQEKVLSAVTYAVDDEEAAEVNANEQPE	163	93	295	202
1561	HUMAN02737	Q9BS34	46	104	KSEDQNIQDDFKNPGRNLSSHVVERLFEIKEGSQYGETFSQDSNLNLNKKVSTGVKPCE	58	53	122	69
1562	HUMAN02738	Q96BR6	1	84	MVSGLRLASRSGEEGWLKPAVARLGPPRHRLRNLRTESPWRSRGSVLFCSGPGRAGRAAEPLHPVCTCGRHFRRPEPCREPLAS	83	0	84	84
1563	HUMAN02739	Q15973	55	108	KGEDQSIEDQYKNSSRNLRHIISHSGNNPYGCEECGKKPCTCKQCQKTSLSVTR	53	54	157	103
1564	HUMAN02740	Q96IT1	1	39	MPTALCPRVLAPKESEEPRKMRSPPGENPSPQGELPSPE	38	0	39	39
1565	HUMAN02740	Q96IT1	488	518	PDRLQPVEKREQAASEDADKGPKEPLENGKA	30	699	739	40
1566	HUMAN02741	Q96P20	91	131	EPKWGSDNARVSNPTVICQEDSIEEEWMGLLEYLSRISICK	40	123	175	52
1567	HUMAN02743	Q5JQS6	1	64	MGNYLLRKLSCLGENQKKPKKGNPDEERKRQEMTTFERKLQDQDKKSQEVSSTSNQENENGSGS	63	0	67	67
1568	HUMAN02788	Q7L8J4	1	140	MAELRQVPGGRETPQGELRPEVVEDEVPRSPVAEEPGGGGSSSSEAKLSPREEEELDPRIQEELEHLNQASEEINQVELQLDEARTTYRRILQESARKLNTQGSHLGSCIEKARPYYEARRLAKEAQQETQKAALRYERA	139	37	225	188
1569	HUMAN02788	Q7L8J4	276	393	RGGLPPHPLGPRRSSPVGAEAGPEDMEDGDSGIEGAEGAGLEEGSSLGPGPAPDTDTLSLLSLRTVASDLQKCDSVEHLRGLSDHVSLDGQELGTRSGGRRGSDGGARGGRHQRSVSL	117	374	575	201
1570	HUMAN02793	Q6P3X8	1	109	MASTSRDVIAGRGIHSKVKSAKLLEVLNAMEEEESNNNREEIFIAPPDNAAGEFTDEDSGDEDSQRGAHLPGSVLHASVLCEDSGTGEDNDDLELQPAKKRQKAVVKPQ	108	114	266	152
1572	HUMAN02801	Q92615	1	154	MTSDQDAKVVAEPQTQRVQEGKDSAHLMNGPISQTTSQTSSIPPLSQVPATKVSELNPNAEVWGAPVLHLEASSAADGVSAAWEEVAGHHADRGPQGSDANGDGDQGHENAALPDPQESDPADMNALALGPSEYDSLPENSETGGNESQPDSQE	153	44	271	227
1573	HUMAN02801	Q92615	310	341	AKAIAINTFLPKNGFRPLDVSLYAQQRYATSF	31	428	466	38
1574	HUMAN02801	Q92615	350	383	QQQFPLYSLITPQTWSATHSYLDPPLVTPFPNTG	33	474	509	35
1577	HUMAN02809	Q9Y2I8	1	46	MPTESASCSTARQTKQKRKSHSLSIRRTNSSEQERTGLPRDMLEGQ	45	23	157	134
1578	HUMAN02810	Q9NS39	198	275	AHLAMGGGPGPGTDFTSDQADFPDTLFQEFEPPAPRPGLAGGRPGDAALLSAAYGRRRLLCRALDLVGPTPATPAAPG	77	289	390	101
1579	HUMAN02810	Q9NS39	1	112	MASVLGSGRGSGGLSSQLKCKSKRRRRRRSKRKDKVSILSTFLAPFKHLSPGITNTEDDDTLSTSSAEVKENRNVGNLAARPPPSGDRARGGAPGAKRKRPLEEGNGGHLCK	111	6	198	192
1580	HUMAN02818	Q99612	52	195	ASEIKFDSQEDLWTKIILAREKKEESELKISSSPPEDTLISPSFCYNLETNSLNSDVSSESSDSSEELSPTAKFTSDPIGEVLVSSGKLSSSVTSTPPSSPELSREPSQLWGCVPGELPSPGKVRSGTSGKPGDKGNGDASPDG	143	97	292	195
1581	HUMAN02827	Q969E3	1	115	MLMPVHFLLLLLLLLGGPRTGLPHKFYKAKPIFSCLNTALSEAEKGQWEDASLLSKRSFHYLRSRDASSGEEEEGKEKKTFPISGARGGARGTRYRYVSQAQPRGKPRQDTAKSP	114	0	144	144
1583	HUMAN02829	Q7Z628	506	596	AGSPPELQGLPELHEECEGNHPSARKLTAQRRASTVSSVTQVEVDENAYRCGSGMQMAEDSKSLKTHQTQPGIRRARDKALSGGKRKETLV	90	650	778	128
1585	HUMAN02834	Q5VWN6	218	268	RSPSLSVAPQDRMKDPTFLGKLPSGFDLIPPAEKCPSESLTQLNSYFSDPS	50	532	586	54
1588	HUMAN02847	P01589	189	272	ETSQFPGEEKPQASPEGRPESETSCLVTTTDFQIQTEMAATMETSIFTTEYQVAVAGCVFLLISVLLLSGLTWQRRQRKSRRTI	83	216	331	115
1589	HUMAN02847	P01589	88	118	RNTTKQVTPQPEEQKERKTTEMQSPMQPVDQ	30	100	133	33
1590	HUMAN02853	Q04759	297	370	STQQARCLRDTEQIFREGPVEIGLPCSIKNEARPPCLPTPGKREPQGISWESPLDEVDKMCHLPEPELNKERPS	73	378	484	106
1591	HUMAN02854	Q5VUG0	1	39	MESTLSASNMQDPSSSPLEKCLGSANGNGDLDSEEGSSL	38	0	123	123
1592	HUMAN02854	Q5VUG0	480	521	TVSQKKRKIAVVQPEKQLPPTVPVKKIPHDLCLFPHLDTTGT	41	645	710	65
1594	HUMAN02857	P19823	1	62	MKRLTCFFICFFLSEVSGFEIPINGLSEFVDYEDLVELAPGKFQLVAENRRYQRSLPGESEE	61	83	233	150
1597	HUMAN02868	Q86WR7	1	50	MPVTHRKSDASDMNSDTSPSCRLRAFSRGGSLESRSSSSRSRSFTLDDES	49	83	150	67
1603	HUMAN02875	O75794	48	79	GRDDPPTHSQPDSDDEAEEIQWSDDENTATLT	31	254	375	121
1604	HUMAN02876	Q8IU85	322	385	LHLGSSLDSSNASVSSSLSLASQKDCLAPSTLCSFISSSSGVSGVGAERRPRPTTVTAVHSGSK	63	711	883	172
1605	HUMAN02877	Q9BQI4	231	270	ARKKGRHLELANQKLSEKLAAGALPHINARGPVRPPYLRG	39	312	365	53
1607	HUMAN02878	Q96CV9	505	547	AFEDGGRQSLMEMQSRHGARTSDSDQQAYLVQRGAEDRDWRQQ	42	1138	1312	174
1610	HUMAN02883	Q8WVF2	1	112	MTWRQAVLLSCFSAVVLLSMLREGTSVSVGTMQMAGEEASEDAKQKIFMQESDASNFLKRRGKRSPKSRDEVNVENRQKLRVDELRREYYEEQRNEFENFVEEQNDEQEERS	111	20	174	154
1613	HUMAN02895	Q49AH0	1	32	MWCASPVAVVAFCAGLLVSHPVLTQGQEAGGR	31	23	61	38
1614	HUMAN02906	P78345	210	283	DRIEDSGENLETEPLESQDRELLDTSFEDLSKPKRKLADGRQASVTLQPLKIKKLIPNPNKIRKPPKSKKATPK	73	247	362	115
1615	HUMAN02906	P78345	57	101	LQKIEDKKKKNKTPFLKKESREKCSIAVDISENLKEKKTDAKQQV	44	87	132	45
1616	HUMAN02907	O60551	1	111	MAEDSESAASQQSLELDDQDTCGIDGDNEEETEHAKGSPGGYLGAKKKKKKQKRKKEKPNSGGTKSDSASDSQEIKIQQPSKNPSVPMQKLQDIQRAMELLSACQGPARNI	110	47	240	193
1618	HUMAN02909	P53708	884	916	PEDTPELSAFLRNSTIPHLVRKRDVHVVEFHRQ	32	1268	1404	136
1619	HUMAN02912	Q5VWW1	1	120	MVLLLVILIPVLVSSAGTSAHYEMLGTCRMVCDPYGGTKAPSTAATPDRGLMQSLPTFIQGPKGEAGRPGKAGPRGPPGEPGPPGPMGPPGEKGEPGRQGLPGPPGAPGLNAAGAISAAT	119	34	190	156
1620	HUMAN02914	O60494	1	36	MMNMSLPFLWSLLTLLIFAEVNGEAGELELQRQKRS	35	51	92	41
1621	HUMAN02918	P08670	1	89	MSTRSVSSSSYRRMFGGPGTASRPSSSRSYVTTSTRTYSLGSALRPSTSRSLYASSPGGVYATRSSAVRLRSSVPGVRLLQDSVDFSLA	88	72	222	150
1622	HUMAN02918	P08670	415	466	LPNFSSLNLRETNLDSLPLVDTHSKRTLLIKTVETRDGQVINETSQHHDDLE	51	670	813	143
1623	HUMAN02921	P61647	40	94	SREATHGTPAALRTLRSPATAVPRATNSTYLNEKSLQLTEKCKNLQYGIESFSNK	54	150	228	78
1624	HUMAN02924	Q92783	267	298	DLTAEPEMIKTEKKTVQFSDDVQVETIEPEPE	31	898	994	96
1626	HUMAN02925	Q5W0B7	154	220	GSQKSSENGHIHSTSLQHIKTVTEQVRQSPENAASPQATNSTQVSQPSGAMTRSQESVFMGPQEPSC	66	183	329	146
1627	HUMAN02926	P22897	1363	1396	AKPTHELLTTKADTRKMDPSKPSSNVAGVVIIVI	33	1549	1596	47
1628	HUMAN02926	P22897	1416	1456	VHLPQEGAFENTLYFNSQSSPGTSDMKDLVGNIEQNEHSVI	40	1619	1664	45
1629	HUMAN02927	Q504Y0	1	40	MCFRTKLSVSWVPLFLLLSRVFSTETDKPSAQDSRSRGSS	39	56	105	49
1630	HUMAN02927	Q504Y0	263	303	STCIKNEKIHQFQRKQNNIITHDQDYSNFSSSMEKESEDGP	40	363	440	77
1631	HUMAN02927	Q504Y0	472	534	NDKQGLSLVNGHVGHSHHLALNSELSDQAGRGKSASTIQLKSPEDSQAAEMPIGSMTASNRKC	62	656	727	71
1632	HUMAN02928	Q08289	187	280	EQRAKQGKFYSSKSGGNSSSSLGDIVPSSRKSTPPSSAIDIDATGLDAEENDIPANHRSPKPSANSVTSPHSKEKRMPFFKKTEHTPPYDVVPS	93	214	323	109
1633	HUMAN02928	Q08289	1	91	MVQRDMSKSPPTAAAAVAQEIQMELLENVAPAGALGAAAQSYGKGARRKNRFKGSDGSTSSDTTSNSFVRQGSADSYTSRPSDSDVSLEED	90	0	119	119
1634	HUMAN02928	Q08289	468	660	SSSLPNPLLSRTLATSSLPLSPTLASNSQGSQGDQRTDRSAPIRSASQAEEEPSVEPVKKSQHRSSSSAPHHNHRSGTSRGLSRQETFDSETQESRDSAYVEPKEDYSHDHVDHYASHRDHNHRDETHGSSDHRHRESRHRSRDVDREQDHNECNKQRSRHKSKDRYCEKDGEVISKKRNEAGEWNRDVYIRQ	192	514	735	221
1635	HUMAN02934	Q6UX71	356	457	SSGFDRHRQDWVDSGCPEESKEKMCENTEPVETSSRTTTTVGATTTQFRVLTTTRRAVTSQFPTSLPTEDDTKIALHLKDNGASTDDSAAEKKGGTLHAGLI	101	626	786	160
1636	HUMAN02934	Q6UX71	52	108	EEVEVDSHAYSHRWKRNLDFLKAVDTNRASVGQDSPEPRSFTDLLLDDGQDNNTQIE	56	213	317	104
1637	HUMAN02939	Q5VZT2	94	133	VSFSLYKPPIQAAPEPDPGNWAKSPRLSLGPEGITKGKHG	39	93	134	41
1638	HUMAN02941	Q5T4H9	1	136	MQSREPSGWRTAERRRGWRCRGVPTPSGDRGPGAARPAARGGAGETTGQQRPLQVPGASAAAARTRLLRWHHRVPSPRATRSPGSIRRTSPCSGGPDRPERPECADACCYLLDPFTLPLIQDFFRGCAASDFDRRD	135	0	146	146
1639	HUMAN02942	Q1XH10	44	79	TVHKRMDHLKVKKHHCDLEELRKLKAINSIAFHAAK	35	43	79	36
1641	HUMAN02946	Q96KC8	185	225	RKKREKKKKTGSKSVDVSKLGASEKNERLLMKPQWHDLLPC	40	365	415	50
1642	HUMAN02946	Q96KC8	1	36	MTAPCSQPAQLPGRRQLGLVPFPPPPPRTPLLWLLL	35	127	195	68
1643	HUMAN02946	Q96KC8	238	327	LPHLIQDAGQFYAKYKETRLKEKEDALTRTELETLQKQKKVKKPKPEFPVYTPLETTYIQSYDHGTSIEEIEEQMDDWLENRNRTQKKQA	89	428	591	163
1644	HUMAN02946	Q96KC8	348	493	GTPGRWEKIAHELGRSVTDVTTKAKQLKDSVTCSPGMVRLSELKSTVQNSRPIKTATTLPDDMITQREDAEGVAAEEEQEGDSGEQETGATDARPRRRKPARLLEATAKPEPEEKSRAKRQKDFDIAEQNESSDEESLRKERARSA	145	612	849	237
1645	HUMAN02954	P48426	288	330	QEEVECEENDGEEEGESDGTHPVGTPPDSPGNTLNSSPPLAPG	42	887	1038	151
1646	HUMAN02955	Q5W041	612	697	PPSSMEDKSDVGYGRSISSSSSLRRSSKEKNKKNSYHFSAGFGSPIEDKSEPASGRNTVLSKSATKEKGWRKSKGKKEEEKVKEEE	85	882	1115	233
1647	HUMAN02956	Q9Y3D2	1	48	MARLLWLLRGLTLGTAPRRAVRGQAGGGGPGTGPGLGEAGSLATCELP	47	40	171	131
1648	HUMAN02958	Q7RTS3	1	165	MDAVLLEHFPGGLDAFPSSYFDEDDFFTDQSSRDPLEDGDELLADEQAEVEFLSHQLHEYCYRDGACLLLQPAPPAAPLALAPPSSGGLGEPDDGGGGGYCCETGAPPGGFPYSPGSPPSCLAYPCAGAAVLSPGARLRGLSGAAAAAARRRRRVRSEAELQQLR	164	6	195	189
1654	HUMAN02963	Q5T5U3	1042	1137	NEEDTGVTNRDLISRRIKEYNNLMSKAEQLPKTPRQSLSIRQTLLGAKSEPKTQSPHSPKEESERKLLSKDDTSPPKDKGTWRKGIPSIMRKTFEK	95	1297	1413	116
1657	HUMAN02963	Q5T5U3	1	40	MMATRRTGLSEGDGDKLKACEVSKNKDGKEQSETVSLSED	39	9	100	91
1659	HUMAN02970	Q5T848	1177	1215	ETPAQPNAGRSVALPASSALSANKIAGPRKEEIWDSFKV	38	1439	1489	50
1660	HUMAN02970	Q5T848	1	73	MGAMAYPLLLCLLLAQLGLGAVGASRDPQGRPDSPRERTPKGKPHAQQPGRASASDSSAPWSRSTDGTILAQK	72	2	137	135
1662	HUMAN02971	Q8NEV4	879	921	GNLPHSKTKNVINYQMRTSEKLINLAKGDTGEATRHARETTNM	42	1197	1295	98
1663	HUMAN02972	Q05329	1	92	MASPGSGFWSFGSEDGSGDSENPGTARAWCQVAQKFTGGIGNKLCALLYGDAEKPAESGGSQPPRAAARKAACACDQKPCSCSKVDVNYAFL	91	0	123	123
1664	HUMAN02973	Q7Z5R6	1	165	MGESSEDIDQMFSTLLGEMDLLTQSLGVDTLPPPDPNPPRAEFNYSVGFKDLNESLNALEDQDLDALMADLVADISEAEQRTIQAQKESLQNQHHSASLQASIFSGAASLGYGTNVAATGISQYEDDLPPPPADPVLDLPLPPPPPEPLSQEEEEAQAKADKIKL	164	8	233	225
1668	HUMAN02979	Q96TA2	25	125	TPKNTSVSLSGVSVSQNQHRDVVPEHEAPSSECMFSDFLTKLNIVSIGKGKIFEGYRSMFMEPAKRMKKSLDTTDNWHIRPEPFSLSIPPSLNLRDLGLSE	100	172	311	139
1670	HUMAN02981	Q96GX5	660	732	SHINASNNSEPSRMNMTSLDAMDISCAYSGSYPMAITPTQKRRSCMPHQQTPNQIKSGTPYRTPKSVRRGVAP	72	1175	1288	113
1672	HUMAN02983	Q3KNS1	1	112	MPWVEPKPRPGPEQKPKLTKPDSATGPQWYQESQESESEGKQPPPGPLAPPKSPEPSGPLASEQDAPLPEGDDAPPRPSMLDDAPRLPLELDDAPLPEEETPEPTAICRHRH	111	0	124	124
1673	HUMAN02986	Q8IYA7	149	301	YVQGNAERLSVSSDDSCSEDGENPPRTHMNEGGYNTPVHHPVIKSENSVIKAGVRPESRASEDYVAPPKYKSSLLNRYLNDSLRHVMATNTTMMGKTRQRNHSGSFSSNEFEEELVSPSSSETEGNFVYRTDTLENGSNKGESAANRKGPSKD	152	329	554	225
1674	HUMAN02986	Q8IYA7	39	75	ARPEVGIPDGPPLKDNLGLRHRRTGARQNGGKVRHKR	36	180	224	44
1676	HUMAN02988	Q5T2T1	302	345	RPEILVQPLKVSNRKSSGFRKSFRLSRKDKKTNKSMYECKKSDQ	43	606	737	131
1677	HUMAN02992	Q13145	111	217	DVLSPPRGEASGQGNRYQHDGSRNLITKVQELTSSKELWFRAAVIAVPIAGGLILVLLIMLALRMLRSENKRLQDQRQQMLSRLHYSFHGHHSKKGQVAKLDLECMV	106	266	394	128
1680	HUMAN02996	Q9NVV4	25	60	PIVRLLSCPGTVAKDLRRDEQPSGSVETGFEDKIPK	35	93	182	89
1681	HUMAN02996	Q9NVV4	535	582	APNRKSFTKKKSNKFAIETVKNLLESLKGNRTENFTKTSGKRTISTQT	47	887	976	89
1682	HUMAN02997	P41279	409	467	KRLLSRKELELPENIADSSCTGSTEESEMLKRQRSLYIDLGALAGYFNLVRGPPTLEYG	58	568	637	69
1683	HUMAN02997	P41279	40	69	AVYEPSLMTMCQDSNQNDERSKSLLLSGQE	29	177	220	43
1685	HUMAN03001	Q7Z4V0	597	649	EPAPSELQPGDIPKNRDMSVRGMEGSLERENKSNLEEDFLLNQADEVKLQIKC	52	792	866	74
1686	HUMAN03004	Q8IWW6	298	342	WTRDASISKGDFQNPGDQELLSSEENYYSTSYSQSDSQCGSPPRG	44	431	603	172
1687	HUMAN03004	Q8IWW6	393	465	ASSQQQREIIKSRSLDRRLQEPIVLTKWRHSTIVLDTNDKESPTASKPCFPENESSPSSPKHQDTASSPKDQE	72	706	813	107
1688	HUMAN03004	Q8IWW6	579	628	VETDEGIEEEIPDSPGIEKHDKEKEQKDPKKLRSFKVSSIDSSEQKKTKK	49	969	1048	79
1690	HUMAN03005	P33176	370	438	NGETVPIDEQFDKEKANLEAFTVDKDITLTNDKPATAIGVIGNFTDAERRKCEEEIAKLYKQLDDKDEE	68	1047	1223	176
1691	HUMAN03005	P33176	886	963	ENASRDRKRYQQEVDRIKEAVRSKNMARRGHSAQIAKPIRPGQHPAASPTHPSAIRGGGAFVQNSQPVAVRGGGGKQV	77	1957	2166	209
1692	HUMAN03006	Q9H2F5	276	453	GDYNGEIMSEVMAQRQPMKPTYAIPIIPITNSSQFKHQEAMDVKEFKVNKQDKADLIRPKRKYEKKPKVLPSSAAATPQQTSPAALPVFNAKDLNQYDFPSSDEEPLSQVLSGSSEAEEDNDPDGPFAFRRKAGCQYYAPHLDQTGNWPWTSPKDGGLGDVRYRYCLTTLTVPQRCIG	177	283	497	214
1694	HUMAN03010	O14786	814	846	DLDKKNPEIKIDETGSTPGYEGEGEGDKNISRK	32	962	1009	47
1696	HUMAN03016	Q8TEW0	368	453	QLSQSEKNNYYSSRFSPDSQYIDNRSVNSAGLHTVQRAPRLNHPPEQIDSHSRLPHSAHPSGKPPSAPASAPQNVFSTTVSSGYNT	85	791	1001	210
1699	HUMAN03029	Q96KN9	227	370	RPGPPTSPSIRKQSGASGHAEGRRTDEEGGREEEGAPAPPGARAGGEGAGSPRRTSRVSGHTKIPDEDESEVTSSASEKLGRQPRGRPHREAAQDPRGSGSEEQPSAAPSRLAAPPSCSSLQPPDPPASSSGAPHLRARKSEWV	143	237	414	177
1700	HUMAN03030	Q9H461	136	230	DRLPEQGNPDTLCMDYNRTDLTTAAPSPPRRLPPPPPGEQPPSGSGHGRPPGARPPHRGGGRGGGGGDAAAPPARGGGGGGKARPPGGGAAPCEP	94	227	353	126
1701	HUMAN03030	Q9H461	344	380	APGAGGAGGAGGAAAGAGAAGAGAGGPGGRGEYEELG	36	500	539	39
1702	HUMAN03030	Q9H461	624	694	SKGAAVGGGAGATAAGGGGGPGGGGGGGPGGGGGPGGGGGSLYSDVSTGLTWRSGTASSVSYPKQMPLSQV	70	824	925	101
1703	HUMAN03038	P17032	61	145	EKGEEPWILEEKFPSQSHLELINTSRNYSIMKFNEFNKGGKCFCDEKHEIIHSEEEPSEYNKNGNSFWLNEDLIWHQKIKNWEQS	84	209	332	123
1704	HUMAN03042	Q14692	1222	1282	MKKAKEQRHLHNKEHFRAKQKEEEEKLKRQKDLRKKLFRIQGQKERRNQKSSLKGAEGQLQ	60	3953	4081	128
1708	HUMAN03043	P07949	661	704	HKFAHKPPISSAEMTFRRPAQAFPVSYSSSGARRPSLDSMENQV	43	816	860	44
1709	HUMAN03044	Q8N6G5	1	116	MPRRGLILHTRTHWLLLGLALLCSLVLFMYLLECAPQTDGNASLPGVVGENYGKEYYQALLQEQEEHYQTRATSLKRQIAQLKQELQEMSEKMRSLQERRNVGANGIGYQSNKEQA	115	15	209	194
1710	HUMAN03047	P52597	365	415	TGASNGAYSSQVMQGMGVSAAQATYSGLESQSVSGCYGAGYSGQNSMGGYD	50	569	740	171
1711	HUMAN03057	A0PK05	132	254	KRKKRKAAPEVLASPEQYTDPSSSAVSTTGSGDTEQTYTFHGALKEGPSSLFIHMKSILKGTKKPSALQPPNTLMELSLEPADSLAKKKQVHFEDNLVRIVPSLAEGLDDGDSEPEETTSDTT	122	213	344	131
1712	HUMAN03058	Q9H2L5	75	170	REQVHLPSTSWMPRRPSCPLKEPSPQNGNITAQGPSIQPVHKAESSTDSSGPLEEAEEAPQLMRTKSDASCMSQRRPKCRAPGEAQRIRRHRFSIN	95	217	409	192
1713	HUMAN03062	Q9NTK1	1	212	MRSRLLLSVAHLPTIRETTEEMLLGGPGQEPPPSPSLDDYVRSISRLAQPTSVLDKATAQGQPRPPHRPAQACRKGRPAVSLRDITARFSGQQPTLPMADTVDPLDWLFGESQEKQPSQRDLPRRTGPSAGLWGPHRQMDSSKPMGAPRGRLCEARMPGHSLARPPQDGQQSSDLRSWTFGQSAQAMASRHRPRPSSVLRTLYSHLPVIHEL	211	0	233	233
1714	HUMAN03066	Q5T0T0	1	76	MSMPLHQISAIPSQDAISARVYRSKTKEKEREEQNEKTLGHFMSHSSNISKAGSPPSASAPAPVSSFSRTSITPSS	75	0	81	81
1716	HUMAN03072	O14925	1	38	MEGGGGSGNKTTGGLAGFFGAGGAGYSHADLAGVPLTG	37	36	85	49
1717	HUMAN03075	A6NF34	349	425	GIFRNWLYFVPLLLLVPLLLCCVWRLCRKQTVKEPPPVQKPEKEPEQEKPPSPPPPPPPPPPPLPPPPPAPVNTCPT	76	388	508	120
1718	HUMAN03075	A6NF34	446	483	LDTFCDLSHASCHQVPWMCCQSRDQGRYLSLALAQSQY	37	528	572	44
1719	HUMAN03075	A6NF34	493	631	CFPHSQECLSLPQAPCSPRMCLRHSRECLALKQARCSPNICLRHSQHSRECLARKQAPCSPRICLRHSPEYFSQAQTLCNPKSCLQPSRECLPLTCSSRCRLPPARCLRPPSRMLPLLSPLLRHTAEPPLSLPPSEPNF	138	594	771	177
1720	HUMAN03078	P50391	343	375	SAPLEESEHLPLSTVHTEVSKGSLRLSGRSNPI	32	452	513	61
1722	HUMAN03079	O60269	396	458	AAVDLEVLGVAIQKHLEMQFEQLQRAPASEDSLSVEGRRGPLRAVMQSLRRPSCCGCSGAAPE	62	597	693	96
1723	HUMAN03083	Q4JDL3	1	117	MSSPRDFRAEPVNDYEGNDSEAEDLNFRETLPSSSQENTPRSKVFENKVNSEKVKLSLRNFPHNDYEDVFEEPSESGSDPSMWTARGPFRRDRWSSEDEEAAGPSQALSPLLSDTRK	116	1	200	199
1724	HUMAN03085	P55107	1	72	MAHVPARTSPGPGPQLLLLLLPLFLLLLRDVAGSHRAPAWSALPAAADGLQGDRDLQRHPGDAAATLGPSAQ	71	0	116	116
1726	HUMAN03086	Q9UK05	1	51	MCPGALWVALPLLSLLAGSLQGKPLQSWGRGSAGGNAHSPLGVPGGGLPEH	50	5	65	60
1727	HUMAN03086	Q9UK05	279	324	EQESVLKKLSKDGSTEAGESSHEEDTDGHVAAGSTLARRKRSAGAG	45	318	381	63
1729	HUMAN03095	P0DQD5	343	375	SAPLEESEHLPLSTVHTEVSKGSLRLSGRSNPI	32	457	555	98
1730	HUMAN03098	P45983	366	427	RTKNGVIRGQPSPLGAAVINGSQHPSSSSSVNDVSSMSTDPTLASDTDSSLEAAAGPLGCCR	61	585	739	154
1731	HUMAN03100	Q7Z5H3	1	35	MLSPKIRQARRARSKSLVMGEQSRSPGRMPCPHRL	34	19	69	50
1732	HUMAN03101	Q6ZS81	1833	1867	AQKGVGAESTRNTSSPEAAAEGDSTVEGLQAPTKA	34	2595	2657	62
1733	HUMAN03101	Q6ZS81	1	38	MEAEDLSKAEDRNEDPGSKNEGQLAAVQPDVPHGGQSS	37	72	120	48
1734	HUMAN03101	Q6ZS81	2204	2246	AMKLMPGRQAKDPECKTEDFVSCIENYRRRGQELYASLYKDHV	42	3091	3192	101
1735	HUMAN03101	Q6ZS81	2293	2369	GPARMRKRIKRLSPLEALSSGRHKESQDKNDHISQTNAENQDELTLREAEGEPDEVGVDCTQLTFFPALHESLHSED	76	3254	3424	170
1736	HUMAN03101	Q6ZS81	939	979	KILDSSHTHRGNPGCSGSQTAQGLAEGPWPAAPDAGLHPGV	40	1393	1443	50
1737	HUMAN03103	Q8IW00	221	278	QNSSGETVTSVTSLAPLQPKKGKRQKEKPDIPPAVPAKAPIAPTFHKPKLLKPQRKVT	57	509	590	81
1738	HUMAN03105	A6NMN3	152	185	SSFEMASNTDMRWDLEACKSNCSPEPEDIDLLEC	33	207	248	41
1739	HUMAN03105	A6NMN3	1	101	MKCYFTDHRGEQSPTDGTTLSLTSPESTEESVEVFWPGTIQREGSSPRPGPAIPREEGLYFAARDRGMRDWSSSPSSESSEYQSYSQYQSCCSCMCDEDNA	100	48	156	108
1740	HUMAN03105	A6NMN3	246	283	AQGQAHDQQLEEEQSPSDNSECSRPQGEVLSAQQQEKQ	37	315	367	52
1741	HUMAN03111	A6NNA5	1	38	MFYFHCPPQLEGTATFGNHSSGDFDDGFLRRKQRRNRT	37	0	54	54
1743	HUMAN03113	Q03468	1260	1293	VGVHSVMKHDAIMDGASPDYVLVEAEANRVAQDA	33	1770	1807	37
1744	HUMAN03113	Q03468	1306	1423	GAVSGVPTWTGHRGISGAPAGKKSRFGKKRNSNFSVQHPSSTSPTEKCQDGIMKKEGKDNVPEHFSGRAEDADSSSGPLASSSLLAKMRARNHLILPERLESESGHLQEASALLPTTE	117	1822	2026	204
1748	HUMAN03117	Q16572	68	118	GEGPTRTPEVWEPTLPLPTPANASAYTANTSASPTAAWPAGSALRPRYPTE	50	294	378	84
1749	HUMAN03121	Q9ULD0	1	46	MSQLRLLPSRLGVQAARLLAAHDVPVFGWRSRSSGPPATFPSSKGG	45	278	398	120
1752	HUMAN03126	Q641Q2	1	43	MMNRTTPDQELAPASEPVWERPWSVEEIRRSSQSWSLAADAGL	42	115	262	147
1756	HUMAN03139	O94907	143	186	QNHFRGEIEETITESFGNDHSTLDGYSRRTTLSSKMYHTKGQEG	43	264	325	61
1757	HUMAN03139	O94907	1	79	MMALGAAGATRVFVAMVAAALGGHPLLGVSATLNSVLNSNAIKNLPPPLGGAAGHPGSAVSAAPGILYPGGNKYQTIDN	78	64	173	109
1758	HUMAN03140	P11226	1	106	MSLFPSLPLLLLSMVAASYSETVTCEDAQKTCPAVIACSSPGINGFPGKDGRDGTKGEKGEPGQGLRGLQGPPGKLGPPGNPGPSGSPGPKGQKGDPGKSPDGDSS	105	7	140	133
1759	HUMAN03146	O95229	228	277	AEAEAENLPDDKPQQPTRPQEQSTGDTMGRDPGVSFKAVGLQPAGDVNLP	49	292	360	68
1760	HUMAN03148	Q8NFU5	1	37	MATEPPSPLRVEAPGPPEMRTSPAIESTPEGTPQPAG	36	30	93	63
1761	HUMAN03148	Q8NFU5	262	363	QPTTTKLNDRTLAEKFLSKGQLSDTEVLEYNNNFHVLSSTANGKIESSVGKSLSKMYARHRKIYTKKHHSQTSLKVENLEQDNGWKSMSQEHLNGNVLSQLE	101	342	516	174
1764	HUMAN03153	Q9H694	941	973	FESPNARTSFLEGGASGRLPRQYHSDIASVSGR	32	1971	2037	66
1765	HUMAN03159	Q7RTY1	193	285	SSDCPLPKKIAPEDLPDKYSIYNEKGKNLEENINILDKSYSSEEKCRITLANGDWKQDSLLHKNPTVTHTKEPETYKKKVAEQTYFCKQLAKR	92	425	576	151
1767	HUMAN03161	Q16204	1	116	MADSASESDTDGAGGNSSSSAAMQSSCSSTSGGGGGGGGGGGGGKSGGIVISPFRLEELTNRLASLQQENKVLKIELETYKLKCKALQEENRDLRKASVTIQARAEQEEEFISNTL	115	71	241	170
1768	HUMAN03162	Q12955	1	41	MAHAASQLKKNRDLEINAEEEPEKKRKHRKRSRDRKKKSDA	40	2	53	51
1769	HUMAN03170	O94844	302	363	ESPNGSEGACEKEKQSRDFQGRILSVDPEEEREEGPPRIPQADQWKSSNKSLVEALGLEAEG	61	406	513	107
1770	HUMAN03171	Q6ZUK4	313	368	ASLRSQSEGLKGEHGCRAQTSESGPSQRDWQNESKEGLAIPLRGSPVTSDDSHHTP	55	391	561	170
1771	HUMAN03173	Q8IVU9	106	158	CGPFPNPLEEGISFDIYSTFIEPPTILDTEMKRLDQEQGPEESQPETDTSDMD	52	325	389	64
1772	HUMAN03174	Q14865	132	171	EALGRNGQKEALLKYRQSTLNSGLNFKDVLKEKADLGEDE	39	184	227	43
1773	HUMAN03174	Q14865	237	323	NESICDEFAPNLKGRPRKKKPCPQRRDSFSGVKDSNNNSDGKAVAKVKCEARSALTKPKNNHNCKKVSNEEKPKVAIGEECRADEQA	86	294	433	139
1775	HUMAN03176	Q8IZC4	185	221	SITNTPKKLAKKLKTSISKATGKKISSVLQEEDDEMC	36	282	341	59
1778	HUMAN03180	Q96SZ5	1	44	MPRDNMASLIQRIARQACLTFRGSGGGRGASDRDAASGPEAPMQ	43	1	120	119
1779	HUMAN03182	Q96F24	48	254	TQSEQAHLSLELQRDSHMKQLLLIQERWKRAQREERLKAQQNTDKDAAAHLQTSHKPSAEDAEGQSPLSQKYSPSTEKCLPEIQGIFDRDPDTLLYLLQQKSEPAEPCIGSKAPKDDKTIIEEQATKIADLKRHVEFLVAENERLRKENKQLKAEKARLLKGPIEKELDVDADFVETSELWSLPPHAETATASSTWQKFAANTGKAK	206	57	307	250
1783	HUMAN03184	Q6NUK4	146	255	ERLRSFSMHDLTTIQGDEPVGQRPYQPLPEAKKKSKPAPSESAGYGIPLKDGDEKTDEEAEGPYSDNEMLTHKGLRRSQSMKSVKTTKGRKEVRYGSLKYKVKKRPQVYF	109	263	391	128
1784	HUMAN03186	Q9UI47	631	662	EELEDVSDLEEEHEVRSHTSIQTEGKTDRAKM	31	656	688	32
1785	HUMAN03188	Q86VH5	333	477	LRENTIICASPKELQGVNVIDAVKNYSICGKSTTERFDLARALPKPTFKPKLPRPKHESKPPLPPTVGATEPGPETDADAEHISFHKIIAGSVALFLSVLVILLVIYVSWKRYPASMKQLQQRSLMRRHRKKKRQSLKQMTPSTQ	144	381	574	193
1786	HUMAN03188	Q86VH5	543	581	KSFETNAQEDTMETHLETELDLSTITTAGRISDHKQQLA	38	741	794	53
1788	HUMAN03191	Q96EB6	505	621	VKLSEITEKPPRTQKELAYLSELPPTPLHVSEDSSSPERTSPPDSSVIVTLLDQAAKSNDDLDVSESKGCMEEKPQEVQTSRNVESIAEQMENPDLKNVGSSTGEKNERTSVAGTVR	116	739	964	225
1789	HUMAN03191	Q96EB6	661	747	SEDDVLSSSSCGSNSDSGTCQSPSLEEPMEDESEIEEFYNGLEDEPDVPERAGGAGFGTDGDDQEAINEAISVKQEVTDMNYPSNKS	86	1011	1114	103
1791	HUMAN03195	Q86TC9	363	412	SSDSEGDPNKEEMNRIQKPNEVSSPPTTSAVIPPAVPQAQHLVAQPRVAT	49	554	778	224
1793	HUMAN03196	Q8N100	1	50	MKSCKPSGPPAGARVAPPCAGGTECAGTCAGAGRLESAARRRLAANARER	49	0	57	57
1794	HUMAN03206	P16260	1	32	MAAATAAAALAAADPPPAMPQAAGAGGPTTRR	31	118	205	87
1795	HUMAN03209	Q8NFU7	1371	1402	SEEEVCSSSFGTSEFSTVDSAQKNFNDYAMNF	31	1668	1704	36
1796	HUMAN03209	Q8NFU7	1743	1840	KRTCFTQPVPRSGKKRAAMMTEVLAHKIRAVEKKPIPRIKRKNNSTTTNNSKPSSLPTLGSNTETVQPEVKSETEPHFILKSSDNTKTYSLMPSAPHP	97	2105	2218	113
1797	HUMAN03209	Q8NFU7	1916	1989	PVMEPLINSEPSTGVTEPLTPHQPNHQPSFLTSPQDLASSPMEEDEQHSEADEPPSDEPLSDDPLSPAEEKLPH	73	2301	2409	108
1798	HUMAN03209	Q8NFU7	2070	2109	AKEAKNKKMKASEQKDQAANEGPEQSSEVNELNQIPSHKA	39	2489	2541	52
1801	HUMAN03210	Q8IX12	736	772	AAKSGKFDCSIMSLSVLLDYRLEDNKEHSFEVSLFAE	36	1468	1505	37
1803	HUMAN03210	Q8IX12	981	1021	DTSKDEENHEESESLQEDMLGNRLLLPTPTVKQESKDVEEN	40	1878	2002	124
1805	HUMAN03214	Q9BQ39	1	136	MPGKLLWGDIMELEAPLEESESQKKERQKSDRRKSRHHYDSDEKSETRENGVTDDLDAPKAKKSKMKEKLNGDTEEGFNRLSDEFSKSHKSRRKDLPNGDIDEYEKKSKRVSSLDTSTHKSSDNKLEETLTREQKE	135	1	195	194
1806	HUMAN03214	Q9BQ39	668	737	YDGNTSSNSRQRSGWSSGRSGRSGRSGGRSGGRSGRQSRQGSRSGSRQDGRRRSGNRNRSRSGGHKRSFD	69	874	1078	204
1809	HUMAN03222	P10124	43	158	DSNSANCLEEKGPMFELLPGESNKIPRLRTDLFPKTRIQDLNRIFPLSEDYSGSGFGSGSGSGSGSGSGFLTEMEQDYQLVDESDAFHDNLRSLDRNLPSDSQDLGQHGLEEDFML	115	49	185	136
1811	HUMAN03224	Q8IYB8	680	730	SETHKLLNLEGFPSGSQSRLSGTLKSQARRTRGTKALGSKATEPPSPDAGE	50	1597	1724	127
1812	HUMAN03227	P21452	330	398	PTKEDKLELTPTTSLSTRVNRCHTKETLFMAGDTAPSEATSGEAGRPQDGSGLWFGYGLLAPTKTHVEI	68	470	600	130
1813	HUMAN03229	Q9Y4Z2	145	214	SLYALEPPAPHCGELGSPGGSPGDWGSLYSPVSQAGSLSPAASLEERPGLLGATFSACLSPGSLAFSDFL	69	167	255	88
1814	HUMAN03229	Q9Y4Z2	1	93	MTPQPSGAPTVQVTRETERSFPRASEDEVTCPTSAPPSPTRTRGNCAEAEEGGCRGAPRKLRARRGGRSRPKSELALSKQRRSRRKKANDRER	92	0	116	116
1815	HUMAN03230	Q96D05	1	62	MVRILANGEIVQDDDPRVRTTTQPPRGSIPRQSFFNRGHGAPPGGPGPRQQQAGARLGAAQS	61	61	137	76
1816	HUMAN03230	Q96D05	88	121	PVTSILLLFLLMMLGVRGLLLVGLVYLVSHLSQR	33	162	196	34
1818	HUMAN03233	Q9P0M6	117	181	KRGTKGKSETILSPPPEKRGRKATSGKKGGKKSKAAKPRTSKKSKPKDSDKEGTSNSTSEDGPGD	64	131	222	91
1819	HUMAN03235	Q2T9J0	93	126	GPGGGAERGRPGLCTPQCASLEPGPPAPSRGRPL	33	272	321	49
1820	HUMAN03239	Q9GZQ6	351	430	RPSGSHKEAYSERPGGLLHRRVFVVVRPSDSGLPSESGPSSGAPRPGRLPLRNGRVAHHGLPREGPGCSHLPLTIPAWDI	79	410	521	111
1821	HUMAN03241	Q13542	1	120	MSSSAGSGHQPSQSRAIPTRTVAISDAAQLPHDYCTTPGGTLFSTTPGGTRIIYDRKFLLDRRNSPMAQTPPCHLPNIPGVTSPGTLIEDSKVEVNNLNNLNNHDRKHAVGDDAQFEMDI	119	0	159	159
1822	HUMAN03243	Q9ULE6	1	48	MGTTASTAQQTVSAGTPFEGLQGSGTMDSRHSVSIHSFQSTSLHNSKA	47	35	132	97
1823	HUMAN03245	Q8WXS8	211	256	AVQQEWAEPDGDLHNEAFGLGDLPNLLGLVGDQLGDTERKRRHAKP	45	366	450	84
1824	HUMAN03245	Q8WXS8	62	94	AASAGSMVVDTPPTLPRHSSHLRVARSPLHPGG	32	195	232	37
1825	HUMAN03250	Q8IZJ1	456	541	VYALQDSTDKIPMTNSPLLDPLPSLKVKVYSSSTTGSGPGLADGADLLGVLPPGTYPSDFARDTHFLHLRSASLGSQQLLGLPRDP	85	726	848	122
1826	HUMAN03251	Q9BZD2	1	44	MAVVSEDDFQHSSNSTYRTTSSSLRADQEALLEKLLDRPPPGLQ	43	76	215	139
1827	HUMAN03256	Q8TEF2	1	133	MSTEGPSLASSPAISPLAFLSAPVTPGTLAEATDPLPMLIALACIFLLLATCLLFMTLCKPAALDPSRRRAHECMPHHPGSPSEPQLRLWKRLGSLRLSLHSFRHGRPTVPRQPLPGPEDNRSHCDYMESTKM	132	45	205	160
1829	HUMAN03261	Q92563	1	87	MRAPGCGRLVLPLLLLAAAALAEGDAKGLKEGETPGNFMEDEQWLSSISQYSGKIKHWNRFRDEVEDDYIKSWEDNQQGDEALDTTK	86	7	102	95
1830	HUMAN03261	Q92563	368	423	TRTHGSPDCDDIVGFSGDFGSGVGWEDEEEKETEEAGEEAEEEEGEAGEADDGGYI	55	475	549	74
1831	HUMAN03267	Q96DE5	1	63	MAASSSSSSAGGVSGSSVTGSGFSVSDLAPPRKALFTYPKGAGEMLEDGSERFLCESVFSYQV	62	22	94	72
1832	HUMAN03268	Q9NX09	1	82	MPSLWDRFSSSSTSSSPSSLPRTPTPDRPPRSAWGSATREEGFDRSTSLESSDCESLDSSNSGFGPEEDTAYLDGVSLPDFE	81	19	139	120
1833	HUMAN03283	Q96BN6	1	87	MISRYTRKAVPQSLELKGITKHALNHHPPPEKLEEISPTSDSHEKDTSSQSKSDITRESSFTSADTGNSLSAFPSYTGAGISTEGSS	86	2	110	108
1835	HUMAN03284	Q8WXX5	182	212	SKQKMNARKRRAQEEAKEAEMSRKELGLDEG	30	596	704	108
1836	HUMAN03285	Q9Y3D3	101	137	PMMITNAERLRRKRAREVLLASQKTDAEATDTEATET	36	173	230	57
1837	HUMAN03286	Q5T0N1	397	455	GINSLLSKQAVSKNLKEDKPVKEKDIDGRPRPGDVQAPSIKSQSSDTPLEGEPPLSHNP	58	870	971	101
1839	HUMAN03288	Q4VC12	1	38	MAPRSRRRRHKKPPSSVAPIIMAPTTIVTPVPLTPSKP	37	14	65	51
1844	HUMAN03296	Q495W5	1	72	MAAGPIRVVLVLLGVLSVCAASGHGSVAEREAGGEAEWAEPWDGAVFRPPSALGAVGVTRSSGTPRPGREEA	71	33	233	200
1845	HUMAN03298	Q96BP2	1	40	MATPSLRGRLARFGNPRKPVLKPNKPLILANRVGERRREK	39	6	62	56
1846	HUMAN03299	A7E2V4	34	69	AESLCQNWRGWRKQSAGPNSPTGGGGGGGSGGTRMR	35	265	403	138
1848	HUMAN03301	P52849	1	82	MLQLWKVVRPARQLELHRLILLLIAFSLGSMGFLAYYVSTSPKAKEPLPLPLGDCSSGGAAGPGPARPPVPPRPPRPPETAR	81	62	229	167
1850	HUMAN03305	Q5SWW7	1	151	MFLHLDSHSSLERTKPTVVGVDTHMELDEVHCCPGRDSGGGFIKGPMLQGLQGEGKLAPIPKPTLPSPSRLTLFVSSSQMEDHGFPARRNGLTQASFIYQMPAGWGSPGGLFLPCQPVPTPVVLKPPLPPCPISWGESGPAVDGIRRTPAP	150	0	167	167
1852	HUMAN03309	Q8WYB5	181	210	GKGAPQYPSAFPSSLPPVSLLPHEKDQPRA	29	186	220	34
1855	HUMAN03310	Q68J44	1	32	MTSGEVKTSLKNAYSSAKRLSPKMEEEGEEED	31	95	176	81
1856	HUMAN03320	Q86VU5	1	44	MTQPVPRLSVPAALALGSAALGAAFATGLFLGRRCPPWRGRREQ	43	45	211	166
1858	HUMAN03330	Q8TDM6	1665	1714	LSMSEVKDDNSATKTLSAAARRSFFRRKHKHKRSGSKDGKDLLALDAFSS	49	3755	3834	79
1859	HUMAN03330	Q8TDM6	205	244	LQNQHTNALKRCEEVAKETDFYHTLHSRLLSDQTRLKDDV	39	441	496	55
1860	HUMAN03330	Q8TDM6	560	612	EALRSLDDTRKQKNDVSRELKELKEQMESQLEKEARFRQLMAHSSHDSAIDTD	52	1049	1159	110
1862	HUMAN03330	Q8TDM6	92	187	VGPPQPAEGAGSTYSVLSTMPSDSESSSSLSSVGTTGKAPSPPPLLTDQQVNEKVENLSIQLRLMTRERNELRKRLAFATHGTAFDKRPYHRLNPD	95	190	423	233
1863	HUMAN03334	Q9ULJ6	113	145	KSRQSDPPGKLPMQPPLSSMSSMKPTLSHSDGS	32	158	213	55
1866	HUMAN03337	P30405	1	43	MLALRCGSRWLGLLSVPRSVPLRLPAARACSKGSGDPSSSSSS	42	62	176	114
1867	HUMAN03339	Q8N2G6	32	81	HQASAFDAFRPEPTAGAAPPELAFGKGRPEQLGSPLHSSYLNSFFQLQRG	49	186	247	61
1872	HUMAN03352	Q5JTB6	2	34	RPLLCALTGLALLRAAGSLAAAEPFSPPRGDSA	32	1	67	66
1874	HUMAN03356	Q8WWB3	70	177	MMERLKAEELLLQQQQLALQLELEMQEKERQRIQELQRAQEQLGKEMRMNMENLVRNEDILHSEEATLDSGKTLAEISDRYGAPNLSRVEELDEPMFSDIALNIDQDL	107	117	295	178
1875	HUMAN03358	Q9BRX8	1	32	MSFLQDPSFFTMGMWSIGAGALGAAALALLLA	31	46	78	32
1876	HUMAN03364	Q9H3K2	1	73	MLAARLVCLRTLPSRVFHPAFTKASPVVKNSITKNQWLLTPSREYATKTRIGIRRGRTGQELKEAALEPSMEK	72	28	267	239
1877	HUMAN03365	Q6UWK7	1	59	MRLLVLSSLLCILLLCFSIFSTEGKRRPAKAWSGRRTRLCCHRVPSPNSTNLKGHHVRL	58	0	63	63
1878	HUMAN03370	Q9P2V4	351	426	STEHSGSPGALWARTGGGGEAAAYNNKLVARHVPQIPKPAVLATGPSVPSTKEELTLEHFQMDALGELSDGRAGPS	75	423	536	113
1882	HUMAN03381	Q9H8L6	25	54	SSTSLSDLQSSRTPGVWKAEAEDTGKDPVG	29	198	266	68
1883	HUMAN03381	Q9H8L6	648	728	LQEQALGWDELAARVTALEQASEPPRPAEHLEPSHDAGREEAATTALAGLARELQSLSNDVKNVGRCCEAEAGAGAASLNA	80	1163	1367	204
1884	HUMAN03381	Q9H8L6	736	809	ALFATQRSLEQHQRLFHSLFGNFQGLMEANVSLDLGKLQTMLSRKGKKQQKDLEAPRKRDKKEAEPLVDIRVTG	73	1375	1469	94
1885	HUMAN03384	O76070	1	127	MDVFKKGFSIAKEGVVGAVEKTKQGVTEAAEKTKEGVMYVGAKTKENVVQSVTSVAEKTKEQANAVSEAVVSSVNTVATKTVEEAENIAVTSGVVRKEDLRPSAPQQEGEASKEKEEVAEEAQSGGD	126	0	209	209
1886	HUMAN03387	P00367	1	61	MYRYLGEALLLSRAGPAALGSASADSAALLGWARGQPAAAPQPGLALAARRHYSEAVADRE	60	116	297	181
1887	HUMAN03388	Q86V20	137	168	KYQKLLSENKIRDEQPKHQPDICGKNFNTNLF	31	171	206	35
1888	HUMAN03388	Q86V20	258	305	KDKRRSPVNKGNVNMETEPKASYGEIRIPEENSIQLDGFTEAYESGQN	47	300	358	58
1889	HUMAN03388	Q86V20	52	84	DEKQHKNLENYKVPESIGSPDLSGHFLANCMNR	32	81	117	36
1893	HUMAN03395	B2CW77	28	60	NGRKLQPSEWAGRGDLGGFKRRWKDTRATVGTT	32	29	62	33
1894	HUMAN03395	B2CW77	81	119	DSSGGKSSSSFARGALAWCRQRNPNPSCAAAETGARTSL	38	82	121	39
1896	HUMAN03405	Q96FJ0	162	258	KRIAQMRQQQLESEQFLFFEDQLKKQELARGQMRSQQTSGLSEQIDGSALSCFSTHQNNSLLNVFADQPNKSDATNYASHSPPVNRALTPAATLSAV	96	346	519	173
1897	HUMAN03412	O14879	461	490	SELEDGSEEMGQGAVSSSPRELLSNSEQLN	29	550	580	30
1898	HUMAN03416	Q6ZSM3	1	39	MPSGSHWTANSSKIITWLLEQPGKEEKRKTMAKVNRARS	38	17	98	81
1899	HUMAN03416	Q6ZSM3	230	260	KEDHTTPEQNHVCRTQKEDIKRVSPYSSLTK	30	315	458	143
1900	HUMAN03416	Q6ZSM3	469	516	TQLQFIAKESDPKLQLWTNGSVAYSVARELDQKHGEPVATAVPGYSLT	47	742	806	64
1903	HUMAN03418	Q96Q89	222	262	QIKEVTVHNDSDDTLYGSLTNSLNISEFEESIKDYEQANLN	40	848	919	71
1905	HUMAN03419	P34969	1	73	MMDVNSSGRPDLYGHLRSFLLPEVGRGLPDLSPDGGADPVAGSWAPHLLSEVTASPAPTWDAPPDNASGCGEQ	72	28	152	124
1906	HUMAN03419	P34969	272	319	KHKFPGFPRVEPDSVIALNGIVKLQKEVEECANLSRLLKHERKNISIF	47	359	452	93
1907	HUMAN03419	P34969	408	479	RKLSAAGMHEALKLAERPERPEFVLRACTRRVLLRPEKRPPVSVWVLQSPDHHNWLADKMLTTVEKKVMIHD	71	547	627	80
1908	HUMAN03424	Q9UQK1	19	81	VMPVDVAMRLCLAHSPPVKSFLGPYDEFQRRHFVNKLKPLKSCLNIKHKAKSQNDWKCSHNQA	62	143	236	93
1909	HUMAN03426	Q8TAT2	121	233	RRPCHDPAPLQARLCAGKKGHGAELRLVPRASPPARPTVAGFAGESKPRARNRGRTRERASGPAAGTPPPQSAPPKENPSERKTNEGKRKAALVPNEERPMGTGPDPDGLDGN	112	216	357	141
1911	HUMAN03427	O14981	976	1013	HQKAAFAITSRRGPTPKAVKAQIADLPAGSSGNILVEL	37	3885	4005	120
1914	HUMAN03432	P52732	876	1056	QHNIFLDQMTIDEDKLIAQNLELNETIKIGLTKLNCFLEQDLKLDIPTGTTPQRKSYLYPSTLVRTEPREHLLDQLKRKQPELLMMLNCSENNKEETIPDVDVEEAVLGQYTEEPLSQEPSVDAGVDCSSIGGVPFFQHKKSHGKDKENRGINTLERSKVEETTEHLVTKSRLPLRAQINL	180	999	1197	198
1915	HUMAN03434	Q8TAG9	230	276	VSLQKQNKMKFGKNMYINRDRIPEERNETVLKHSLEEEDENEEEILT	46	382	479	97
1916	HUMAN03436	Q6V0L0	1	43	MFPWGLSCLSVLGAAGTALLCAGLLLSLAQHLWTLRWMLSRDR	42	93	295	202
1917	HUMAN03437	O43174	1	38	MGLPALLASALCTFVLPLLLFLAAIKLWDLYCVSGRDR	37	192	347	155
1918	HUMAN03438	Q9NZM1	132	190	PNDLSGPSVPGMGGDGEEDEGDEDRLDNAVRGPGPKGPVGTVSEAQLARRLTKVKNSRR	58	206	338	132
1920	HUMAN03440	Q53EZ4	377	432	LHVILKELRKARNQITQLESLKQLHEFAITEPLVTFQGETENREKVAASPKSPTAA	55	683	845	162
1921	HUMAN03441	Q5NUL3	240	275	ARAVVTHSEITKASRKRLTVSLAYSESHQIRVSQQD	35	337	435	98
1922	HUMAN03443	P51160	824	858	KVIEEEAKKQEGGAEKAAEDSGGGDDKKSKTCLML	34	877	972	95
1923	HUMAN03444	Q70Z53	1	70	MHGHGGYDSDFSDDERCGESSKRKKRTVEDDLLLQKPFQKEKHGKVAHKQVAAELLDREEARNRRFHLIA	69	36	142	106
1925	HUMAN03447	Q2M3R5	1	66	MRPQDSTGVAELQEPGLPLTDDAPPGATEEPAAAEAAGAPDRGRCWLCLSSPCCSRTEPEAKKKAP	65	51	256	205
1928	HUMAN03448	Q9P212	1	80	MTSEEMTASVLIPVTQRKVVSAQSAADESSEKVSDINISKAHTVRRSGETSHTISQLNKLKEEPSGSNLPKILSIAREKI	79	27	149	122
1929	HUMAN03448	Q9P212	2241	2302	ASREDKKKGISFASELKKLTKSTKQPRGLTSPSQLLTSESIQTKEEKPVGGLSSSDTMDYRQ	61	4294	4493	199
1931	HUMAN03449	Q8WTT2	435	483	KKDTEDINKPKKFMTFKEKRKSLSRMQRKWKKAEEKLERELREAEASES	48	1273	1384	111
1935	HUMAN03477	Q6AHZ1	1155	1310	TAANNLSVSNSASSLQKDNVPSNQIIGGEQKEPESRDALPFLLDDLMPANEIVITSTATCPESSEEPICVSDCSESRVLRCKTNCRIERNFNRKKTSKKIFSKTKTHGSKDSETAFVSRNRNCKRKCRDSYQEPPRRKATLHRKCKEKAKPEDVRE	155	1708	1922	214
1936	HUMAN03477	Q6AHZ1	293	453	EKLEKDKYEKRMAKTSAGLKLILKRYKIGASRKTFWKRKKINSGSDRSIEKNTQVLKKMNKTQTKSEDQSHVVQEHLSEEKDERLHCENNDKAPESESEKPTPLSTGQGNRAEEGPNASSGFMKTAVLGPTLKNVMMKNNKLAVSPNYNATFMGFKMMDGK	160	391	566	175
1939	HUMAN03481	Q96PE5	58	98	SSIEAMEESDRPCEISEIDDNPKISENPRRSPTHEKNTMGA	40	126	171	45
1941	HUMAN03484	Q6ZUJ8	143	174	EDSGCDSVTDTEPEDEKVVSYSKQQNLPTVTS	31	193	283	90
1942	HUMAN03484	Q6ZUJ8	320	386	NQLEEEDMMTNQRDEELPTLLHFAAKYGLKNLTALLLTCPGALQAYSVANKHGHYPNTIAEKHGFRD	66	433	503	70
1944	HUMAN03491	Q92837	1	42	MPCRREEEEEAGEEAEGEEEEEDSFLLLQQSVALGSSGEVDR	41	5	53	48
1945	HUMAN03491	Q92837	224	266	RLQLRAKLPQRPLLGPLSAPVHEPPSPRSPRAACSDPGASGRA	42	242	289	47
1946	HUMAN03491	Q92837	50	197	TLQLDAAQHSPASPCGPPGAPLRAPGPLAAAVPADKARSPAVPLLLPPALAETVGPAPPGVLRCALGDRGRVRGRAAPYCVAELATGPSALSPLPPQADLDGPPGAGKQGIPQPLSGPCRRGWLRGAAASRRLQQRRGSQPETRTGDD	147	60	216	156
1947	HUMAN03492	O75474	187	233	NLIKEAVRRLQRAVAAVAATGPASAPGPGGGRSGPDRIALQPSGSLL	46	204	251	47
1948	HUMAN03492	O75474	35	174	GSSGEVDRLVAQIGETLQLDAAQDSPASPCAPPGVPLRAPGPLAAAVPADKARPPAVPLLLPPASAETVGPAPSGALRCALGDRGRVRGRAAPYCVAEVAAGPSALPGPCRRGWLRDAVTSRRLQQRRWTQAGARAGDDD	139	37	190	153
1951	HUMAN03501	Q9HAC8	1	31	MGNCVGRQRRERPAAPGHPRKRAGRNEPLKK	30	61	218	157
1952	HUMAN03502	Q9GZV1	49	93	LAQEEENEKLRGDARQKLPMDLLVLEDEKHHGAQSAALQKVKGQE	44	231	285	54
1953	HUMAN03505	Q5T681	176	223	MKLQKNFLTQRENTIAGANHTHTFYGHSHHSHHGHPSHQSHSLPNRRH	47	186	316	130
1954	HUMAN03505	Q5T681	1	117	MLWVQRKRRRKETSECPSDKDKSPESHKAKNESWIKSHFSRLSEEKLALDNNASASGNATQTESGSEEVSSTVHIETFTTRHGEVGSALHRESFTSRQKTSGPSVIQEIHQESGKAP	116	0	128	128
1956	HUMAN03509	Q5T686	63	147	GDHRVAEALKRLRRKRPPRQKPLGHSLHHCSRLRILEPHSALANPQSATETASSEQYLHSRKKSARIRRNWRKSGPTSYLHQIRH	84	119	216	97
1957	HUMAN03511	Q5T4F4	1	31	MQTSEREGSGPELSPSVMPEAPLESPPFPTK	30	74	121	47
1958	HUMAN03514	Q9NQ79	615	661	PRPTTPTAAAATAAAAAAAGAATAAPVLVDGDLNLGSVVKESCEPSC	46	977	1063	86
1960	HUMAN03519	Q92902	248	330	ESTAEDDIQPSPRRARSSQNIPVQQAWSPHSTGPTGGSSAETETDSFSLPEEYFTPAPSPGDQSSGSTIWLEGGTPPMDALQI	82	473	658	185
1961	HUMAN03523	Q8TAU0	1	163	MMLPSPVTSTPFSVKDILNLEQQHQHFHGAHLQADLEHHFHSAPCMLAAAEGTQFSDGGEEDEEDEGEKLSYLNSLAAADGHGDSGLCPQGYVHTVLRDSCSEPKEHEEEPEVVRDRSQKSCQLKKSLETAGDCKAAEESERPKPRSRRKPRVLFSQAQVFEL	162	25	268	243
1962	HUMAN03523	Q8TAU0	235	352	GKPCVTPSAQAYGAPYSVGASAYSYNSFPAYGYGNSAAAAAAAAAAAAAAAAYSSSYGCAYPAGGGGGGGGTSAATTAMQPACSAAGGGPFVNVSNLGGFGSGGSAQPLHQGTAAGAA	117	345	523	178
1963	HUMAN03524	Q96A46	1	37	MELEGRGAGGVAGGPAAGPGRSPGESALLDGWLQRGV	36	88	178	90
1964	HUMAN03525	Q9NQZ7	24	58	FLRQRVAFLGLFFISCLLLLMLIIDFRHWSASLPR	34	42	140	98
1965	HUMAN03525	Q9NQZ7	572	604	LRRIHHRQTRASAPLDLLWLEEVVPMMGVQVGP	32	984	1166	182
1967	HUMAN03528	Q92887	255	304	RALQRRQEKSSQQNSGARLPGLNKNQSQSQDALVLEDVEKKKKKSGTKKD	49	1170	1294	124
1969	HUMAN03531	P15169	421	458	QVSPVRRAPSRRHGVRAKVQPQARKKEMEMRQLQRGPA	37	527	617	90
1970	HUMAN03532	O75477	315	348	KYSDIRTGRESSLPSKEALEPSGENVIQNKESTG	33	438	485	47
1971	HUMAN03533	O15111	661	745	SSARSLVGSSLEGAVTPQTSAWLPPTSAEHDHSLSCVVTPQDGETSAQMIEENLNCLGHLSTIIHEANEEQGNSMMNLDWSWLTE	84	787	888	101
1973	HUMAN03536	Q6QNY1	1	34	MAAAAEGVLATRSDEPARDDAAVETAEEAKEPAE	33	74	163	89
1975	HUMAN03538	Q9P0L9	742	805	GWLAPSPGVKEQAIWKHPQPAPAVTPDPWGVQGGQESEVPYKREEEALEERRLSRGEIPTLQRS	63	1340	1463	123
1976	HUMAN03540	O00767	1	65	MPAHLLQDDISSSYTTTTTITAPPSRVLQNGGDKLETMPLYLEDDIRPDIKDDIYDPTYKDKEGP	64	101	202	101
1977	HUMAN03542	Q9NQW1	502	546	SDVGLGESPQPKGNDLNSDRQQAFCSQASKHTTKEASASSAFFDE	44	914	1002	88
1979	HUMAN03545	Q02962	128	282	TVPSVSSINRIIRTKVQQPFHPTPDGAGTGVTAPGHTIVPSTASPPVSSASNDPVGSYSINGILGIPRSNGEKRKRDEVEVYTDPAHIRGGGGLHLVWTLRDVSEGSVPNGDSQSGVDSLRKHLRADTFTQQQLEALDRVFERPSYPDVFQASEH	154	189	378	189
1980	HUMAN03545	Q02962	298	334	PGLDEVKSSLSASTNPELGSNVSGTQTYPVVTGRDMA	36	393	521	128
1982	HUMAN03555	Q96RR1	1	51	MWVLLRSGYPLRILLPLRGEWMGRRGLPRNLAPGPPRRRYRKETLQALDMP	50	50	194	144
1983	HUMAN03555	Q96RR1	633	684	KNKARLKKIKDDTGPVAKKPSSGKKGATTQNSEICSGQAPTPDQPDTSKRSK	51	855	942	87
1985	HUMAN03556	Q9BRK4	596	656	FEGERLAWQAEKEQVIRYQKQLQHNYIQMYRRNRQLEQELQQLSLELEARELADLGLAEQA	60	836	898	62
1986	HUMAN03557	Q9H5P4	1	54	MAQGFAVGFDPLGLGDLSSGSLSSLSSRGHLGSDSGSTATRYLLRKQQRLLNGP	53	100	160	60
1989	HUMAN03557	Q9H5P4	952	1033	PSPRPSPSDSSALTDGGLPADHLPAHQPLDAAPVPAHWLPEPPTNPQTPPTDARLLQPTPSPAPSPALQTPDSKPAPSPRIP	81	1737	1829	92
1990	HUMAN03559	Q96I82	1	33	MLPPPRPAAALALPVLLLLLVVLTPPPTGARPS	32	25	73	48
1992	HUMAN03560	P31314	253	290	RTKWRRQTAEEREAERQQANRILLQLQQEAFQKSLAQP	37	406	446	40
1994	HUMAN03566	Q9UGP5	140	234	DHPQPSKAEQDASIPPGTHEALLQTALSPPPPPTRPVSPPQKAKEAPNTQAQPISDDEASDGEETQVSAADLEALISGHYPTSLEGDCEPSPAPA	94	370	558	188
1995	HUMAN03566	Q9UGP5	1	35	MDPRGILKAFPKRQKIHADASSKVLAKIPRREEGE	34	64	129	65
1996	HUMAN03570	O75607	144	178	NDVSEEESEEEEEDSDEEEVELCPILPAKKQGGRP	34	265	338	73
1997	HUMAN03571	O60502	1	55	MVQKESQATLEERESELSSNPAASAGASLEPPAAPAPGEDNPAGAGGAAVAGAAG	54	220	308	88
1999	HUMAN03574	Q5T2E6	323	361	MGLVTTPVSPAPTTPVTPLGTTPPSSDVISSVELPLDAD	38	859	943	84
2000	HUMAN03577	Q86U70	1	61	MSVGCACPGCSSKSFKLYSPKEPPNGNAFPPFHPGTMLDRDVGPTPMYPPTYLEPGIGRHT	60	87	204	117
2001	HUMAN03578	Q5VV67	142	298	NLSPFDSIPDSELLVSPREGSSLHKLLTLSRTPPERDLITPVDPLGPSTGSSRGSGVEMSLPDPSWDFSPPSFLETSSPKLPSWRPPRSRPRWGQSPPPQQRSDGEEEEEVASFSGQILAGELDNCVSSIPDFPMHLACPEEEDKATAAEMAVPAAG	156	451	639	188
2004	HUMAN03582	Q92538	1288	1340	RADAPDAGAQSDSELPSYHQNDVSLDRGYTSDSEVYTDHGRPGKIHRSATDAD	52	4215	4346	131
2005	HUMAN03582	Q92538	1431	1486	KSQEKRGKSHKYDSKGNRFKKKSKEGSMLRRPRTSSQHASRGGQSDDDEDEGVPAS	55	4552	4686	134
2008	HUMAN03583	Q00653	1	33	MESCYNPGLDGIIEYDDFKLNSSIVEPKEPAPE	32	8	50	42
2009	HUMAN03583	Q00653	331	462	DKEEVQRKRRKALPTFSQPFGGGSHMGGGSGGAAGGYGGAGGGGSLGFFPSSLAYSPYQSGAGPMGCYPGGGGGAQMAATVPSRDSGEEAAEPSAPSRTPQCEPQAPEMLQRAREYNARLFGLAQRSARALL	131	404	606	202
2010	HUMAN03583	Q00653	697	729	ENEEPLCPLPSPPTSDSDSDSEGPEKDTRSSFR	32	899	991	92
2011	HUMAN03583	Q00653	851	900	ETRDKLPSTAEVKEDSAYGSQSVEQEAEKLGPPPEPPGGLCHGHPQPQVH	49	1125	1202	77
2013	HUMAN03584	A5PKW4	717	746	LRRSLSELADPNPKVIKRISGGSGSGSSPF	29	944	983	39
2014	HUMAN03584	A5PKW4	980	1024	AGSTEDGLPPSHSSPSLQPKPSSQPRAQRHSSEPRPGAGSGRRKP	44	1242	1331	89
2015	HUMAN03588	Q9H467	89	145	DARNKENLQPQSSGVQGQVPISPEPLQRPEMLKEETRSSAAAAADTQDEATGAEEEL	56	140	268	128
2016	HUMAN03593	Q9UMX1	320	353	SKPVLPPINPQRQNGLAHDRAPSRKDSLESDSST	33	781	867	86
2017	HUMAN03595	Q9BZR9	393	434	SGPVGGQYGAAGTASGEGQSGQPLGPCSSTQHLVALPGGAQP	41	440	499	59
2018	HUMAN03603	Q9H8M5	3	69	GCGACEPKVKMAGGQAAAALPTWKMAARRSLSARGRGILQAAAGRLLPLLLLSCCCGAGGCAAVGEN	66	2	104	102
2019	HUMAN03603	Q9H8M5	736	783	TELLAAGSPGENKSPPRPCGLNHSDSLSRSDRIDAVTPTLGSSNNQLN	47	852	909	57
2020	HUMAN03603	Q9H8M5	822	875	DKTPQSSDSENTKIELTLTELHDGLPDETANLLNEQNCVTHSKANHSLHNEGAI	53	947	1056	109
2022	HUMAN03609	Q16352	1	81	MSFGSEHYLCSSSSYRKVFGDGSRLSARLSGAGGAGGFRSQSLSRSNVASSAACSSASSLGLGLAYRRPPASDGLDLSQAA	80	35	157	122
2023	HUMAN03609	Q16352	413	499	SISGLNPLPNPSYLLPPRILSATTSKVSSTGLSLKKEEEEEEASKVASKKTSQIGESFEEILEETVISTKKTEKSNIEETTISSQKI	86	493	604	111
2024	HUMAN03610	Q9BYE7	1	119	MEGVAVVTAGSVGAAKTEGAAALPPPPPVSPPALTPAPAAGEEGPAPLSETGAPGCSGSRPPELEPERSLGRFRGRFEDEDEELEEEEELEEEEEEEEEDMSHFSLRLEGGRQDSEDEE	118	0	151	151
2028	HUMAN03616	Q8IU99	257	289	DLELGHTHGTLATAPASAAAPTTPDGAEEEREK	32	261	306	45
2029	HUMAN03617	Q86XJ0	256	287	ARGLRRGNAGRRLELPAVPEPPEGLDSGSGKA	31	286	334	48
2030	HUMAN03617	Q86XJ0	315	344	AASPGLCGGGLSHRAPTLALGTRLSQHTDV	29	361	413	52
2031	HUMAN03618	O76050	1	55	MGNNFSSIPSLPRGNPSRAPRGHPQNLKDSIGGPFPVTSHRCHHKQKHCPAVLPS	54	102	290	188
2032	HUMAN03618	O76050	231	266	FTALRRPSLRREADDARLSVSLCDLNVPGADGDEAA	35	597	692	95
2034	HUMAN03619	Q5TCZ1	132	163	KEDYGSSKRKSVWLSSWAESPKKDVTGADATA	31	155	201	46
2035	HUMAN03619	Q5TCZ1	225	262	GTRDDSDINTSKTGEVSKRRKAHLRRLDRRWTLGGMVN	37	268	312	44
2036	HUMAN03619	Q5TCZ1	325	447	DDLPTRKKNLAGPVEIIGNIMEISNLLNKKASGDKETPPAEGEGHEAPIAKKEISLPILCNASNGSAVGVPDRTVSRLAQGSPAVARIAPQRAQISSPNLRTRPPPRRESSLGFQLPKPPEPP	122	378	548	170
2038	HUMAN03619	Q5TCZ1	900	1070	EQPDPSGKELDTVPAKGRQNEGKSDSLEKIERRVQALNTVNQSKKATPPIPSKPPGGFGKTSGTPAVKMRNGVRQVAVRPQSVFVSPPPKDNNLSCALRRNESLTATDGLRGVRRNSSFSTARSAAAEAKGRLAERAASQGSDSPLLPAQRNSIPVSPVRPKPIEKSQFIH	170	1251	1469	218
2039	HUMAN03621	Q9H2G2	1205	1235	KMTGESECLNPSTQSRISKFYPIPSLHSTGS	30	4262	4334	72
2040	HUMAN03621	Q9H2G2	234	266	PHHELNPMRVLLKIAKSEPPTLAQPSRWSSNFK	32	310	344	34
2043	HUMAN03622	Q9UMD9	367	463	SGKVFTASPASIAATSFSEDTLKKEKQAAYNADSGLKAEANGDLKTVSTKGKTTTADIHSYGSSGGGGSGGGGGVGGAGGGPWGPAPAWCPCGSCCS	96	724	871	147
2045	HUMAN03623	Q86XK3	1	50	MAEGEKNQDFTFKMESPSDSAVVLPSTPQASANPSSPYTNSSRKQPMSAT	49	7	140	133
2046	HUMAN03623	Q86XK3	58	146	TRFSFNSSYNVVKRLKVESEENDQTFSEKPASSTEENCLEFQESFKHIDSEFEENTNLKNTLKNLNVCESQSLDSGSCSALQNEFVSEK	88	147	256	109
2047	HUMAN03624	Q8NDM7	749	792	TPKVSVDLGSDSEHTKQKASTDLSQDELVLTDVKKEIPWIQQKS	43	1447	1524	77
2048	HUMAN03624	Q8NDM7	930	986	IEAECLKLRKEIVEAQSGVKLIKQRHEEDDEEEEEEDKTVKYSNLPNYLLGSLSTDF	56	1746	1962	216
2049	HUMAN03627	Q8IWB1	1	135	MAMGLFRVCLVVVTAIINHPLLFPRENATVPENEEEIIRKMQAHQEKLQLEQLRLEEEVARLAAEKEALEQVAEEGRQQNETRVAWDLWSTLCMILFLMIEVWRQDHQEGPSPECLGGEEDELPGLGGAPLQGLT	134	115	258	143
2050	HUMAN03630	Q9UPU3	1146	1222	FKRKIPWINIYAQVQHDKEQEMIGSVSQSENAPKITLSDFTEPEELLDKELDTRVIGGIATIANSESTKEIPNCTSV	76	1258	1342	84
2051	HUMAN03630	Q9UPU3	47	180	AAPASRPPALSPLSPRAVASQWPEELASARRAAVLGRRAGPELLPQQGGGRGGEMQVEAGGTSPAGERRGRGIPAPAKLGGARRSRRAQPPITQERGDAWATAPADGSRGSRPLAKGSREEVKAPRAGGSAAED	133	63	257	194
2052	HUMAN03631	Q8WY21	1125	1168	RVALPSPPSPSTQPGDSSLRLQRARHATPPSTPKRGSAGAQYAI	43	1484	1539	55
2056	HUMAN03638	Q16690	320	384	STPNPQPPSCQGEAAGSSLIGHLQTLSPDMQGAYCTFPASVLAPVPTHSTVSELSRSPVATATSC	64	479	566	87
2057	HUMAN03640	Q5T481	1	62	MVLAAAMSQDADPSGPEQPDRVACSVPGARASPAPSGPRGMQQPPPPPQPPPPPQAGLPQII	61	0	111	111
2058	HUMAN03640	Q5T481	286	393	NSQGSHVASGFPAEQAGGLKSEVGPLLQGTNSQWESPHGFSGQSKPDLTAGPMWPPPHNQPYELYDPEEPTSDRTPPSFGGRLNNSKQGFIGAGRRAKEDQALLSVRP	107	379	523	144
2059	HUMAN03640	Q5T481	458	515	GTLCASPNSTAVYNPAGNEDYASNLGTSYVPIPARSFTQSSPTFPLASVGTTFAQRKG	57	598	699	101
2061	HUMAN03642	A8MTZ0	63	92	LEKLEKMHQAAQNTIRQQEMAEKDQRQITH	29	77	111	34
2064	HUMAN03662	Q6PJP8	1	115	MLEDISEEDIWEYKSKRKPKRVDPNNGSKNILKSVEKATDGKYQSKRSRNRKRAAEAKEVKDHEVPLGNAGCQTSVASSQNSSCGDGIQQTQDKETTPGKLCRTQKSQHVSPKIR	114	20	158	138
2065	HUMAN03664	P08588	1	54	MGAGVLVLGASEPGNLSSAAPLPDGAATAARLLVPASPPASLLPPASESPEPLS	53	77	148	71
2066	HUMAN03664	P08588	261	315	CERRFLGGPARPPSPSPSPVPAPAPPPGPPRPAAAAATAPLANGRAGKRRPSRLV	54	358	419	61
2067	HUMAN03664	P08588	398	477	ARRRHATHGDRPRASGCLARPGPPPSPGAASDDDDDDVVGATPPARLLEPWAGCNGGAAADSDSSLDEPCRPGFASESKV	79	511	617	106
2070	HUMAN03668	Q8N4X5	276	353	GASEGNQYTPDAQRFNCQKPDIAEKYLSASEYGSSVDGHPEVPETKDVKKKCSAGLKLSNLMNLGRKKSTSLEPVERS	77	574	684	110
2072	HUMAN03668	Q8N4X5	63	158	NKQQNAESQGKAPEEQGLLPNGEPSQHSSAPQKSLPDLPPPKMIPERKQLAIPKTESPEGYYEEAEPYDTSLNEDGEAVSSSYESYDEEDGSKGKS	95	236	451	215
2073	HUMAN03669	O14639	1	32	MPAFLGLKCLGKLCSSEKSKVTSSERTSARGS	31	1	99	98
2075	HUMAN03670	Q5W0V3	177	255	MKSLASKGVPNVISEDTLKGQDSLSTDTGQSRQPEELSGATGMEQTELEDEPPHQMDHLSTSLDNLSVTSLPEASVVCP	78	351	547	196
2077	HUMAN03672	Q8WWH5	1	63	MAASEAAVVSSPSLKTDTSPVLETAGTVAAMAATPSARAAAAVVAAAARTGSEARVSKAALAT	62	71	225	154
2078	HUMAN03676	P56159	348	465	GSDVTVWQPAFPVQTTTATTTTALRVKNKPLGPAGSENEIPTHVLPPCANLQAQKLKSNVSGNTHLCISNGNYEKEGLGASSHITTKSMAAPPSCGLSPLLVLVVTALSTLLSLTETS	117	406	563	157
2079	HUMAN03682	Q8WW14	189	220	SCPALGRPLREDPKTPLTCGCAQRPSIPCSGK	31	219	253	34
2081	HUMAN03689	Q7Z418	178	280	SKWCPKSLFKKKPDPKPADEAVPQIIISAEELPGPKLGTCPSRPSCSMELFERSHALEKQNTLQLPPQAMERSNSCPELVLGRLSYSIISNLDEVGQQVERLD	102	364	499	135
2083	HUMAN03691	Q8NEN9	1107	1154	LSLDQHSKKISKYTDDTEEDLDNEISQLIDSQPFSSISDDLFGPSESV	47	2250	2434	184
2086	HUMAN03692	Q04743	133	167	RFQGNDTSPESFLLHNALARKPKRIRTAFSPSQLL	34	264	299	35
2087	HUMAN03692	Q04743	1	59	MFQPAPKRCFTIESLVAKDSPLPASRSEDPIRPAALSYANSSPINPFLNGFHSAAAAAA	58	18	156	138
2088	HUMAN03694	Q9H8W3	182	233	LGVKIAKAVACHNFVKAKKEVENSQAARKKKKLAWGFEAKKRWETKSNMGYM	51	299	355	56
2089	HUMAN03694	Q9H8W3	1	124	MWSGLLPPGLNESDAESNSEDEATLENSGLNLQEDKEDESIRKTEIIDFSTDEPKTETESNVNAYEECPSGIPIDMWNKFQELHKKHSEQKSTTSRFRGKRRKRSRKDKLKNEKELHSEPSSNE	123	24	237	213
2090	HUMAN03696	P49683	1	51	MASSTTRGPRVSDLFSGLPPAVTTPANQSAEASAGNGSVAGADAPAVTPFQ	50	72	136	64
2091	HUMAN03697	Q86Y37	1	126	MEESMEEEEGGSYEAMMDDQNHNNWEAAVDGFRQPLPPPPPPSSIPAPAREPPGGQLLAVPAVSVDRKGPKEGLPMGPQPPPEANGVIMMLKSCDAAAAVAKAAPAPTASSTININTSTSKFLMNV	125	1	188	187
2092	HUMAN03697	Q86Y37	339	369	GFTRGDQSRKRAGDELAYNSSSACASSRGYR	30	422	463	41
2093	HUMAN03698	Q8WY41	58	208	DGEPRFGCARGGNGGGGSPPSSSSSSCCSPHTGAGPGALGPALGPPDYDEDDDDDSDEPGSRGRYLGSALELRALELCAGPAEAGLLEERFAELSPFAGRAAAVLLGCAPAAAAAATTTSEATPREERAPAWAAEPRLHAASGAAAARLLK	150	78	264	186
2095	HUMAN03702	P30048	1	59	MAAAVGRLLRASVARHVSAIPWGISATAALRPAACGRTSLTNLLCSGSSQAKLFSTSSS	58	53	220	167
2096	HUMAN03703	P34947	536	590	DLNRNHPPEPPKKGLLQRLFKRQHQNNSKSSPSSKTSFNHHINSNHVSSNSTGSS	54	1240	1336	96
2097	HUMAN03704	O43665	1	31	MFNRAVSRLSRKRPPSDIHDSDGSSSSSHQS	30	40	76	36
2099	HUMAN03707	O95817	500	575	DVPGQVQVYELQPSNLEADQPLQAIMEMGAVAADKGKKNAGNAEDPHTETQQPEATAAATSNPSSMTDTPGNPAAP	75	963	1060	97
2100	HUMAN03708	Q9Y2H2	98	154	EPQDLELELCKKHHFGINKPEKIIPSPDDSKFLLKTFTHIKSNVSAPNKKKVKESKE	56	181	309	128
2101	HUMAN03711	Q9BTE3	147	225	NANQARVSPSTSYTPSRHKRSYEDDDDMDLQPNKQKDQHAGARQAGSVGGLQWCGEPKRLETEASTGQQLNSLNLSSPF	78	498	675	177
2103	HUMAN03712	Q9Y6Y8	598	668	DLNLSKCPGPLAVANGVVKQLHFQEKQMPEEPKLTLDESYDLVVENKEVLTLQETLEALSLSEYFSTFEKE	70	1179	1324	145
2104	HUMAN03712	Q9Y6Y8	692	753	PRKKIANFVEHKAAKLKKAASEKKAVAATSTKGQEQSAQKTKDMASLPSESNEPKRKLPVGA	61	1348	1572	224
2105	HUMAN03712	Q9Y6Y8	892	934	HTSSTQLQEELEKVANQIKEEEEKQVVEAEKVVESPDFSKDED	42	1806	1878	72
2106	HUMAN03714	Q5VZY2	242	271	RVPASLKKEERPTADSAPSLPLEGITEGPV	29	502	572	70
2107	HUMAN03722	Q9NXX6	1	78	MSGDSSGRGPEGRGRGRDPHRDRTRSRSRSRSPLSPRSRRGSARERREAPERPSLEDTEPSDSGDEMMDPASLEAEAD	77	72	305	233
2109	HUMAN03728	Q32M84	1	55	MIMSNTHKARLERRVTGSTNRWRLPKQPFSGDLLSLSQMCKALSIDFEEALRNPD	54	30	175	145
2110	HUMAN03731	P0C7Q2	1	70	MLRLYPGPMVTEAEGKGGPEMASLSSSVVPVSFISTLRESVLDPGVGGEGASDKQRSKLSLSHSMIPAAK	69	0	70	70
2111	HUMAN03732	Q92743	1	36	MQIPRAALLPLLLLLLAAPASAQLSRAGRSAPLAAG	35	44	122	78
2112	HUMAN03734	Q5SQS8	115	274	LSPDYKQAMEYKKKHSSPCAICVPLEKIWTAKVIAPLEAFKMPQREQVNVSKHIERMRLARALGNHQPLPYIERFTRSSFLSGVGLGPMAKNKARRKEDNYDTHNCDDANQDKKEEAEGKNTKRREIKMNVVFKSKEPKKCLTYHGNDRKSFLPAKKPER	159	146	312	166
2113	HUMAN03734	Q5SQS8	1	46	MIREWKNDCQRIEKQRASDTMVQERKNEKPVRIFNTNSSFQDQAPT	45	8	71	63
2114	HUMAN03736	Q8N5W8	1	48	MPVIAGGILAALLLLIVVVLCLYFKIHNALKAAKEPEAVAVKNHNPDK	47	39	90	51
2115	HUMAN03737	A6NFZ4	1	66	MAKMFDLRTKIMIGIGSSLLVAAMVLLSVVFCLYFKVAKALKAAKDPDAVAVKNHNPDKVCWATNS	65	42	109	67
2116	HUMAN03738	Q9H8K7	170	327	FANSSTSSPALGSRIDLDKVQTIMESMGSKLSPGAQQLMDMVRCQQRNCIPIGEQLQSVLGNSGYKHMIGLQSSSTLGTLNKSSSTPFPFRTGLTSGNVTENLQTYIDKSTQLPGGENSTKLDECKVMPQNHSFLENDLKNAMASFLPKKVSDNSNIP	157	220	409	189
2117	HUMAN03738	Q9H8K7	338	368	LCSQVNHLHVGNKTECQENITKHGERILGVG	30	421	453	32
2118	HUMAN03741	Q9H5V7	1	57	MGEKKPEPLDFVKDFQEYLTQQTHHVNMISGSVSGDKEAEALQGAGTDGDQNGLDHP	56	78	306	228
2119	HUMAN03742	P45954	1	48	MEGLAVRLLRGSRLLRRNFLTCLSSWKIPPHVSKSSQSEALLNITNNG	47	174	329	155
2121	HUMAN03744	A2RU54	1	152	MGSKEDAGKGCPAAGGVSSFTIQSILGGGPSEAPREPVGWPARKRSLSVSSEEEEPDDGWKAPACFCPDQHGPKEQGPKHHPPIPFPCLGTPKGSGGSGPGGLERTPFLSPSHSDFKEEKERLLPAGSPSPGSERPRDGGAERQAGAAKKKT	151	90	327	237
2122	HUMAN03748	Q8N436	23	134	VGAQGAALEDPDYYGQEIWSREPYYARPEPELETFSPPLPAGPGEEWERRPQEPRPPKRATKPKKAPKREKSAPEPPPPGKHSNKKVMRTKSSEKAANDDHSVRVAREDVRE	111	135	301	166
2123	HUMAN03751	P04181	1	37	MFSKLAHLQRFAVLSRGVHSSVASATSVATKKTVQGP	36	94	233	139
2125	HUMAN03757	Q15018	252	415	KNEKEQERRLQQAVLSRQMPSESLDPAFSPRMPSSGFAAEGRSTLGDAEASDPPPPYSDFHPNNQESTLSHSRMERSVFMPRPQAVGSSNYASTSAGLKYPGSGADLPPPQRAAGDSGEDSDDSDYENLIDPTEPSNSEYSHSKDSRPMAHPDEDPRNTQTSQI	163	395	621	226
2127	HUMAN03758	Q9UGI0	166	244	AKRCVVCDHPRPNNIEAIELAETEEASSIINEQDRARWRGSCSSGNSQRRSPPATKRDSEVKMDFQRIELAGAVGSKEE	78	683	863	180
2128	HUMAN03758	Q9UGI0	35	85	TIITEDPFKSGSSDVGRDWDPSSTEGGSSPLICPDSSARPRVKSSYSMENA	50	168	341	173
2129	HUMAN03764	Q5VZQ5	23	52	LTQKTPESITSATSKEPQSPHLPRQAEGKL	29	43	79	36
2130	HUMAN03765	Q3B7T1	1	43	MGDAKEAGAEGPPAGAAARGGLSLLSQGESEESSAQGSALFLG	42	62	142	80
2131	HUMAN03765	Q3B7T1	208	299	FLYYSINGDGAAQPVSSTAEQQESSSSDQTNDSEGASWPAPFEMPSSVSEDPSASSQGSEPLEPSYIVGHVASAPKEQNLITLFNDGEHSQG	91	356	497	141
2132	HUMAN03765	Q3B7T1	517	586	PKKEENSESPLNENSDESYSEEEEEMPDSDENGSYSTSSDPSDDSKAVAIIKSVGELSVPEKYKSIHQIR	69	809	1012	203
2133	HUMAN03765	Q3B7T1	620	672	KKESDLPAADPSTPIPLKYEDESSRGGPEGLEKQMALFLDKMGSLQKGNYSSQ	52	1109	1231	122
2134	HUMAN03767	Q8N119	107	165	ATLAAMNRPRCGVPDMRPPPPSAPPSPPGPPPRARSRRSPRAPLSLSRRGWQPRGYPDG	58	164	320	156
2135	HUMAN03771	Q9P287	1	53	MASRSKRRAVESGVPQPPDPPVQRDEEEEKEVENEDEDDDDSDKEKDEEDEVI	52	99	345	246
2136	HUMAN03773	Q7L7V1	1	35	MEEEGLECPNSSSEKRYFPESLDSSDGDEEEVLAC	34	13	74	61
2137	HUMAN03775	O43184	1	37	MAARPLPVSPARALLLALAGALLAPCEARGVSLWNQG	36	36	175	139
2139	HUMAN03776	Q96M02	1	131	MLKLSGEGLRDSYHSRRDQIALKNLQSDVTEAKSDFTKETLASQNTKMISSIVISQMIDENKSRENRASLPLPCAIAQSRAHHAKQSLANRSGVNIHRAFALLPGRLGIPAPSDERGPEAELPPKEERPCG	130	114	255	141
2140	HUMAN03776	Q96M02	299	402	HRLTADGVDGLVNREPISEALKQELLEGDQDLVGQRWNPGLQESHLKETPSLRRVHLGTGACPWSGSFPLENTELANVGANQVTVRKGEKDHTTHCHASDHANQ	103	427	553	126
2143	HUMAN03778	Q6ZSG2	389	479	GEAHREGLSYRTGQDTANCDTCRNSACIIYSVELDFKQQEDKLQPVLRKLHPIEETQVIPSPYSQETYSSTPKQKSKTESKKHGRWKLWFL	90	485	593	108
2144	HUMAN03780	Q6ZQN5	188	296	NGNFRRKRKRRAEASAAVRSGARSVGGAEAPALEPPSAACLDLQASPSPSAPEAATCFSGFASAMSALAGGLGTFPGGLAGDFSFGRRPPTVATHAPQTLNPSPGFAPG	108	214	324	110
2145	HUMAN03780	Q6ZQN5	48	80	LSPKSYASGPGPAPPYAAPSYGAPGPLLGAPGG	32	70	106	36
2146	HUMAN03782	P23469	1	109	MEPLCPLLLVGFSLPLARALRGNETTADSNETTTTSGPPDPGASQPLLAWLLLPLLLLLLVLLLAAYFFRFRKQRKAVVSTSDKKMPNGILEEQEQQRVMLLSRSPSGP	108	56	205	149
2149	HUMAN03788	A0A1B0GUT2	1	108	MDSLALGRWRQRRAEDLQVPGDVKRVCRRLEASGHERGCHQVNACALASWGPEDRELPSRGCLPAPRPESGQGRLSTGISQNGGRSSAQPCPRCIAGESGHFSHTKNH	107	0	141	141
2150	HUMAN03791	Q5VWI1	376	445	RGDLNRIIEDPPHKRKLEAPATDNSDGSSSEDNREDQDVKTKRNRTEGCGSPKPEEAKREDKGTRTPPPQ	69	504	586	82
2151	HUMAN03792	Q66LE6	380	415	RRDVTLEASRESSKPRASLKPRKVCTGGKRRKDEIS	35	706	775	69
2152	HUMAN03795	Q12983	118	165	ESGRSSSKSSHCDSPPRSQTPQDTNRASETDTHSIGEKNSSQSEEDDI	47	198	258	60
2153	HUMAN03795	Q12983	1	78	MGDAAADPPGPALPCEFLRPGCGAPLSPGAQLGRGAPTSAFPPPAAEAHPAARRGLRSPQLPSGAMSQNGAPGMQEES	77	0	110	110
2155	HUMAN03796	Q5VZ66	1	49	MSKRGMSSRAKGDKAEALAALQAANEDLRAKLTDIQIELQQEKSKVSKV	48	46	102	56
2156	HUMAN03796	Q5VZ66	590	683	EEARLRHEVQDARDQNELLEFRILELEERERKSPAISFHHTPFVDGKSPLQVYCEAEGVTDIVVAELMKKLDILGDNANLTNEEQVVVIQARTV	93	721	840	119
2157	HUMAN03797	O14531	489	572	AEIHGVPRGLYDGPVHEVMVPAKPGSGAPARASCPGKISVPPVRNLHQSGFSLSGSQADDHIARRTAQKIMAPPGGRSNITSLS	83	931	1069	138
2158	HUMAN03798	Q86UX6	1	54	MRSGAERRGSSAAASPGSPPPGRARPAGSDAPSALPPPAAGQPRARDSGDVRSQ	53	9	88	79
2161	HUMAN03801	Q9C0I9	1	32	MEGSSSYEVPSVAAADLEEGAGQTRSLPATPS	31	69	138	69
2163	HUMAN03806	Q8IYW2	1255	1286	PGDVPEPQPTPDGEYVAVEMPPRSPVSEAEEA	31	2210	2382	172
2164	HUMAN03806	Q8IYW2	1347	1410	ENRPLAATSSHLLLPKKEKENERSKEKEKERSKEKENERSKEKDKEKGKEEKVKEPKQSQSPAP	63	2467	2646	179
2165	HUMAN03806	Q8IYW2	1985	2022	VGAKLSGLKSLELEVEEEGATKSSRDPPASRAAPEEHC	37	3595	3644	49
2166	HUMAN03806	Q8IYW2	2287	2320	KARVQTPAVVADSGKSKGKDKERKTSTGQHSTVQ	33	4118	4165	47
2167	HUMAN03806	Q8IYW2	2540	2579	SASPSEDEWRRGGEPRRGFSDLEGQAAAAPKLRAPSHHAQ	39	4490	4541	51
2168	HUMAN03806	Q8IYW2	2603	2668	AGAPALASALGSAPLPTHPHLPAPIPSSQLALPFLGLSPALGAASARDPPPATSRKAAAWTSSSAC	65	4564	4682	118
2169	HUMAN03809	Q76NI1	1376	1411	EGNPRGTDLENPREAEEDARPFNALCKRLSEDGISR	35	2162	2200	38
2171	HUMAN03809	Q76NI1	609	676	EETISLQNAFSVVELKPSVAPAPEPSPGFLPVNSDTGLVAVPGPVPGQHPCGEEATQLPAAFTSEATH	67	1025	1103	78
2173	HUMAN03809	Q76NI1	963	1076	ASPSPSTAEEAGSQLEGSQSPRSPSSKRPSLHRLGKEKPAMARTSSRAPCSPTSVSDVDSDALSRGNFEVGFRPQRSVKAERAQQPEAGEDRRPAGGASDVEAVTRLARSKGVG	113	1596	1821	225
2175	HUMAN03811	O95231	1	92	MRLSSSPPRGPQQLSSFGSVDWLSQSSCSGPTHTPRPADFSLGSLPGPGQTSGAREPPQAVSIKEAAGSSNLPAPERTMAGLSKEPNTLRAP	91	2	98	96
2178	HUMAN03816	Q8NB15	170	252	LYPADFRFDKPKKSRSPASAEAPGDSGERSEGEAMEICSEPVAASPAPAGERRIYRHRIPSTICFGQGAARGFKSNKKKTKQC	82	216	401	185
2179	HUMAN03816	Q8NB15	1	30	MQLPPALCARLAAGPGAAEPLPVERDPAAG	29	1	63	62
2180	HUMAN03819	Q9NYX4	155	217	RKHGTETPAAWGDGYRAAKEERKGPTQAGAAAAATEPPGKPSAKAEKEAARKAAGSAAPPPAQ	62	251	356	105
2181	HUMAN03819	Q9NYX4	1	81	MVKLGCSFSGKPGKDPGDQDGAAMDSVPLISPLDISQLQPPLPDQVVIKTQTEYQLSSPDQQNFPDLEGQRLNCSHPEEGR	80	56	152	96
2182	HUMAN03827	Q5BIV9	21	114	SGAAKGGRGGARGSARGGVRGGARGASRVRVRPAQRYGAPGSSLRVAAAGAAAGAAAGAAAGLAAGSGWRRAAGPGERGLEDEEDGVPGGNGTG	93	20	130	110
2183	HUMAN03829	Q8N0S2	1	35	MAGRSLTSKAEPTAGAVDRAEKAGGQDTSSQKIED	34	2	50	48
2184	HUMAN03829	Q8N0S2	260	351	RHQQLQQKCQQQQQKRQRLKEELEKHGMQVPAQAQSTQEEEAGPGDVASPKPLKGERPGAAHQAGPDVLIGQEDTLHPDLSPRGFQEIKELF	91	290	394	104
2185	HUMAN03840	Q9NTG7	1	121	MAFWGWRAAAALRLWGRVVERVEAGGGVGPFQACGCRLVLGGRDDVSAGLRGSHGARGEPLDPARPLQRPPRPEVPRAFRRQPRAAAPSFFFSSIKGGRRSISFSVGASSVVGSGGSSDKG	120	3	218	215
2186	HUMAN03844	P59044	585	614	GCPGVAPEVTEGAKGLEDTEEPEEEEEGEE	29	805	848	43
2187	HUMAN03847	Q01629	1	39	MNHIVQTFSPVNSGQPPNYEMLKEEQEVAMLGVPHNPAP	38	0	52	52
2188	HUMAN03851	Q01628	1	40	MNHTVQTFFSPVNSGQPPNYEMLKEEHEVAVLGAPHNPAP	39	1	41	40
2189	HUMAN03853	Q76KP1	1	108	MPRLPVKKIRKQMKLLLLLLLLSCAAWLTYVHLGLVRQGRALRQRLGYGRDGEKLTSETDGRGVHAAPSTQRAEDSSESREEEQAPEGRDLDMLFPGGAGRLPLNFTH	107	1	157	156
2192	HUMAN03856	Q9Y446	549	586	RLEGRGRRDLAGAPPGEVVGCFTPQSRRLRELPLAADA	37	727	791	64
2193	HUMAN03860	A1A5B4	746	782	KMWHGRQRLGGVGAGSRPPMPAHPTPASIFSARSTDV	36	1394	1457	63
2194	HUMAN03861	Q9BVG9	1	49	MRRGERRDAGGPRPESPVPAGRASLEEPPDGPSAGQATGPGEGRRSTES	48	206	392	186
2195	HUMAN03861	Q9BVG9	435	487	DITLRYKETRWQKWQNKDDQGSTVGNGDQHPLGLDEDLLGPGVAEGEGAPTPN	52	1077	1304	227
2197	HUMAN03869	Q8IXW0	176	346	MLRSQTGSVEVVTAETLMDPSDLSENIQAPTGEGFRLEDVDWNSVARRYPNLFTNMEPSSKQKQPRPWPQLDTGSPESSGKHSERHHKTVEWGSLPCLNTSSSGGADSDSSSCRPGLPSFVQVIGHPPRDHRASSEQALVQAGSYSRDSEDLQKTHSPRHGEPVLSPQPCT	170	274	496	222
2198	HUMAN03869	Q8IXW0	1	47	MRWLRPAGRRREQESVSGHLGPPAGAPAAPETPTCLPDTTPHPAPVV	46	0	106	106
2199	HUMAN03869	Q8IXW0	466	587	IPRRETPAPRVFADGTDLSIDRFPLPEAGPGADTRKPPRPPRPLRKGRVREPRVSRRRPGTRGLLPPVSSGKLFHAREGPARPENPEIPAPQHLPAIPGDPTLPSPPAEAGLGLEDCRLQKE	121	623	856	233
2201	HUMAN03872	Q9P1Y6	171	207	VENTKASEEEEDPTFCEVCGRSDREDRLLLCDGCDAG	36	486	531	45
2202	HUMAN03872	Q9P1Y6	1	104	MDDDSLDELVARSPGPDGHPQVGPADPAGDFEESSVGSSGDSGDDSDSEHGDGTDGEDEGASEEEDLEDRSGSEDSEDDGETLLEVAGTQGKLEAAGSFNSDDD	103	236	408	172
2205	HUMAN03875	Q9HBB8	702	773	CGKAPEPQPQGFDNQAFLPDHKANWAPVPSPTHDPKPAEAPMPAEPAPPGPASPGGAPEPPAAARAGGSPTA	71	1035	1149	114
2206	HUMAN03875	Q9HBB8	810	845	TLDVDGASDSGSGDEGEGAGRGGGPYDAPGGDDSYI	35	1193	1262	69
2207	HUMAN03877	P09683	1	31	MAPRPLLLLLLLLGGSAARPAPPRARRHSDG	30	4	57	53
2208	HUMAN03878	P21917	1	32	MGNRSTADADGLLAGRGPAAGASAGASAGLAG	31	14	50	36
2209	HUMAN03878	P21917	226	349	RRAKLHGRAPRRPSGPGPPSPTPPAPRLPQDPCGPDCAPPAPGLPRGPCGPDCAPAAPSLPQDPCGPDCAPPAPGLPPDPCGSNCAPPDAVRAAALPPQTPPQTRRRRRAKITGRERKAMRVLP	123	256	429	173
2211	HUMAN03881	Q9H6S3	1	48	MSQSGAVSCCPGATNGSLGRSDGVAKMSPKDLFEQRKKYSNSNVIMHE	47	27	85	58
2212	HUMAN03882	Q96HE8	1	84	MLPNVGSPPLPFRKCPSGAGRTNRASAVARTSAPETRRGRAPSSGDAKMAEGARARGPRGCRDRDGPAGGAGKMAAPRRGRGSS	83	0	86	86
2213	HUMAN03891	Q8N111	1	116	MESRGKSASSPKPDTKVPQVTTEAKVPPAADGKAPLTKPSKKEAPAEKQQPPAAPTTAPAKKTSAKADPALLNNHSNLKPAPTVPSSPDATPEPKGPGDGAEEDEAASGGPGGRGP	115	0	135	135
2214	HUMAN03893	I0J062	1	215	MGVRLRVWPAAPHSISRCPRPLGAVLSILLAGGSRKGTPTARCLGQRTKEKRVGGRSLRSEAGSGPCPTAGAQPTAPSSAWPPRLRPRTCPQMSGELPRVRPTRVGLSSLGSGPGHPPSGTRMCGERARNRRGRARRLTPEQPRIGASAGPGPPLPPARPRCSGSCHLPRPPQHLSPPQPGRVRMGAAEGSRRADTHHARRRRRARLPAPRSAST	214	0	222	222
2215	HUMAN03895	P05387	59	115	IGKLASVPAGGAVAVSAAPGSAAPAAGSAPAAAEEKKDEKKEESEESDDDMGFGLFD	56	119	236	117
2216	HUMAN03896	Q96AD5	258	294	PNPLLALPPARPHGPEDKDQAVESAQAEDYSQLPGED	36	367	440	73
2217	HUMAN03896	Q96AD5	456	504	PEALRMRAPADPAPAPADPASPQHQLAGPAPLLSTPAPEARPVIGALGL	48	641	720	79
2218	HUMAN03897	Q8N4Y2	206	241	EHEREVRALYEETEQLREQSRRPPSQNFARGERRSR	35	348	389	41
2219	HUMAN03897	Q8N4Y2	305	399	LESEARGRQEQTQRDVVAVSRNMQKEKVSLLRQLELLRELNTRLRDDRDACEARRAGSSCRKALTTARLPGPTCCCCCCWARPPRRGSGHLPSAR	94	576	711	135
2221	HUMAN03907	Q6W4X9	2295	2343	IPTSPVTNLTTRHPGPTLSPTTRFLTSSLTAHGSTPASAPVSSLGTPTP	48	3670	3779	109
2222	HUMAN03911	P98088	1334	1373	PPLVVSSTHTPSNGPSSAHTGPPSSAWPTTAGTSPRTRLP	39	2571	2622	51
2223	HUMAN03911	P98088	1481	1576	CSTSSSPAQTTPPTTSKTTETRASGSSAPSSTPGTVSLSTARTTPAPGTATSVKKTFSTPSPPPVPATSTSSMSTTAPGTSVVSSKPTPTEPSTSS	95	2767	2887	120
2224	HUMAN03911	P98088	1680	1737	ITRLPKTVATTRPTPHPTGAQTQTTFTTHMPSASTEQPTATSRGGPTATSVTQGTHTT	57	2990	3054	64
2226	HUMAN03911	P98088	2050	2110	CRDITRPPKTVATTRPTPHPTGAQTQTTFTTHMPSASTEQPTATSRGGPTATSVTQGTHTT	60	3909	4016	107
2231	HUMAN03911	P98088	4739	4776	YGTSPTNALYPSLSTSMVSASVASTSVASSSVASSSVA	37	8527	8599	72
2232	HUMAN03911	P98088	5101	5140	ACHRPHPTPTTVGPTTVGSTTVGPTTVGSTTVGPTTPPAP	39	9058	9114	56
2233	HUMAN03911	P98088	5621	5654	APGDTQHSEEAEPEPSQEAESGSWERGVPVSPMH	33	9950	9992	42
2241	HUMAN03913	Q9H0E2	193	225	YQQGVGYVPITGMPAVCSPGMVPVALPPAAVNA	32	411	503	92
2243	HUMAN03919	Q6YL49	1	137	MGLQQQTGTQQLEPHPPQPEPQPPLDPPQEPQPPLEPPQEPQPPLDPPQEHSPPCSLHRSHSPPWSPQKSHSPLCHSWSRNRLAHGSTRACSSRRAHSSWSQNLHSQSHSPHSRSHSPHSRSHSPHSWSHSLRSSRN	136	0	143	143
2244	HUMAN03927	A6NMD0	1	133	MREGKRGPPCILSFRGTLERVEAQWELEAQGPGQCPAPLGDPASTTDGAQEARVPLDGAFWIPRPPAGSPKGCFACVSKPPALQAPAAPAPEPSASPPMAPTLFPMESKSSKTDSVRAAGAPPACKHLAEKKT	132	0	194	194
2245	HUMAN03933	Q8NBV8	1	33	MLHLHGWQTMQGRKMGHPPVSPSAPAPAGTTAI	32	0	42	42
2246	HUMAN03933	Q8NBV8	76	115	RHRKKPRDKESVGLGSARGTTTTHLVQPDVDGLESSPGDA	39	107	158	51
2247	HUMAN03934	P48788	132	182	KVCMDLRANLKQVKKEDTEKERDLRDVGDWRKNIEEKSGMEGRKKMFESES	50	398	466	68
2249	HUMAN03938	Q16540	113	153	EKDESPEGSAADDLYSMLEEERQQRQSSDPRRGGVPSWFGL	40	260	314	54
2250	HUMAN03943	F8WCM5	53	200	KTRREAEDLQASALSLSSSTSTWPEGLDATARAPPALVVTANIGQAGGSSSRQFRQRALGTSDSPVLFIHCPGAAGTAQGLEYRGRRVTTELVWEEVDSSPQPQGSESLPAQPPAQPAPQPEPQQAREPSPEVSCCGLWPRRPQRSQN	147	71	238	167
2251	HUMAN03944	P01308	51	88	TPKTRREAEDLQVGQVELGGGPGAGSLQPLALEGSLQK	37	75	124	49
2252	HUMAN03946	P07101	35	98	GAPGPSLTGSPWPGTAAPAASYTPTPRSPRFIGRRQSLIEDARKEREAAVAAAAAAVPSEPGDP	63	157	312	155
2253	HUMAN03947	Q99929	111	175	AVRNALAGGLRPQAVRPSAPRGPPGTTPVAASPSRASSSPGRGGSSEPGSPRSAYSSDDSGCEGA	64	222	305	83
2254	HUMAN03947	Q99929	1	57	MDGGTLPRSAPPAPPVPVGCAARRRPASPELLRCSRRRRPATAETGGGAAAVARRNE	56	82	160	78
2255	HUMAN03950	Q96QS1	228	320	SLDRKGKYTLTPRACGRQPQEPSLLRCSQGGPTHCLHSEAVAIGPRGCSGSLRWLQESDAAPLPLSCHLAAHRALQGRSRGGLSGCPERGLSD	92	262	386	124
2256	HUMAN03956	Q9Y5U2	105	157	RRAPSSVAHTSMSDNGGFKRPLAPSGRSPVEGLGRAHRSPASPRVPPVPDYVA	52	112	201	89
2257	HUMAN03956	Q9Y5U2	189	329	QSLAAPTDCVSSFNQDPSSCGEGRVIFTKPVRGVEARHERKRVLGKVGEPGRGGLGNPATDRGEGPVELAHLAGPGSPEAEEWGSHHGGLQEVEALSGSVHSGSVPGLPPVETVGFHGSRKRSRDHFRNKSSSPEDPGAEV	140	240	424	184
2258	HUMAN03956	Q9Y5U2	1	76	MAEAGTGEPSPSVEGEHGTEYDTLPSDTVSLSDSDSDLSLPGGAEVEALSPMGLPGEEDSGPDEPPSPPSGLLPAT	75	0	83	83
2259	HUMAN03958	P51787	1	100	MAAASSPPRAERKRWGWGRLPGARRGSAGLAKKCPFSLELAEGGPAGGALYAPIAPGAPGPAPPASPAAPAAPPVASDLGPRPPVSLDPRVSIYSTRRPV	99	0	211	211
2261	HUMAN03958	P51787	619	676	LHGGSTPGSGGPPREGGAHITQPCGSGGSVDPELFLPSNTLPTYEQLTVPRRGPDEGS	57	1162	1258	96
2262	HUMAN03961	Q8N1D0	197	253	ARMTGREHAHKGPELTTPDSGLPRPPNPALAGFRALAQHSPPLGTSTPSAVLLSAAT	56	209	267	58
2263	HUMAN03962	Q96BI1	1	36	MQGARAPRDQGRSPGRMSALGRSSVILLTYVLAATE	35	124	233	109
2264	HUMAN03963	Q53GA4	112	152	SRQERTAPAAPAEDAVAAAAAAPSEPSEPSRPSPQPKPRTP	40	142	219	77
2265	HUMAN03964	Q99733	118	155	DAESEWHSENEEEEKLAGDMKSKVVVTEKAAATAEEPD	37	550	626	76
2266	HUMAN03969	Q9H0X9	1	98	MKEEAFLRRRFSLCPPSSTPQKVDPRKLTRNLLLSGDNELYPLSPGKDMEPNGPSLPRDEGPPTPSSATKVPPAEYRLCNGSDKECVSPTARVTKKET	97	55	226	171
2268	HUMAN03969	Q9H0X9	713	872	SPWDPLKDIAQFEQDGILRTLQQEAVARQTTFLGSPGPRHERSGPDQRLRKASDQPSGHSQATESSGSTPESCPELSDEEQDGDFVPGGESPCPRCRKEARRLQALHEAILSIREAQQELHRHLSAMLSSTARAAQAPTPGLLQSPRSWFLLCVFLACQL	159	1082	1330	248
2274	HUMAN04077	Q8N5U0	205	333	KGVLGPQKPLTKDPLPHGANWVRPNLSIMPPLAPTSAPADTTEAADVPPPVPAPPTPPPQEGPEDKPTRFSYKGRNPFWRGPQILSENWLFSPRSPPPGAQGGGPRDPDGHSMSLPLLQGLSSEFDSDD	128	264	422	158
2275	HUMAN04078	Q8N612	1	30	MERMNWLSRLASRGPGHRIPQGANLQTPVM	29	32	114	82
2276	HUMAN04081	Q8IV77	538	575	EWPMPEDLAEADDEGEPEEGTSKDEEGRASQEGPPGPE	37	861	928	67
2277	HUMAN04085	P17405	1	49	MPRYGASLRQSCPRSGREQGQDGTAGAPGLLWMGLVLALALALALALAL	48	73	157	84
2278	HUMAN04091	Q9Y5J6	70	103	LMPALVQRRIADYEAASAVPGVAAEQPGVSPSGS	33	89	133	44
2279	HUMAN04092	Q96M86	1	46	MVPEERRVGLSSDETSSDSLKSWHSICVLDSKEQPLACQQKQRQFV	45	152	199	47
2280	HUMAN04092	Q96M86	233	268	SDTDNAEVEPVGRKETRSQLDYEVPREKAFQKSSTG	35	446	484	38
2281	HUMAN04092	Q96M86	2687	2784	QHLGKDHQESEEEEEEERVPEVESEGELAQWEDFSNSNSETEEEEEPYGLQVARVSNSRDPSLTPSIGPVSRGMKESISHKIRQEKGTRASNYRLQVR	97	3692	3887	195
2282	HUMAN04092	Q96M86	3586	3651	GKGLMRNQKRESKTDMKEEDDESEESNEAEDQTKEQKAEERKNEQEKEQEENEEKEEEKTESQGSK	65	4862	5002	140
2285	HUMAN04101	Q96JQ0	3189	3298	EARPCPPAPRIDPPPLITAVAHPGAKSVPPKPANTAAARAIFPPASHRSPISHEGSLSSAAMSPSFSPSLSPLAARSPVVSPFGVAQGPSASALSAESGLEPPDDTELHI	109	4880	5116	236
2286	HUMAN04111	Q9UL58	1	43	MQPLSKLMAISKPRNLSLREQREVLRADMSWQQETNPVVETHD	42	0	43	43
2287	HUMAN04113	Q9UL59	46	245	NESYKSQEEKFRYLEYENFSYWQGWWNAGAQMYENQNYGETVQGTDSKDLTQQDRSQCQEWLILSTQVPGYGNYELTFESKSLRNLKYKNFMPWQSLETKTTQDYGREIYMSGSHGFQGGRYRLGISRKNLSMEKEQKLIVQHSYIPVEEALPQYVGVICQEDLLRDSMEEKYCGCNKCKGIYYWNSRCVFHKRNQPGEN	199	163	377	214
2289	HUMAN04116	Q86SS6	86	218	GLPSGSKDNNQEPLNYMDTETNEQENSEDFLDPPTPCPDSSMKISHTSPDIPLSTQTGIQENCAHGVRVQRQVTEPTSSARHNSIRRQLNLSNPDFNIQQLQKQEQLTGIGRIKPELYKQRSLDNDDGRRSNS	132	108	289	181
2291	HUMAN04118	Q8ND30	1	49	MASDASHALEAALEQMDGIIAGTKTGADLSDGTCEPGLASPASYMNPFP	48	6	149	143
2292	HUMAN04118	Q8ND30	842	876	SDGVSDSHRVYSGYRGLSPLDAPELDGLDQVGQIS	34	1480	1572	92
2293	HUMAN04128	Q86W26	611	655	GPKEEQKCPSVHGQKEGKDNIAGTQKEASTGKGRGTEETPKNTYI	44	739	847	108
2294	HUMAN04129	O00303	1	84	MATPAVPVSAPPATPTPVPAAAPASVPAPTPAPAAAPVPAAAPASSSDPAAAAAATAAPGQTPASAQAPAQTPAPALPGPALPG	83	15	213	198
2296	HUMAN04134	Q9BYT3	1	98	MADSGLDKKSTKCPDCSSASQKDVLCVCSSKTRVPPVLVVEMSQTSSIGSAESLISLERKKEKNINRDITSRKDLPSRTSNVERKASQQQWGRGNFTE	97	5	168	163
2298	HUMAN04136	P46776	1	38	MPSRLRKTRKLRGHVSHGHGRIGKHRKHPGGRGNAGGL	37	62	163	101
2300	HUMAN04143	Q9NQ31	122	165	GESKLHMCLDIGNGQRKDRKKTSLGPGGSYQISEHAPEASQPAE	43	145	214	69
2301	HUMAN04143	Q9NQ31	41	77	ALERPKGCMGVLAREAPHLEKQPAAGPQRVLPGEREE	36	56	97	41
2302	HUMAN04145	Q9NQ32	290	467	TTWWPLTRTSEVMARELPELEPTAQLLPLEGPKEEKVAMHAPLAVSSSSSSSCEQDGVENDLEMGPPQRLMVNSAVNTDPIFLEMPLRQSGLCQPEWRYWKRNGPEPCLGKPGTRYSNICKEEKDHKQQRAQTAVVGTTKELVSKATHMKPPRTPPGEAEHRKRSQSLAICQWNKNSR	177	377	579	202
2303	HUMAN04148	Q9NQ34	131	198	RRLFGHAQLIQSDDDIGDHQPFANAHDVLARSRSRANVLNKVEYAQQRWKLQVQEQRKSVFDRHVVLS	67	178	248	70
2304	HUMAN04148	Q9NQ34	1	36	MATLWGGLLRLGSLLSLSCLALSVLLLAQLSDAAKN	35	11	61	50
2305	HUMAN04150	Q9NQ35	1	103	MFYSGLLTEGGRKETDMREAASLRQQRRMKQAVQFIHKDSADLLPLDGLKKLGSSKDMQPHNILQRRLMETNLSKLRSGPRVPWASKTNKLNQAKSEGLKKSE	102	27	158	131
2306	HUMAN04154	Q6IQ26	1070	1100	PEVDERPCRTPPLQQSPSVIRRLVTISPNNK	30	2411	2483	72
2307	HUMAN04154	Q6IQ26	158	190	NAEYDVLHAPPADDRDQSSMEDGEDTPVTKLQR	32	424	500	76
2308	HUMAN04154	Q6IQ26	427	501	HCSESASKLKRLRASELVSDKRNGNIAGSPLHSYELLKENETIARLQALVKRTGVSLEKLEVREDPSSNKDLKVQ	74	980	1206	226
2309	HUMAN04154	Q6IQ26	676	731	DVLSTGPASNKWTKRNAPAQWRRKDRQKQHTEHLRLDNDQREKYIQEARTMGSTIR	55	1517	1718	201
2313	HUMAN04160	P52747	172	234	GDATIDPDTISALEQYAAKVSIDGSESVAGTGMIGENEQEKKMQIVLQGHATRVTAKSQQSGE	62	268	338	70
2315	HUMAN04163	P30291	603	646	MAKAAAEERALFTDRMATRSTTQSNRTSRLIGKKMNRSVSLTIY	43	967	1096	129
2316	HUMAN04165	Q9UH65	316	349	HKEARQRRKELRKKQLAEQEELERQMKELQAANE	33	418	453	35
2317	HUMAN04165	Q9UH65	550	585	PGSKNPHLITNWGPAAFTEAELEEREKNWKEKKTTE	35	659	712	53
2318	HUMAN04168	Q86WG5	1027	1103	PKQKEKNTSFRTFSKTIVKGAKRAGKMTIGRQYLLKKKTGTIVEERVNRPGWNEDDDVSVSDESELPTSTTLKASEK	76	1769	1966	197
2320	HUMAN04168	Q86WG5	1670	1738	DLKEEPRTDRSQRHLSRSPGIVSTNLPSYQKRSLLHLPDSSMGEEQNSSISPSNGVERRAATLYSQYTS	68	3071	3308	237
2321	HUMAN04168	Q86WG5	766	807	NKLLRTSAPGDWESGSNSIVTNSIAGSVAESYDTESGFEDSE	41	1355	1438	83
2322	HUMAN04169	P35318	130	185	KDKDNVAPRSKISPQGYGRRRRRSLPEAGPGRTLVSSKPQAHGAPAPPSGSAPHFL	55	207	297	90
2323	HUMAN04169	P35318	42	104	GKRELRMSSSYPTGLADVKAGPAQTLIRPQDMKGASRSPEDSSPDAARIRVKRYRQSMNNFQG	62	105	179	74
2324	HUMAN04174	Q8WVD5	119	150	AQSSTSEEPDENSSSVTSCQASLWMGRVKQLT	31	189	321	132
2327	HUMAN04182	Q49AG3	47	106	QEVESFCYQIVSESNDQKVGILQSEDKQLQPSVSKKSEGELSRVKFISNSNKITFSKKPK	59	46	112	66
2328	HUMAN04183	Q6P9A2	1	91	MVCTRKTKTLVSTCVILSGMTNIICLLYVGWVTNYIASVYVRGQEPAPDKKLEEDKGDTLKIIERLDHLENVIKQHIQEAPAKPEEAEAEP	90	60	215	155
2329	HUMAN04184	Q8NEV1	332	391	ARMGSSSMPGGSTPVSSANVMSGISSVPTPSPLGPLAGSPVIAAANPLGMPVPAATGAQQ	59	539	603	64
2330	HUMAN04185	Q96K76	1	38	MVPGEENQLVPKEDVFWRCRQNIFDEMKKKFLQIENAA	37	30	136	106
2331	HUMAN04185	Q96K76	424	479	EDEKSPQTESCTDSGAENEGSCHSDQMSNDFSNDDGVDEGICLETNSGTEKISKSG	55	997	1141	144
2333	HUMAN04187	O94851	1062	1124	NSKQRKRRAELKQQREEEATWQEQEAPRRDTPTESSCAVAAIGTLEGSPPVHFSLPVLHPLLG	62	1296	1368	72
2337	HUMAN04192	A6NK89	41	80	RRRRRQRRSRRLGSAGDPHGPGELPEPPNEDDEDDDEALP	39	125	187	62
2340	HUMAN04197	P01270	1	30	MIPAKDMAKVMIVMLAICFLTKSDGKSVKK	29	28	58	30
2341	HUMAN04197	P01270	62	115	VHNFVALGAPLAPRDAGSQRPRKKEDNVLVESHEKSLGEADKADVNVLTKAKSQ	53	89	157	68
2342	HUMAN04199	Q9HCB6	1	35	MRLSPAPLKLSRTPALLALALPLAAALAFSDETLD	34	194	232	38
2343	HUMAN04199	Q9HCB6	454	501	CSSSTCDKGKRMRQRMLKAQLDLSVPCPDTQDFQPCMGPGCSDEDGST	47	798	866	68
2344	HUMAN04206	Q13370	1016	1112	AEEDNDTESGDDEDGEELDTEDEEMENNLNPKPPRRKSRRRIFCQLMHHLTENHKIWKEIVEEEEKCKADGNKLQVENSSLPQADEIQVIEEADEEE	96	1319	1478	159
2346	HUMAN04213	O00193	1	183	MSAARESHPHGVKRSASPDDDLGSSNWEAADLGNEERKQKFLRLMGAGKKEHTGRLVIGDHKSTSHFRTGEEDKKINEELESQYQQSMDSKLSGRYRRHCGLGFSEVEDHDGEGDVAGDDDDDDDDSPDPESPDDSESDSESEKEESAEELQAAEHPDEVEDPKNKKDAKSNYKMMFVKSSGS	182	0	218	218
2348	HUMAN04219	P80303	196	226	NEEKRKEEESKFEEMKKKHENHPKVNHPGSK	30	356	392	36
2349	HUMAN04219	P80303	1	49	MRWRTILLQYCFLLITCLLTALEAVPIDIDKTKVQNIHPVESAKIEPPD	48	56	148	92
2350	HUMAN04220	Q68D85	394	454	SGKSIDDNSTKSEKQTPREHSDAVPDAPILPVSPIWEPPPATTSTTPVLSSQPPTLLLPLQ	60	415	477	62
2351	HUMAN04221	Q14654	352	390	DHSLLEALTLASARGPLRKRSVPMAKAKPKFSISPDSLS	38	494	590	96
2352	HUMAN04223	Q09428	622	673	EQCAPHEPTPQGPASKYQAVPLRVVNRKRPAREDCRGLTGPLQSLVPSADGD	51	766	844	78
2354	HUMAN04225	Q6ZRI0	1	92	MGVLASALCWLLCVWLPWGEQAAESLRVQRLGERVVDSGRSGARGMRNVKGMRNGPAQTRVSSSSSHQEATLAMGDKATVVGGQQAEAPDSV	91	0	150	150
2355	HUMAN04226	P15172	166	319	DQDAAPPGAAAAFYAPGPLPPGRGGEHYSGDSDASSPRSNCSDGMMDYSGPPSGARRRNCYEGAYYNEAPSEPRPGKSAAVSSLDCLSSIVERISTESPAAPALLLADVPSESPPRRQEAAAPSEGESSGDPTQSPDAAPQCPAGANPNPIYQV	153	243	454	211
2356	HUMAN04243	Q9UPZ3	386	416	ASRARKTLTADKLEHLKSQLDHGTYNDLISQ	30	899	936	37
2358	HUMAN04243	Q9UPZ3	654	715	KDFSGVSDTDNSSMKLNQDVLLVNESKKGILDEDNEKEKRDSLGNEESVDKTACECVRSPRE	61	1513	1688	175
2360	HUMAN04245	P32780	414	450	YTPKLTQVLSSSAASSTITALSPGGALMQGGTQQAIN	36	1269	1356	87
2363	HUMAN04257	Q68D10	635	685	DYALRYMESSWKEQQKEEAKSLRLGMQEDLEEMRREEEEMQRRRAKKLKRR	50	1904	1981	77
2364	HUMAN04260	P54829	115	191	NATNLVSSLLTLLKQLEPTAWLDSGTWGVPSLLLVFLSVGLVLVTTLVWHLLRTPPEPPTPLPPEDRRQSVSRQPSF	76	199	300	101
2365	HUMAN04260	P54829	1	91	MNYEGARSERENHAADDSEGGALDMCCSERLPGLPQPIVMEALDEAEGLQDSQREMPPPPPPSPPSDPAQKPPPRGAGSHSLTVRSSLCLF	90	33	175	142
2366	HUMAN04263	Q96LB1	288	330	QWRLQQPILKLALQRALQDIAEVDHSEGCFRQGTPEMSRSSLV	42	329	373	44
2367	HUMAN04264	Q8IUH4	1	48	MEGPGLGSQCRNHSHGPHPPGFGRYGICAHENKELANAREALPLIEDS	47	51	157	106
2368	HUMAN04265	P50461	84	115	TGEHLGLQFQQSPKPARSVTTSNPSKFTAKFG	31	271	401	130
2369	HUMAN04266	A0AVK6	1	110	MENEKENLFCEPHKRGLMKTPLKESTTANIVLAEIQPDFGPLTTPTKPKEGSQGEPWTPTANLKMLISAVSPEIRNRDQKRGLFDNRSGLPEAKDCIHEHLSGDEFEKSQ	109	60	188	128
2370	HUMAN04266	A0AVK6	212	263	KEYEQEFDFIKSYSIEDHIIKSNTGPNGHPDMCFVELPGVEFRAASVNSRKD	51	291	357	66
2372	HUMAN04268	A6NMT0	1	40	MMFPGLLAPPAGYPSLLRPTPTLTLPQSLQSAFSGHSSFL	39	0	41	41
2373	HUMAN04268	A6NMT0	48	106	SRPPAYLPRSVPTASMSPPRQGAPTALTDTGASDLGSPGPGSRRGGSPPTAFSPASETT	58	48	120	72
2374	HUMAN04271	O60678	142	216	VSVPFSYPNGLSENTSVVEKLKHMEARALSAEAALARAREDLQKMKQFAQDFVMHTDVRTCSSSTSVIADLQEDE	74	422	648	226
2375	HUMAN04271	O60678	1	44	MCSLASGATGGRGAVENEEDLPELSDSGDEAAWEDEDDADLPHG	43	41	188	147
2377	HUMAN04275	Q75V66	1	68	MGDPDLLEVLAEEGEKVNKHIDYSFQMSEQSLSSRETSFLINEETMPAKRFNLFLRRRLMFQKNQQSK	67	267	421	154
2378	HUMAN04276	Q9P2U8	1	59	MESVKQRILAPGKEGLKNFAGKSLGQIYRVLEKKQDTGETIELTEDGKPLEVPERKAPL	58	26	219	193
2380	HUMAN04278	O43903	169	205	LEKEIEQEETLSAPSPSPSPSSKSSGKKSTGNLLDDA	36	321	511	190
2381	HUMAN04278	O43903	274	313	ISRVDGKTSPIQSKSPTLKDMNPDNYLVVSASYKAKKEIK	39	611	683	72
2382	HUMAN04279	Q8NHG7	1	77	MGLCFPCPGESAPPTPDLEEKRAKLAEAAERRQKEAASRGILDVQSVQEKRKKKEKIEKQIATSGPPPEGGLRWTVS	76	11	98	87
2383	HUMAN04280	H3BU77	1	51	MCLYCWDIEPSQVNPEGPRQHHPSEVTERQLANKRIQNMQHLKKEKRRLNK	50	0	52	52
2386	HUMAN04284	Q1EHB4	560	618	GVQHDSGTEQENLENGSARKQGAESVLQNGLRRESLVHVPGYDPKDKSYNNMAFETTHF	58	830	906	76
2387	HUMAN04287	Q96HJ3	1	140	MWAAGRWGPTFPSSYAGFSADCRPRSRPSSDSCSVPMTGARGQGLEVVRSPSPPLPLSCSNSTRSLLSPLGHQSFQFDEDDGDGEDEEDVDDEEDVDEDAHDSEAKVASLRGMELQGCASTQVESENNQEEQKQVRLPES	139	0	207	207
2388	HUMAN04287	Q96HJ3	329	373	PKEAKDLSGRKSKRPVISQPHKSSSLVIHKARSNLCLGTLCRIQR	44	398	453	55
2389	HUMAN04289	Q9BXB1	823	871	SGSVSVSISSQGGCLEQDFYYDCGMYSHLQGNLTVCDCCESFLLTKPVS	48	1041	1124	83
2391	HUMAN04298	P22459	1	170	MEVAMVSAESSGCNSHMPYGYAAQARARERERLAHSRAAAAAAVAAATAAVEGSGGSGGGSHHHHQSRGACTSHDPQSSRGSRRRRRQRSEKKKAHYRQSSFPHCSDLMPSGSEEKILRELSEEEEDEEEEEEEEEEGRFYYSEDDHGDECSYTDLLPQDEGGGGYSSVR	169	0	227	227
2392	HUMAN04298	P22459	572	653	ENEEQTQLTQNAVSCPYLPSNLLKKFRSSTSSSLGDKSEYLEMEEGVKESLCAKEEKCQGKGDDSETDKNNCSNAKAVETDV	81	655	757	102
2393	HUMAN04300	Q8N8R7	124	187	NGSVDVDTEDRQKRKPESDGRTAKALRSLQFTNPGRQTEFAPETGKREKRRLTKNATAGSDRQV	63	144	212	68
2394	HUMAN04303	M0R2J8	1072	1106	EKQVTEPEEKQMQEDPLTTENASSEILDSHVRAHL	34	1420	1467	47
2395	HUMAN04303	M0R2J8	1125	1158	DFDEDDSLPKKTEKGLFENVEPQKKHSCSPKHSK	33	1489	1531	42
2396	HUMAN04303	M0R2J8	1480	1524	RDSEKQKQDAAPVGKEQIIVEKNPRMKVKNRLFAKSVTSDSLDGI	44	2036	2250	214
2397	HUMAN04303	M0R2J8	1547	1603	FLPPNALQKAEKLEKQNWLKKDRILADLDTMRHKMRQLKGRRVAACQPATMVPTKSP	56	2273	2331	58
2398	HUMAN04303	M0R2J8	1619	1658	QEIKLMELIRHTEAHLSEIQEMESKINFPIATKRIAVKPS	39	2346	2387	41
2399	HUMAN04303	M0R2J8	1	45	MAKTGAEDHREALSQSSLSLLTEAMEVLQQSSPEGTLDGNTVNPI	44	0	95	95
2400	HUMAN04303	M0R2J8	53	164	LPREFMSSQAKAVIKTTDDYLQSQFGPNRLVHSAAVSEGSGLQDCSTHQTASDHSHDEISDLDSYKSNSKNNSCSISASKRNRPVSAPVGQLRVAEFSSLKFQSARNWQKLS	111	102	262	160
2402	HUMAN04318	Q6ZRK6	1	41	MESNFNTESSSTFTLQSSSETLFSIQLLDFKTSLLEALEEL	40	19	61	42
2403	HUMAN04320	Q9BZD6	1	31	MFTLLVLLSQLPTVTLGFPHCARGPKASKHA	30	72	110	38
2405	HUMAN04327	Q12996	547	604	KDVSRAKLAAIIPDPVVAPSIVPVLKDEVDRKPEYPKPDTQQMIPFQPRHLAPPGLHP	57	1240	1448	208
2406	HUMAN04327	Q12996	650	717	NTVEEAVRIITGGAPELAVEGNGPVESNAVLTKAVKRPNEDSDEDEEKGAVVPPVHDIYRARQQKRIR	67	1596	1831	235
2407	HUMAN04331	Q9H422	50	176	FGNSHPPTKGSAFQTKIPFNRPRGHNFSLQTSAVVLKNTAGATKVIAAQAQQAHVQAPQIGAWRNRLHFLEGPQRCGLKRKSEELDNHSSAMQIVDELSILPAMLQTNMGNPVTVVTATTGSKQNCT	126	143	361	218
2411	HUMAN04333	Q3C1V1	51	88	AGGAPVGGAAGARSLSQALPAPAPPPPPPPGLGPSSER	37	87	173	86
2412	HUMAN04338	Q9UK99	413	471	LEMGPDEYEEMEEEEEEEEEEDEDDDSADMDESDEDDEEERRRRVFDVPIRRRRCSRLF	58	845	960	115
2413	HUMAN04341	Q14444	1	48	MPSATSHSGSGSKSSGPPPPSGSSGSEAAAGAGAAAPASQHPATGTGA	47	43	203	160
2416	HUMAN04343	Q8N961	1	49	MAGTYSSTLKTLEDLTLDSGYGAGDSCRSLSLSSSKSNSQALNSSAQQH	48	705	884	179
2417	HUMAN04345	Q9UKW6	136	171	AEESKATIKDYADSNCLKTSGIKSQDCHSHSRTSLQ	35	182	262	80
2418	HUMAN04345	Q9UKW6	1	42	MPSLPHSHRVMLDSVTHSTFLPNASFCDPLMSWTDLFSNEEY	41	0	48	48
2420	HUMAN04349	O00330	221	270	QLKQTGKITESRPTPAPTATPTAPSPLQATAGPSYPRPVIPPVSTPGQPN	49	1071	1257	186
2422	HUMAN04350	P16070	688	742	NGAVEDRKPSGLNGEASKSQEMVHLVNKESSETPDQFMTADETRNLQNVDMKIGV	54	870	937	67
2423	HUMAN04351	P43004	1	32	MASTEGANNMPKQVEVRMHDSHLGSEEPKHRH	31	74	191	117
2424	HUMAN04351	P43004	505	536	DSQHRVHEDIEMTKTQSIYDDMKNHRESNSNQ	31	889	932	43
2426	HUMAN04355	Q96DX7	308	344	TQMAQAKEQLDTSNESAEPKAEGDEEGPSGASEEEDT	36	343	433	90
2427	HUMAN04355	Q96DX7	52	175	FLSHHLAEYVHGSQAWTPPADGEGAGKEEAEVKVEQEREIESEAGEESESEEESESEEESETEEESEDESDEESEEDSEEEMEDEQESEAEEDNQEEGESEAEGETEAESEFDPEIEMEAERVA	123	63	207	144
2428	HUMAN04359	Q6MZQ0	179	368	AQSKLPSSIVQMLLILQSVHEPTGPSESYLQLEELVKQVVSPFLGISGDRSFSGPTYTLARRHSRVRPKVTVLNYASPITAVSRPLNEMVLTPLTEQEGEAYLEKCGSVRRHTVANAHSDIQLLAMATMMHSGLGEEASSENKCLLLPPSFPPPHRQCSSEPNITDNPDGLEEGARGSQEGSELNCASLS	189	254	474	220
2429	HUMAN04359	Q6MZQ0	1	48	MTRGFAPILPVEFHKMGSFRRPRPRFMSSPVLSDLPRFQAARQALQLS	47	52	104	52
2430	HUMAN04360	Q9Y4K3	1	51	MSLLNCENSCGSSQSESDCCVAMASSCSAVTKDDSVGGTASTGNLSSSFME	50	82	251	169
2431	HUMAN04361	P15918	1	97	MAASFPPTLGLSSAPDEIQHPHIKFSEWKFKLFRVRSFEKTPEEAQKEKKDSFEGKPSLEQSPAVLDKADGQKPVPTQPLLKAHPKFSKKFHDNEKA	96	77	198	121
2432	HUMAN04361	P15918	218	259	RRGLKRKSLQPNLQLSKKLKTVLDQARQARQHKRRAQARISS	41	320	390	70
2433	HUMAN04363	Q86VG3	28	166	HEQTYDEEFLNTFTHLSQEDHVSKRGVFGTDSSENIFTSAKVTHKNEADDYHLRNKTIFLRTSSQCLEEQVDNFLDLEDLDMDEEIKPQMSEDLLLLPGEVEQDVSTSIPSCIPFVAQPPTCEVKPKPSVKRMDKQTEE	138	112	361	249
2434	HUMAN04364	Q9HCJ2	1	37	MLNKMTLHPQQIMIGPRFNRALFDPLLVVLLALQLLV	36	0	38	38
2435	HUMAN04364	Q9HCJ2	552	616	KQHHRQNHHAPTRTVEIINVDDEITGDTPMESHLPMPAIEHEHLNHYNSYKSPFNHTTTVNTINS	64	593	659	66
2436	HUMAN04366	Q9BZZ5	436	524	KSTVTLSWKPVQKVEIGQKRASEDTTSGSPPKKSSAGPKRDARQIYNPPSGKYSSNLGNFNYEQRGAFRGSRGGRGWGTRGNRSRGRLY	88	1029	1244	215
2437	HUMAN04367	Q96AE7	445	474	FGEDSSTSSMMSVNFDVQSNQSDINDSVKS	29	893	990	97
2438	HUMAN04374	Q96Q83	1	48	MEEKRRRARVQGAWAAPVKSQAIAQPATTAKSHLHQKPGQTWKNKEHH	47	32	166	134
2439	HUMAN04377	Q4AC99	87	135	ASGLELQVPLPSEDSRGDVRYGQRAQLSGQPDPVPQLSDCEAAFVNRDL	48	124	198	74
2440	HUMAN04378	Q96QU6	1	59	MFTLPQKDFRAPTTCLGPTCMQDLGSSHGEDLEGECSRKLDQKLPELRGVGDPAMISSD	58	84	174	90
2441	HUMAN04385	O14683	1	35	MAAKQPPPLMKKHSQTDLVSRLKTRKILGVGGEDD	34	62	112	50
2442	HUMAN04392	Q7L8C5	1	155	MVLSVPVIALGATLGTATSILALCGVTCLCRHMHPKKGLLPRDQDPDLEKAKPSLLGSAQQFNVKKSTEPVQPRALLKFPDIYGPRPAVTAPEVINYADYSLRSTEEPTAPASPQPPNDSRLKRQVTEELFILPQNGVVEDVCVMETWNPEKAAS	154	20	195	175
2443	HUMAN04396	Q96A29	1	33	MNRAPLKRSRILHMALTGASDPSAEAEANGEKP	32	57	269	212
2445	HUMAN04398	Q9UQF2	404	472	SDESDSATVYDNCASVSSPYESAIGEEYEEAPRPQPPACLSEDSTPDEPDVHFSKKFLNVFMSGRSRSS	68	717	820	103
2446	HUMAN04399	C9JXX5	30	86	SQPLRSQRSVPEAFSAPLELSQPLSGLVDDYGILPKHPRPRGPRPLLSRAQQRKRDG	56	30	95	65
2448	HUMAN04404	Q8N3Y3	1	91	MLPRGRPRALGAAALLLLLLLLGFLLFGGDLGCERREPGGRAGAPGCFPGPLMPRVPPDGRLRRAAALDGDPGAGPGDHNRSDCGPQPPPP	90	38	256	218
2451	HUMAN04410	Q96BA8	358	519	TNKISRPYKMAATQTGTCLMVAALCFVLVLGSLVPCLPEFSSGSQTVKEDPLAADGVYTASQMPSRSLLFYDDGAGLWEDGRSTLLPMEPPDGWEINPGGPAEQRPRDHLQHDHLDSTHETTKYLSEAWPKDGGNGTSPDFSHSKEWFHDRDLGPNTTIKLS	161	465	667	202
2458	HUMAN04419	Q9C0C7	737	805	RRDSIRQRSMRYQQNRLRSSTSSSSSDNQGPSVEGTDLEFEDFEDNGDRSRHRAPRNARMSAPSLGRFV	68	2369	2506	137
2459	HUMAN04423	Q07960	1	57	MDPLSELQDDLTLDDTSEALNQLKLASIDEKNWPSDEMPDFPKSDDSKSSSPELVTH	56	135	367	232
2460	HUMAN04424	Q9H9D4	174	346	SSEGPSLTQPGLDKEAAVAVVTEVESAVQQEVASPGEDAAEPCIDPGSQSPSGIQAENMVSPGLKFPTQDRISKDSQPLGPLLQDGDVDEECPAQAQMPPELQSNSATQQDPDGSGASFSSSARGTQPHGYLAKKLHSPSDQCPPRAKTPEPGAQQSGFPTLSRSPPGPAGSS	172	236	485	249
2463	HUMAN04426	Q14008	1505	1537	LVQHKLDDIFEPVLIPEPKIRAVSPHFDDMHSN	32	4380	4537	157
2465	HUMAN04426	Q14008	225	263	APRPTRFLRSQQELEAKLEQQQSAGGDAEGGGDDGDEVP	38	1562	1653	91
2467	HUMAN04426	Q14008	815	847	QSPPAPTRGISKHSTSGTDEGEDGDEPDDGSND	32	2798	2874	76
2468	HUMAN04427	O75096	1643	1696	PDSRPCSLVPGLVPPAPRATGMSEKSPVLPNTPPTTLYSSTTRTRTSLEEVEGR	53	2814	2919	105
2469	HUMAN04427	O75096	1820	1905	DAEWDDLKQLRSSRGGLLRDHVCMKTDTVSIQASSGSLDDTETEQLLQEEQSECSSVHTAATPERRGSLPDTGWKHERKLSSESQV	85	3207	3363	156
2471	HUMAN04434	Q9UKS6	305	362	DTQRTISRKEKGGRSPDEVTLTSIVPTRDGTAPPPQSPGSPGTGQDEEWSDEESPRKA	57	311	495	184
2472	HUMAN04435	Q92466	1	53	MAPKKRPETQKTSEIVLRPRNKRSRSPLELEPEAKKLCAKGSGPSRRCDSDCL	52	0	84	84
2474	HUMAN04442	Q8WXG6	106	170	SKEKGEGGAGSRGKEGTHATCASEEGGTESSESGSSLQPLSADSTPDVNQSPRGKRRAKAGSRSR	64	208	441	233
2475	HUMAN04442	Q8WXG6	437	472	LNTQPILNLEKFHEGQEIPLLLGRPSNDLQSTPSTE	35	832	958	126
2477	HUMAN04444	Q14896	99	150	KAEPMLAPAPAPAEATGAPGEAPAPAAELGESAPSPKGSSSAALNGPTPGAP	51	221	319	98
2480	HUMAN04454	O75489	1	50	MAAAAVARLWWRGILGASALTRGTGRPSVLLLPVRRESAGADTRPTVRPR	49	19	205	186
2481	HUMAN04469	Q8N3X1	116	201	SDDDDNDVSEKLAQSKETNGNQSTDIDSTLANFLAEIDAITAPQPAAPVGASAPPPTPPRPEPKEAATSTLSSSTSNGTDSTQTSG	85	340	492	152
2487	HUMAN04541	P35414	328	380	QSRCAGTSHSSSGEKSASYSSGHSQGPGPNMGKGGEQMHEKSIPYSQETLVVD	52	356	427	71
2491	HUMAN04544	P56373	363	397	ETTLKIAALTNPVYPSDQTTAEKQSTDSGAFSIGH	34	614	675	61
2492	HUMAN04545	Q9Y2Y8	1	88	MQCLLLLPFLLLGTVSALHLENDAPHLESLETQADLGQDLDSSKEQERDLALTEEVIQAEGEEVKASACQDNFEDEEAMESDPAALDK	87	0	103	103
2493	HUMAN04546	P13727	1	79	MKLPLLLALLFGAVSALHLRSETSTFETPLGAKTLPEDEETPEQEMEETPCRELEEEEEWGSGSEDASKKDGAVESISV	78	29	132	103
2494	HUMAN04549	Q86UN3	283	420	SSDVTCATPPERQGRDLRALREADFQACPPAAPTRPGSRARGNSSSNHLYGVAEAGAPPADPSTLYRDLPAEDSRGRQGGDAPTEDDYWGGYGGEDQRGEQMCPGAACQAPPDSRGPALSAGLPSPLLCLLLLVPHHL	137	348	555	207
2495	HUMAN04552	O75387	224	293	APEEVNYTKKIKLSGLALDHKVTGDLFYTHVTTMGQRLSQKAPSLEDGSDAFMSPQDVRGTSENLPERSV	69	500	676	176
2498	HUMAN04564	Q9Y320	267	296	LSKAGDNIPEEQPVASTPTTVSDGENKKDK	29	474	581	107
2501	HUMAN04569	O60716	599	645	RYQEAAPNVANNTGPHAASCFGAKKGKDEWFSRGKKPIEDPANDTVD	46	725	786	61
2502	HUMAN04569	O60716	854	943	NNASRSQSSHSYDDSTLPLIDRNQKSDKKPDREEIQMSNMGSNTKSLDNNYSTPNERGDHNRTLDRSGDLGDMEPLKGTTPLMQDEGQES	89	997	1129	132
2504	HUMAN04592	Q6SJ93	1	76	MNSMKTEENKSFSAMEDDQRTRPEVSKDTVMKQTHADTPVDHCLSGIRKCSSTFKLKSEVNKHETALEMQNPNLNN	75	85	163	78
2505	HUMAN04592	Q6SJ93	273	380	ALQQKDIHKKIKQNESATDEINHQSLIQSKKKVHKPKKDGETKDVEHSREQILPPQDLSHYIKDKTRQTIPRIRNYYFCSLPRKYRQINSQVRRRPHLGRRYAINLDV	107	370	481	111
2506	HUMAN04593	Q96PZ2	1	73	MSCKKQRSRKHSVNEKCNMKIEHYFSPVSKEQQNNCSTSLMRMESRGDPRATTNTQAQRFHSPKKNPEDQTMP	72	97	187	90
2508	HUMAN04595	Q2M385	683	716	KKKAYQAIEERQSLVPGTAATGDTTYQEQGQSPA	33	799	854	55
2509	HUMAN04603	P22059	1	88	MAATELRGVVGPGPAAIAALGGGGAGPPVVGGGGGRGDAGPGSGAASGTVVAAAAGGPGPGAGGVAAAGPAPAPPTGGSGGSGAGGSG	87	73	289	216
2512	HUMAN04608	Q9NX20	1	74	MWRLLARASAPLLRVPLSDSWALLPASAGVKTLLPVPSFEDVSIPEKPKLRFIERAPLVPKVRREPKNLSDIRG	73	5	142	137
2513	HUMAN04612	Q86WS3	123	158	PVSTENEIKLDPSPFIADFQTTAEELGLLSSSPNLL	35	134	170	36
2514	HUMAN04613	Q96HJ5	1	39	MASHEVDNAELGSASAHGTPGSEAGPEELNTSVYQPIDG	38	0	39	39
2515	HUMAN04622	Q96JQ5	1	48	MHQTYSRHCRPEESTFSAAMTTMQGMEQAMPGAGPGVPQLGNMAVIHS	47	1	59	58
2516	HUMAN04627	Q9GZW8	1	66	MLLQSQTMGVSHSFTPKGITIPQREKPGHMYQNEDYLQNGLPTETTVLGTVQILCCLLISSLGAIL	65	37	104	67
2517	HUMAN04631	P11836	1	39	MTTPRNSVNGTFPAEPMKGPIAMQSGPKPLFRRMSSLVG	38	41	81	40
2518	HUMAN04631	P11836	235	297	KKEQTIEIKEEVVGLTETSSQPKNEEDIEIIPIQEEEEEETETNFPEPPQDQESSPIENDSSP	62	288	378	90
2519	HUMAN04633	Q9NXJ0	1	77	MMSSKPTSHAEVNETIPNPYPPSSFMAPGFQQPLGSINLENQAQGAQRAQPYGITSPGIFASSQPGQGNIQMINPSV	76	20	108	88
2520	HUMAN04637	Q3C1V0	300	400	ANTTTSPVNATTGPVNAATGPVSATNGPVNTTIHPVNTTTSPVNTTTSPVNVTTGPVNANIGPVNVTTGPVNTTTAPAKATTSCVNAIHTSNVPPNPRTKK	100	371	533	162
2521	HUMAN04640	Q96PG2	1	53	MKAEATVIPSRCARGLPSWQVLSPVQPWQTSAPQNTTQPKLLAPHQHEKSQKK	52	24	88	64
2523	HUMAN04642	Q9Y5Y4	330	395	DSELGGAGSSRRRRTSSTARSASPLALCSRPEEPRGPARLLGWLLGSCAASPQTGPLNRALSSTSS	65	405	503	98
2524	HUMAN04643	P60852	185	215	PGHSSVHPTPALPSPGPGPTLATLAQPHWGT	30	230	264	34
2525	HUMAN04643	P60852	583	638	GQEPTLGPTDSNGNSSLRPLLWAVLLLPAVALVLGFGVFVGLSQTWAQKLWESNRQ	55	683	782	99
2526	HUMAN04646	Q9BVC6	1	48	MAASSISSPWGKHVFKAILMVLVALILLHSALAQSRRDFAPPGQQKRE	47	10	73	63
2527	HUMAN04646	Q9BVC6	202	243	LTGSRASGAQLEAKVRGLERQVEELRWRQRRAAKGARSVEEE	41	252	296	44
2529	HUMAN04652	P06127	411	495	QKKQRQWIGPTGMNQNMSFHRNHTATVRSHAENPTASHVDNEYSQPPRNSHLSAYPALEGALHRSSMQPDNSSDSDYDLHGAQRL	84	546	640	94
2531	HUMAN04662	Q16531	745	781	TSGGTTALRPSASTQALSSSVSSSKLFSSSTAPHETS	36	2888	2976	88
2532	HUMAN04663	Q3LXA3	341	370	AVSITGRKRSRVAPAEPQEAPDSTAAGGSA	29	983	1126	143
2533	HUMAN04673	Q9NX18	1	49	MAVSTVFSTSSLMLALSRHSLLSPLLSVTSFRRFYRGDSPTDSQKDMIE	48	16	114	98
2535	HUMAN04677	A6NIK2	228	292	LVGEGAVERMAERDEPTPRPPPRRPARAFEDEEEEDLLIGGAGSRALGAPGGSFRALEAAPGLGT	64	285	412	127
2537	HUMAN04680	Q9Y2G1	711	765	RLDSLKSTGSSGAFSHAGSQFSRAGSVPHKKRPPKVASKSSSVVPDQACISQRFL	54	1063	1225	162
2538	HUMAN04680	Q9Y2G1	843	1007	PLTTGLPGIQPSLLLVTTSLTSSAPGSAVRTLDMCSSHPCPVICCSSPTTNPTTGPSLGPSFNPGHVLSPSPSPSTNRSGPSQMALLPVTNIRAKSWGLSVNGIGHSKHHKSLEPLASPAVPFPGGQGKAKNSPSLGFHGRARRGALQSSVGPAEPTWAQGQSAS	164	1344	1583	239
2541	HUMAN04695	O76090	334	363	PDMYWNKPEPQPPYTAASAQFRRASFMGST	29	418	448	30
2544	HUMAN04715	P26641	218	276	AKKFAETQPKKDTPRKEKGSREEKQKPQAERKEEKKAAAPAPEEEMDECEQALAAEPKA	58	573	738	165
2545	HUMAN04717	O94776	321	360	RLKAAEADSKLKQVYIPTYTKPNPNQIISVGSKPGMNGAG	39	474	520	46
2547	HUMAN04719	Q32P44	1	210	MDGAAGPGDGPAREALQSLSQRLRVQEQEMELVKAALAEALRLLRLQVPPSSLQGSGTPAPPGDSLAAPPGLPPTCTPSLVSRGTQTETEVELKSSPGPPGLSNGPPAPQGASEEPSGTQSEGGGSSSSGAGSPGPPGILRPLQPPQRADTPRRNSSSSSSPSERPRQKLSRKAISSANLLVRSGSTESRGGKDPLSSPGGPGSRRSNYN	209	0	225	225
2548	HUMAN04720	Q03395	2	45	APVLPLVLPLQPRIRLAQGLWLLSWLLALAGGVILLCSGHLLVQ	43	1	47	46
2549	HUMAN04721	O94766	1	71	MKLKLKNVFLAYFLVSIAGLLYALVQLGQPCDCLPPLRAAAEQLRQKDLRISQLQAELRRPPPAPAQPPEP	70	81	326	245
2550	HUMAN04725	Q6P9B9	256	285	AGGGAGSSGGSSSQTPSTDPFPGSPAIPAE	29	394	438	44
2551	HUMAN04727	E9PRG8	1	123	MGAPGGKINRPRTELKKKLFKRRRVLNRERRLRHRVVGAVIDQGLITRHHLKKRASSARANITLSGKKRRKLLQQIRLAQKEKTAMEVEAPSKPARTSEPQLKRQKKTKAPQDVEMKDLEDES	122	42	237	195
2553	HUMAN04735	Q04323	171	209	DKAERAKKYGGSVGSQPPPVAPEPGPVPSSPSQEPPTKR	38	491	573	82
2554	HUMAN04735	Q04323	43	111	EDDPDVDEPLETPLGHILGREPTSSEQGGLEGSGSAAGEGKPALSEEERQEQTKRMLELVAQKQREREE	68	163	406	243
2555	HUMAN04737	Q8ND94	1	44	MLGSPCLLWLLAVTFLVPRAQPLAPQDFEEEEADETETAWPPLP	43	38	130	92
2557	HUMAN04741	Q1KMD3	635	665	PSEKRTNRRNNRNKRNRQNRSRGQGYVGGQR	30	842	887	45
2559	HUMAN04743	Q9H5J0	511	574	QSGDLYRHIRKAHNEDLAKRSKPDPEVGPLLGVQPLPGSPTADRQSSSGGGPPKDFVLAPKTNI	63	793	881	88
2560	HUMAN04746	Q9Y6J9	377	546	AEPNRGGPGGRGCRRLDDLPWDSLLFQESSSGGGAEPSFGSGLPLPPGGAGPEDPSLSVTLADIYRELYAFFGDSLATRFGTGQPAPTAPRPPGDKKEPAAAPDSVRKMPQLTASAIVSPHGDESPRGSGGGGPASASGPAASESRPLPRVHRARGAPRQQGPGTGTRDV	169	530	733	203
2564	HUMAN04754	A0A1B0GVG6	1	74	MGCCQDKDFEMSDEQSKEEESEDGREDETTDTQRGPRECERGLPEGRGELRGLVVPSGAEDIDLNSPDHPNHKS	73	0	74	74
2565	HUMAN04754	A0A1B0GVG6	91	124	GRRGSSRPSKRQPDQIRKQESPIREGNQEEPEKG	33	90	124	34
2568	HUMAN04760	Q4U2R8	523	563	WAPTQKEAGIYPRKGKQTRQQQEHQKYMVPLQASAQEKNGL	40	971	1050	79
2569	HUMAN04761	Q8TCC7	511	542	SLRAKKPKQEPEVEKASQRIPLQPHGPGLGSS	31	877	950	73
2570	HUMAN04769	Q96KN8	1	126	MGLSPGAEGEYALRLPRIPPPLPKPASRTASTGPKDQPPALRRSAVPHSGLNSISPLELEESVGFAALVQLPAKQPPPGTLEQGRSIQQGEKAVVSLETTPSQKADWSSIPKPENEGKLIKQAAEG	125	24	206	182
2571	HUMAN04781	C9JLR9	173	259	LGACGEAEGLGVQGAEEEEEEEEEEEEEGAGVPACPPKGPGKAPAGGGCRRQRRGGPVAPRARRLRLSASRRAGGSRGLGARRLERR	86	206	340	134
2572	HUMAN04781	C9JLR9	1	102	MEPGGDHRSRSSGGRGGPGPAVASARGRRLPPAGSSGSAEPEEDEGGQDLQLEGGALGSWGSAPLPSSRARGPASSGRKYSDHCEARASRPGKSRIPGRDHR	101	0	136	136
2573	HUMAN04781	C9JLR9	311	436	SLGLSGPQRSALLQAWGGQPEALSELTQSPPGDDLAPQDLTGKSRDSASAAGAPSSQDLSPPDVKEEAGWVPERPGPAEEEEELEEGEGERAGVPGRSPRGRAHRRHPQERWRLEYLMELDGGRRG	125	391	591	200
2575	HUMAN04782	Q9BUA3	140	315	QDVRAEQPSPPNSDSGQDAHPDPDANPDAARMPAEIVVLLDSEDNPSLPKRSRPRGLRPLELPAVPATEPGNKKPRGQRWKEPPGEEPVRKKRGRPMTKNLDPDPEPPSPDSPTETFAAPAEVRHFTDGSFPAGFVLQLFSHTQLRGPDSKDSPKDREVAEGGLPRAESPSPAPPP	175	189	407	218
2576	HUMAN04782	Q9BUA3	20	66	EEGEDEEEAMVVAVIPRPEPMLRVTQQEKTPPPRPSPLEAGSDGCEE	46	58	116	58
2577	HUMAN04785	Q7KZI7	1	46	MSSARTPLPTLNERDTEQPTLGHLDSKPSSKSNMIRGRNSATSADE	45	22	77	55
2579	HUMAN04788	Q8IZ40	181	326	SRTSVMDRQARRLGGRKDKEDSDELEEGRGGVSEGEPDPADPKREPLPSRPLNARPGPGKKEVQVSQYRHHPLRTRRRPPKGMYLSPEGLTAVSGSPDLANLTLRGLDSQLISLKRQVQSMKQTNSSLRQALEGGIDPLRPPEANT	145	320	501	181
2580	HUMAN04788	Q8IZ40	1	44	MPSVMEKPSAGSGILSRSRAKTVPNGGQPHSEDDSSEEEHSHDS	43	113	180	67
2581	HUMAN04788	Q8IZ40	390	523	QDGAPGAPVPMEEARRGAPLPAPALEEDDEVQITSVSTSVPRSVPPAPPPPPPPTSLSQPPPLLRPPLPTAPTLLRQPPPLQQGRFLQPRLAPNQPPPPLIRPALAAPRHSARPGPQPPPTLIGTPLEPPAPSL	133	566	796	230
2582	HUMAN04795	Q9BQ69	1	75	MSLQSRLSGRLAQLRAAGQLLVPPRPRPGHLAGATRTRSSTCGPPAFLGVFGRRARTSAGVGAWGAAAVGRTAGV	74	41	181	140
2583	HUMAN04799	Q86UX7	184	218	HFSDSAQTEACYHMLSRPQPPPDPLLLQRLPRPSS	34	312	355	43
2584	HUMAN04806	P49765	128	207	KKDSAVKPDRAATPHHRPQPRSVPGWDSAPGAPSPADITHPTPAPGPSAHAAPSTTSALTPGPAAAAADAAASSVAKGGA	79	173	389	216
2585	HUMAN04806	P49765	1	31	MSPLLRRLLLAALLQLAPAQAPVSQPDAPGH	30	13	70	57
2586	HUMAN04808	Q96C90	1	55	MADSGTAGGAALAAPAPGPGSGGPGPRVYFQSPPGAAGEGPGGADDEGPVRRQGK	54	3	67	64
2587	HUMAN04810	Q01970	1194	1234	EMPEGLGDGPLVACASNGHAPGSSGHLSGADSESQEENTQL	40	1714	1807	93
2588	HUMAN04810	Q01970	468	582	KKRHRPSAGGPDSAGRKRPLEQSNSALSESSAATEPSSPQLGSPSSDSCPGLSNGEEVGLEKPSLEPQKSLGDEGLNRGPYVLGPADREDEEEDEEEEEQTDPKKPTTDEGTASS	114	588	808	220
2590	HUMAN04811	Q92934	1	98	MFQIPEFEPSEQEDSSSAERGLGPSPAGDGPSGSGKHHRQAPGLLWDASHQQEQPTSSSHHGGAGAVEIRSRHSSYPAGTEDDEGMGEEPSPFRGRSR	97	44	152	108
2592	HUMAN04819	P11474	152	190	DRVRGGRQKYKRRPEVDPLPFPGPFPAGPLAVAGGPRKT	38	470	513	43
2593	HUMAN04819	P11474	1	73	MSSQVVGIEPLYIKAEPASPDSPKGSSETETEPPVALAPGPAPTRCLPGHKEEEDGEGAGPGEQGGGKLVLSS	72	225	378	153
2594	HUMAN04823	P30044	1	37	MGLAGVCALRRSAGYILVGGAGGQSAAAAARRYSEGE	36	16	113	97
2598	HUMAN04826	O75676	676	772	DGSARSSPPLRTPDVLESSGPAVRSGLNATFMAFNRGKREGFFLKSVENAPLAKRRKQKLRSATASRRGSPAPANPGRAPVASKGAPRRANGPLPPS	96	890	1074	184
2600	HUMAN04830	Q9P2S2	1663	1710	RDEGSYQVDQSRNYISNSAQSNGAVVKEKAPAAPKTPSKAKKNKDKEY	47	2457	2620	163
2603	HUMAN04839	Q6DT37	1455	1551	RPGARDKSPAPEEKGRVARGSGPQRPHSFSEALRRPASMGSEGLGGDADPMKRKPWTSLSSESVSCPQGSLSPATSLMQVSERPRSLPLSPELESSP	96	1913	2058	145
2604	HUMAN04839	Q6DT37	403	516	HSPESSSEAWAALERKLQCLEQEKVELSRKHQEALHAPTDHRELEQLRKEVQTLRDRLPEMLRDKASLSQTDGPPAGSPGQDSDLRQELDRLHRELAEGRAGLQAQEQELCRAQ	113	420	658	238
2605	HUMAN04839	Q6DT37	561	631	VSSLSRQVTQLQGQWEQRLEESSQAKTIHTASETNGMGPPEGGPQEAQLRKEVAALREQLEQAHSHRPSGK	70	735	905	170
2606	HUMAN04841	Q2TAZ0	111	146	PAPGAADSQSWASCMTTSLQLAQECLRDGLPEPSEP	35	151	225	74
2607	HUMAN04841	Q2TAZ0	1319	1355	ERSGAPPPSPPVGGPAGSLGSCSEEKEDEREEEGDGD	36	2593	2775	182
2608	HUMAN04841	Q2TAZ0	1439	1474	HPGHRARTGLSGPRSSPSRCSGPNRPQNSWRTQGGS	35	2883	2985	102
2609	HUMAN04841	Q2TAZ0	1608	1658	INPVVPGETSAEARPETRAQPSSPLEGQAEGVETTGSQEAPGGGHSPSPPD	50	3161	3296	135
2611	HUMAN04841	Q2TAZ0	879	920	AFKLANCFDLTPDSDSDDEDAHFFSVGASGGPQAAAPEAPSL	41	1799	1929	130
2612	HUMAN04842	Q15173	1	58	METKLPPASTPTSPSSPGLSPVPPPDKVDGFSRRSLRRARPRRSHSSSQFRYQSNQQE	57	236	332	96
2613	HUMAN04848	Q8N1L9	81	274	ERLCPMDCASCSAPGLLGCWDQAEGLLGPGPQGQHGCREQLELFQTPGSCYPAQPLSPGPQPHDSPSLLQCPLPSLSLGPAVVAEPPVQLSPSPLLFASHTGSSLQGSSSKLSALQPSLTAQTAPPQPLELEHPTRGKLGSSPDNPSSALGLARLQSREHKPALSAATWQGLVVDPSPHPLLAFPLLSSAQVHF	193	93	340	247
2616	HUMAN04865	Q9UID3	635	671	VRKAQSSDSSKRTFSVYSSSRQQGRYAPSYTPSAPMD	36	1703	1783	80
2617	HUMAN04869	Q9UHR6	134	191	GAGPQLLEELDNAPGSDAAELELAPARTPPDSVKDASAAEPAAAERVLGDVPGACTPV	57	397	516	119
2619	HUMAN04872	Q13405	1	77	MAATMFRATLRGWRTGVQRGCGLRLLSQTQGPPDYPRFVESVDEYQFVERLLPATRIPDPPKHEHYPTPSGWQPPRD	76	67	238	171
2620	HUMAN04876	Q5MJ68	1	53	MLWAIPELGSPCPISISYEMSDSQDPTTSPVVTTQVELGGCSRQGGGNGFLRF	52	0	111	111
2621	HUMAN04876	Q5MJ68	220	250	GLPQHCSSHLLKPVSSKCPSLTSECHRPPSQ	30	283	322	39
2622	HUMAN04877	P07384	1	30	MSEEIITPVYCTGVSAQVQKQRARELGLGR	29	67	112	45
2624	HUMAN04886	Q9BZ67	376	408	EPAGPQDSATGSPSDPSSSLAPVQRPKLRRQGS	32	629	711	82
2625	HUMAN04886	Q9BZ67	433	464	KPKRTTSFFSRQLSLGQGSYTVVQPGDSLEQG	31	750	804	54
2627	HUMAN04890	Q9NS15	1	57	MPGPRGAAGGLAPEMRGAGAAGLLALLLLLLLLLLGLGGRVEGGPAGERGAGGGGAL	56	0	77	77
2628	HUMAN04890	Q9NS15	477	539	DFSLFLHPDGPPKPQQLPESPSQAPPPEDTEEERGVTTDSPVSEERSVQQSHPTATTTPARPY	62	568	665	97
2629	HUMAN04892	O60232	78	148	SDVDKDNPALNAQAALSQAREHQLASASELPLGSRPAPQPPVPRPEHCEGAAAGLKAAQGPPAPAVPPNTD	70	170	321	151
2630	HUMAN04895	Q8N5H3	128	189	LSFCQDLSSSLHSDSSYPPDAGLSDDEEPPDASLPPDPPPLTVPQTHNARDQWLQDAFHISL	61	136	219	83
2631	HUMAN04895	Q8N5H3	1	86	MNGLPSAEAPGGAGCALAGLPPLPRGLSGLLNASGGSWRELERVYSQRSRIHDELSRAARAPDGPRHAAGAANAGPAAGPRRPVNL	85	0	92	92
2632	HUMAN04896	Q8N3D4	120	150	LARHAGPVPVQVPVRLRLKPKSVKVVQAELS	30	120	157	37
2633	HUMAN04897	Q9Y2U2	272	307	SGPVTAEDQGGILGQDELALSTLPPAAPASGQAPAC	35	301	356	55
2634	HUMAN04899	Q16584	1	40	MEPLKSLFLKSPLGSWNGSGSGGGGGGGGGRPEGSPKAAG	39	0	89	89
2638	HUMAN04901	Q96FS4	1	105	MPMWAGGVGSPRRGMAPASTDDLFARKLRQPARPPLTPHTFEPRPVRGPLLRSGSDAGEARPPTPASPRARAHSHEEASRPAATSTRLFTDPLALLGLPAEEPEP	104	91	314	223
2641	HUMAN04908	O14753	39	111	CPPQPYREPEPSVAEPPSCPLALNMSLRDSSYSMAPGPCVVAQLPSEDMGHLTDPQSRDHGFLRTKMKVTLGD	72	72	189	117
2643	HUMAN04912	Q96NY9	87	127	SGGDHAPDSPSGENSPAPQGRLAEVQDSSMPVPAQPKAGGS	40	206	407	201
2644	HUMAN04918	P56202	1	30	MALTAHPSCLLALLVAGLAQGIRGPLRAQD	29	91	161	70
2645	HUMAN04920	Q15834	149	202	GPRGGPSGAGGSGAGPAPELALPPCGPRDLGDGSSSTGSVGSPDQLPLACSPDD	53	191	294	103
2647	HUMAN04924	Q3SY00	492	556	LGLDEEQLLSEAGKVDREGTPRKPRSHRSMGVRMEHSPQRPPRTEPTGSQPDRHYNPSLDPECSP	64	548	631	83
2650	HUMAN04927	Q8N9N8	111	165	EKHNNRNRQTQPELPAEPQLSGEESSSEDDSDLFVNTNRRQYHESEEESEEEEAA	54	226	391	165
2651	HUMAN04929	Q15828	1	31	MARSNLPLALGLALVAFCLLALPRDARARPQ	30	28	73	45
2653	HUMAN04931	Q96A11	1	61	MPPILQRLQQATKMMSRRKILLLVLGCSTVSLLIHQGAQLSWYPKLFPLSCPPLRNSPPRP	60	12	109	97
2654	HUMAN04931	Q96A11	401	431	RRGGARARPEPVLDNPPPRPIRVLPRGPQGP	30	516	559	43
2655	HUMAN04932	Q13435	398	455	DVKKEKEKEPEKLDKLENSAAPKKKGFEEEHKDSDDDSSDDEQEKKPEAPKLSKKKLR	57	1025	1164	139
2656	HUMAN04932	Q13435	690	780	NAAEFQTKTEEEEIDRTPWGELEPSDEESSEEEEEEESDEDKPDETGFITPADSGLITPGGFSSVPAGMETPELIELRKKKIEEAMDGSET	90	1520	1748	228
2657	HUMAN04932	Q13435	811	895	VMSRKGPAPELQGVEVALAPEELELDPMAMTQKYEEHVREQQAQVEKEDFSDMVAEHAAKQKQKKRKAQPQDSRGGSKKYKEFKF	84	1784	1995	211
2658	HUMAN04933	Q6VY07	1	95	MAERGGAGGGPGGAGGGSGQRGSGVAQSPQQPPPQQQQQQPPQQPTPPKLAQATSSSSSTSAAAASSSSSSTSTSMAVAVASGSAPPGGPGPGRT	94	18	171	153
2659	HUMAN04933	Q6VY07	259	335	DHEGIKSKLSDRSPDIDNYSEEEEESFSSEQEGSDDPLHGQDLFYEDEDLRKVKKTRRKLTSTSAITRQPNIKQKFV	76	522	768	246
2661	HUMAN04933	Q6VY07	761	813	PSTAGDGDDSPVVSLTVPSTSPPSSSGLSRDATATPPSSPSMSSALAIVGSPN	52	1809	1942	133
2662	HUMAN04938	Q9H0B6	148	190	EDASPNEEKGDVPKDTLDDLFPNEDEQSPAPSPGGGDVSGQHG	42	188	269	81
2663	HUMAN04938	Q9H0B6	499	535	SGRRGDRRSSRDMAGGAGPRSESDLEDVGPTAEWNGD	36	582	625	43
2664	HUMAN04938	Q9H0B6	590	622	VEEPTQPGGTGLSDSRTLSSSSMDLSRRSSLVG	32	685	732	47
2665	HUMAN04946	O95070	1	48	MAYHSGYGAHGSKHRARAAPDPPPLFDDTSGGYSSQPGGYPATGADVA	47	172	323	151
2666	HUMAN04947	Q8N4L1	1	30	MPEDGAGDGGEVPALIPDGEPLREEQRPLK	29	0	49	49
2667	HUMAN04947	Q8N4L1	384	440	VSSNSLPPARPSGPRLPFSRSRLSLGAGGRATPGVFRSLSGGPLGRRGEDTEPLESP	56	498	632	134
2669	HUMAN04949	Q13671	188	219	SLNIKAQRGPAGGPVLPQLKARSPQELDQGTG	31	271	328	57
2670	HUMAN04949	Q13671	1	54	MESPGESGAGSPGAPSPSSFTTGHLAREKPAQDPLYDVPNASGGQAGGPQRPGR	53	25	84	59
2672	HUMAN04949	Q13671	708	783	ETQGAVTEEEGSGQSEARSRGEEQGCQGDGDAGVKASPRDIREQSETTAEGGQGQAQEGPAQPGEPEAEGSRAAEE	75	1077	1166	89
2673	HUMAN04952	O43505	1	53	MQMSYAIRCAFYQLLLAALMLVAMLQLLYLSLLSGLHGQEEQDQYFEFFPPSP	52	41	205	164
2674	HUMAN04953	Q14542	227	280	SSQAQAQELETKAELLQSDENGIPSSPQKVALTLDLDLEKEPESEPDEPQKPGK	53	351	445	94
2676	HUMAN04957	Q8N2H9	1	38	MVLEGNPEVGSPRTSDLQHRGNKGSCVLSSPGEDAQPG	37	26	105	79
2677	HUMAN04966	Q9UBX1	132	162	PGAGEPKSAFTQGSAMISSLSQNHPDNRNET	30	290	329	39
2678	HUMAN04967	Q9NVE4	260	307	RKKPFHWLPSIGKKREIDISSSQMVSLPSYPVAPTSRASPSPFCPELR	47	349	417	68
2680	HUMAN04980	O15020	2082	2222	EKERKRKREEEERRKQPPAPEPTASVPPGDLVGGQTASDTTWDGTQPRPPPSTQAPSVNGVCTDGEPSQPLLGQQRLEHSSFPEGPGPGSGDEANGPRGERQTRTRGPAPSAMPQSRSTESAHAATLPPRGPEPSAQEQME	140	2939	3189	250
2681	HUMAN04980	O15020	2330	2390	ASSASGEPEEPVVPSTTRGMTRAMTMPPVSPVGAEGPVVLRSKDGREREREKRFSFFKKNK	60	3381	3611	230
2683	HUMAN04987	A6NJI1	1	68	MGTGLRSQSLREPRPSYGKLQEPWGRPQEGQLRRALSLRQGQEKSRSQGLERGTEGPDATAQERVPGS	67	27	99	72
2684	HUMAN04988	Q8IV01	58	149	DYRYLQQKYGESCAEAREKRVPAWNAQRASTRGPPSRKGSLSIEDTFESISELGPLELMGRELDLAPYGTLRKSQSADSLNSISSVSNTFGQ	91	163	266	103
2685	HUMAN04990	Q9Y2K7	1	31	MEPEEERIRYSQRLRGTMRRRYEDDGISDDE	30	37	97	60
2688	HUMAN04994	Q8TE77	52	91	GDNDDAAEASSEPTEKAPSEEELHGDQTDFGQGSQSPQKQ	39	62	110	48
2690	HUMAN04996	Q9HCU8	1	41	MGRKRLITDSYPVVKRREGPAGHSKGELAPELGEEPQPRDE	40	57	134	77
2691	HUMAN05001	Q8IV04	1	34	MAQALGEDLVQPPELQDDSSSLGSDSELSGPGPY	33	28	150	122
2692	HUMAN05001	Q8IV04	352	446	QLPDSAPGPPPRPQVRLAGAQAIFEAQQLAGVRRGAKPEVPRIVVQPPEEPRPPRRKPQTRGKTFHGLLTRARGPPIEGPPRPQRGSTSFLDTRF	94	541	758	217
2693	HUMAN05004	Q9UBS0	10	43	ETEEGSEGEGEPELSPADACPLAELRAAGLEPVG	33	57	188	131
2694	HUMAN05004	Q9UBS0	401	482	GFSFQPKLRSPRRLNSSPRAPVSPLKFSPFEGFRPSPSLPEPTELPLPPLLPPPPPSTTAPLPIRPPSGTKKSKRGRGRPGR	81	710	930	220
2696	HUMAN05007	Q14761	1	38	MALPCTLGLGMLLALPGALGSGGSAEDSVGSSSVTVVL	37	13	53	40
2697	HUMAN05007	Q14761	86	206	PPGRWLQARAELGSTDNDLERQEDEQDTDYDHVADGGLQADPGEGEQQCGEASSPEQVPVRAEEARDSDTEGDLVLGSPGPASAGGSAEALLSDLHAFAGSAAWDDSARAAGGQGLHVTAL	120	107	249	142
2699	HUMAN05009	P57796	1	103	MTTEQARGQQGPNLAIGRQKPPAGVVTPKSDAEEPPLTRKRSKKERGLRGSRKRTGSSGEQTGPEAPGSSNNPPSTGEGPAGAPPASPGPASSRQSHRHRPDS	102	24	145	121
2700	HUMAN05010	Q9H6X4	1	144	MSAARPQFSIDDAFELSLEDGGPGPESSGVARFGPLHFERRARFEVADEDKQSRLRYQNLENDEDGAQASPEPDGGVGTRDSSRTSIRSSQWSFSTISSSTQRSYNTCCSWTQHPLIQKNRRVVLASFLLLLLGLVLILVGVGL	143	94	271	177
2701	HUMAN05015	O00562	1194	1244	VAAPVDFLRKQSQLLRSRGPSQAEREGPGTPPTTLARGKARSISLKLDSEE	50	1922	1983	61
2702	HUMAN05015	O00562	256	362	MAKCNTGSEGSEAQPPGKPSTEARSAASNTGTPDGPEAPPGPDASPDASFGKQWSSSSRSSYSSQHGGAVSPQSLSEWRMQNIARDSENSSEEEFFDAHEGFSDSEE	106	425	627	202
2703	HUMAN05015	O00562	374	421	NDFIDAFASPVEAEGTPEPGAEAAKGIEDGAQAPRDSEGLDGAGELGA	47	638	724	86
2704	HUMAN05015	O00562	581	682	AGTGSRGSSRRGSMNNELLSPEFGPVRDPLADGVEGLGRGSPEPSALPPQRIPSDMASPEPEGSQNSLQAAPATTSSWEPRRASTAFCPPAASSEAPDGPSS	101	907	1108	201
2705	HUMAN05015	O00562	788	822	EMLVPSTPTSTSGAFWKGSELATDPPAQPAAPSTT	34	1367	1471	104
2706	HUMAN05016	O75956	1	70	MSYKPIAPAPSSTPGSSTPGPGTPVPTGSVPSPSGSVPGAGAPFRPLFNDFGPPSMGYVQAMKPPGAQGS	69	56	170	114
2708	HUMAN05026	Q8WV74	204	236	GLTCSGAEGLARPKQPLASPCQASSTPGLNKGL	32	435	469	34
2709	HUMAN05027	O75333	1	58	MAAFLSAGLGILAPSETYPLPTTSSGWEPRLGSPFPSGPCTSSTGAQAVAEPTGQGPK	57	38	106	68
2710	HUMAN05031	Q9H1C4	1	54	MEAEPPLYPMAGAAGPQGDEDLLGVPDGPEAPLDELVGAYPNYNEEEEERRYYR	53	112	193	81
2711	HUMAN05031	Q9H1C4	521	597	GVAPRQPRIPRPQHKVRGYRYLEEDNSDESDAEGEHGDGAEEEAPPAGPRPGPEPAGLGRRPCPYEQAQGGDGPEEQ	76	714	872	158
2712	HUMAN05036	O00217	1	43	MRCLTTPMLLRALAQAARAGPPGGRSLHSSAVAATYKYVNMQD	42	60	222	162
2713	HUMAN05041	Q13488	660	705	RRRLRRRPADRQEENKAGLLDLPDASVNGWSSDEEKAGGLDDEEEA	45	1408	1559	151
2714	HUMAN05043	P35790	1	84	MKTKFCTGGEAEPSPLGLLLSCGSGSAAPAPGVGQQRDAASDLESKQLGGQQPPLALPPPPPLPLPLPLPQPPPPQPPADEQPE	83	50	244	194
2715	HUMAN05045	Q4FZB7	1	69	MKWLGESKNMVVNGRRNGGKLSNDHQQNQSKLQHTGKDTLKAGKNAVERRSNRCNGNSGFEGQSRYVPS	68	61	157	96
2717	HUMAN05045	Q4FZB7	786	846	ENRGSYTEGLHENGVCCSDPLSLLESRMEVDDYSQYEEESTDDSSSSEGDEEEDDYDDDFE	60	998	1089	91
2719	HUMAN05056	Q9Y4I5	406	444	SPERKTLMSMPNYMQTGGLEGSHYLPPTKFSGLPRFSHD	38	516	555	39
2720	HUMAN05059	Q7Z2W9	1	58	MAASSLTVTLGRLASACSHSILRPSGPGAASLWSASRRFNSQSTSYLPGYVPKTSLSS	57	20	105	85
2721	HUMAN05061	P38935	649	725	ENYSHENSQGSSHAATKPQGPATSTRTGSQRQEGGQEAAAPARQGRKKPAGKSLASEAPSQPSLNGGSPEGVESQDG	76	1863	1988	125
2723	HUMAN05061	P38935	952	993	AGSGTKNGSLDPAKRAQLQRRLDKKLSELSNQRTSRRKERGT	41	2441	2518	77
2724	HUMAN05063	Q96AM1	1	37	MAGNCSWEAHPGNRNKMCPGLSEAPELYSRGFLTIEQ	36	127	166	39
2725	HUMAN05065	Q8NHX9	1	37	MAEPQAESEPLLGGARGGGGDWPAGLTTYRSIQVGPG	36	48	153	105
2726	HUMAN05066	Q96EZ4	104	155	GDRERNKGDKGAQTGAGLSQEAEDVDVSRARRVTDAPQGTLCGTGNRNSGSQ	51	210	262	52
2727	HUMAN05072	O95750	174	216	EEPEDLRGHLESDMFSSPLETDSMDPFGLVTGLEAVRSPSFEK	42	233	289	56
2728	HUMAN05073	P08620	1	74	MSGPGTAAVALLPAVLLALLAPWAGRGGAAAPTAPNGTLEAELERRWESLVALSLARLPVAAQPKEAAVQSGAG	73	12	98	86
2729	HUMAN05074	P11487	186	239	RDHEMVRQLQSGLPRPPGKGVQPRRRRQKQSPDNLEPSHVQASRLGSQLEASAH	53	282	349	67
2730	HUMAN05074	P11487	1	36	MGLIWLLLLSLLEPGWPAAGPGARLRRDAGGRGGVY	35	22	92	70
2731	HUMAN05075	Q5XXA6	1	48	MRVNEKYSTLPAEDRSVHIINICAIEDIGYLPSEGTLLNSLSVDPDAE	47	94	173	79
2732	HUMAN05075	Q5XXA6	74	121	SGNRTLVRRVQHSDTPSGARSVKQDHPLPGKGASLDAGSGEPPMDYHE	47	243	316	73
2733	HUMAN05075	Q5XXA6	945	986	LETWMEKERQKDEPPCNHHNTKACPDSLGSPAPSHAYHGGVL	41	1310	1366	56
2735	HUMAN05082	Q14247	1	55	MWKASAGHAVSIAQDDAGADDWETDPDFVNDVSEKEQRWGAKTVQGSGHQEHINI	54	179	247	68
2736	HUMAN05088	Q9UBM7	1	34	MAAKSQPNIPKAKSLDGVTNDRTASQGQWGRAWE	33	81	200	119
2740	HUMAN05113	Q14980	348	412	HSKATQEWLEKQAQLEKELSAALQDKKCLEEKNEILQGKLSQLEEHLSQLQDNPPQEKGEVLGDV	64	933	1045	112
2741	HUMAN05113	Q14980	513	581	TIQQQDQELAGLKQQAKEKQAQLAQTLQQQEQASQGLRHQVEQLSSSLKQKEQQLKEVAEKQEATRQDH	68	1250	1407	157
2742	HUMAN05113	Q14980	675	776	ELELQLRSEQQKATEKERVAQEKDQLQEQLQALKESLKVTKGSLEEEKRRAADALEEQQRCISELKAETRSLVEQHKRERKELEEERAGRKGLEARLQQLGE	101	1624	1776	152
2744	HUMAN05121	Q6IAA8	2	47	GCCYSSENEDSDQDREERKLLLDPSSPPTKALNGAEPNYHSLPSAR	45	22	84	62
2745	HUMAN05131	O15357	120	177	EREPDPPDDRDASDGEDEKPPLPPRSGSTSISAPTGPSSPLPAPETPTAPAAESAPNG	57	204	275	71
2747	HUMAN05136	O00408	908	941	PSNNSLDFLDEEYEVPDLDGTRAPINGCCSLDAE	33	1364	1420	56
2749	HUMAN05150	Q9Y365	240	291	EQSPLPSLALSELSVQHADSLENIDESAVAESREERMGGAGGEGSDDDTSLT	51	460	525	65
2750	HUMAN05159	P41231	320	377	AKPPTGPSPATPARRRLGLRRSDRTDMQRIEDVLGSSEDSRRTESTPAGSENTKDIRL	57	392	461	69
2751	HUMAN05161	Q96PE2	1561	1607	PRCHREPPPSLRSPPETAPEPAGPELDVEAAADEEAATLAEPGPQPC	46	2608	2687	79
2752	HUMAN05161	Q96PE2	1616	1727	GLEMTPGLGEGDPRPELVPFDSDSDDESSPSPSGTLQSQASRSTISSSFGNEETPSSKEATAETTSSEEEQEPGFLPLSGSFGPGGPCGTSPMDGRALRRSSHGSFTRGSLE	111	2695	2838	143
2753	HUMAN05161	Q96PE2	1984	2020	GFNLLCPTPPPPPDTGPEKLPSLEHRDSPWHRGPAPA	36	3172	3223	51
2757	HUMAN05179	Q4AC94	1563	1630	SHLEPTHELDSMDCSSHSESEQLPRRNDEVQLSPPEVISCHQKSPASTQVPCSSTTAEVRLTQEGPAD	67	2147	2230	83
2760	HUMAN05179	Q4AC94	454	523	APKSDTSISDFLSEEDDIVPSKKISQSTALARSSKVLESSDHKLKKRSAGKRNRNLVEQQMLSETPEDAQ	69	722	872	150
2761	HUMAN05179	Q4AC94	709	799	GINTKLSGNTHYTPLCAPTSPNKALPELNQDMTCTKNPQNLNQIHEETAKKAQNLVLPNRKSPSPVAPHPSTFVATPASHNLVNQTNGTTK	90	1113	1236	123
2763	HUMAN05185	Q9Y6H6	29	63	LLCRPGPGLGPDNQTEERRASLPGRDDNSYMYILF	34	46	89	43
2766	HUMAN05194	Q6P2D8	45	81	KKKPKGLVGAQAERRESLKATSFEFKGKKESRRENQV	36	88	136	48
2767	HUMAN05203	P0DKB5	347	382	QMEGYHYRYEQDADPRRAPAPAAPAGSRATSPGSGL	35	502	543	41
2768	HUMAN05204	P49407	357	418	KEEPPHREVPENETPVDTNLIELDTNDDDIVFEDFARQRLKGMKDDKEEEEDGTGSPQLNNR	61	814	1009	195
2769	HUMAN05210	Q8WTR4	527	605	SYNPEQIMLSAAVRRTSRDVSIMKEKLIFSEISDGVEVSDVLSVCSDNSYDTYANSTATPVGPRGGGSHTKTLIERSGR	78	710	814	104
2770	HUMAN05211	P50454	1	37	MRSLLLLSAFCLLEAALAAEVKKPAAAAAPGTAEKLS	36	52	140	88
2772	HUMAN05215	Q96PD7	1	44	MKTLIAAYSGVLRGERQAEADRSQRSHGGPALSREGSGRWGTGS	43	106	290	184
2773	HUMAN05216	Q9P2Y5	1	40	MSASASVGGPVPQPPPGPAAALPPGSAARALHVELPSQQR	39	12	93	81
2774	HUMAN05216	Q9P2Y5	467	614	DRHHTSSAIPVPKRQSSIFGGADVGFSGGIPSPDKGHRKRASSENERLQYKTPPPSYNSALAQPVTTVPSMGETERKITSLSSSLDTSLDFSKENKKKGEDLVGSLNGGHANVHPSQEQGEALSGHRATVNGTLLPSEQAGSASVQLP	147	679	920	241
2775	HUMAN05219	O43422	93	154	NNPHSRHRKRIKELSEDEIRTLKQKKIDETSEQEQKHKETNNSNAQNPSEEEGEGQDEDILP	61	153	226	73
2776	HUMAN05232	Q6ZMB0	1	79	MAFPCRRSLTAKTLACLLVGVSFLALQQWFLQAPRSPREERSPQEETPEGPTDAPAADEPPSELVPGPPCVANASANAT	78	0	113	113
2777	HUMAN05235	Q13402	1059	1133	TAMSDGSEKIPVMTKIYETLGKKTYKRELQALQGEGEAQLPEGQKKSSVRHKLVHLTLKKKSKLTEEVTKRLHDG	74	1994	2165	171
2778	HUMAN05235	Q13402	868	998	EAEKMRLAEEEKLRKEMSAKKAKEEAERKHQERLAQLAREDAERELKEKEAARRKKELLEQMERARHEPVNHSDMVDKMFGFLGTSGGLPGQEGQAPSGFEDLERGRREMVEEDLDAALPLPDEDEEDLSE	130	1634	1879	245
2779	HUMAN05236	Q6W3E5	493	623	RETEKEKLFETSSTRTDTQSGNLHIAMKPPVRVVEGPWTLAALYPALPKSGKEHQGHFNFAAPSKKLLPIKNAVTPLKPGKHEIQPPMPTVVFELTQAPTRQATSEATFQTTLPTLKVDKPTMPSIEVPYP	130	706	904	198
2782	HUMAN05239	P54105	138	237	DPEDEDSDDYDGEEYDVEAHEQGQGDIPTFYTYEEGLSHLTAEGQATLERLEGMLSQSVSSQYNMAGVRTEDSIRDYEDGMEVDTTPTVAGQFEDADVDH	99	278	410	132
2783	HUMAN05250	Q96HW7	1	37	MAAHLKKRVYEEFTKVVQPQEEIATKKLRLTKPSKSA	36	10	88	78
2784	HUMAN05252	Q9BQ13	1	30	MWQGCAVERPVGRMTSQTPLPQSPRPRRPT	29	0	131	131
2785	HUMAN05255	Q92748	77	107	REEWQAKVAGSEENGTAETEEVEDESASGEL	30	120	156	36
2786	HUMAN05262	Q9P2H5	588	745	SREEAFTDLSLAFPPPERCRRRRLGSVMRPTEDITARELPPPTSAQGPGRVGPRRQRKHCITEDTPPTSLYIEGLDSKEAGGQSSQEERIEREEEGKEERTEKEEVGEEEESTRGEGEREKEEEVEEEEEKVEKETEKEAEQEKEEDSLGAGTHPDAA	157	1016	1246	230
2787	HUMAN05262	Q9P2H5	930	1012	GPEAELGSSRVRTEPTLHKDLMEAISKDNILYLQEQEKEARSRAAYISALPTSPHWGRGFDEDKDEDEGSPGGCNPAGGNGGD	82	1514	1647	133
2789	HUMAN05266	A6NEQ2	1	66	MAVQAALLSTHPFVPFGFGGSPDGLGGAFGALDKGCCFEDDETGAPAGALLSGAEGGDVREATRDL	65	0	76	76
2791	HUMAN05267	P42785	1	43	MGRRALLLLLLSFLAPWATIALRPALRALGSLHLPTNPTSLPA	42	55	229	174
2796	HUMAN05287	Q8IUX1	1	47	MVVFGYEAGTKPRDSGVVPVGTEEAPKVFKMAASMHGQPSPSLEDAK	46	0	47	47
2797	HUMAN05294	Q8N998	1	49	MRAPMLQKQQAPRMDTPPPEERLEKQNEKLNNQEEETEFKELDGLREAL	48	0	75	75
2798	HUMAN05297	Q8IWF9	1	46	MENSGKANKKDTHDGPPKEIKLPTSEALLDYQCQIKEDAVEQFMFQ	45	8	60	52
2800	HUMAN05300	O75530	1	72	MSEREVSTAPAGTDMPAAKKQKLSSDENSNPDLSGDENDDAVSIESGTNTERPDTPTNTPNAPGRKSWGKGK	71	355	578	223
2803	HUMAN05309	Q9ULV1	1	40	MAWRGAGPSVPGAPGGVGLSLGLLLQLLLLLGPARGFGDE	39	17	190	173
2805	HUMAN05328	P0CB47	176	223	QKAKKSSVSKRTQNKVQKKFQKNIEEVRSLPKTDRFFKKVKFHGEPQK	47	260	379	119
2806	HUMAN05328	P0CB47	301	393	ESTYAKGKNMAMTGGPDPRLKQADPQSSSAKGLQEGFGEGQGLQAAGTDSSQTIWVNCHVSMEPEENRKKDREKEESSNSSDCSSGEEIEVDV	92	456	632	176
2808	HUMAN05331	Q9UHD1	66	148	SEKPPEPVKPEVKTTEKKELCELKPKFQEHIIQAPKPVEAIKRPSPDEPMTNLELKISASLKQALDKLKLSSGNEENKKEEDN	82	256	440	184
2810	HUMAN05335	P49286	333	362	IQDASKGSHAEGLQSPAPPIIGVQHQADAL	29	448	498	50
2814	HUMAN05340	Q9NRQ5	1	59	MRQLKGKPKKETSKDKKERKQAMQEARQQITTVVLPTLAVVVLLIVVFVYVATRPTITE	58	24	84	60
2816	HUMAN05342	Q9H5J8	1	74	MDKSGIDSLDHVTSDAVELANRSDNSSDSSLFKTQCIPYSPKGEKRNPIRKFVRTPESVHASDSSSDSSFEPIP	73	29	198	169
2817	HUMAN05342	Q9H5J8	245	278	LSVYLEEEDITEEAALSKKRATKAKNTGQRGLKM	33	396	451	55
2818	HUMAN05342	Q9H5J8	85	122	KNRKKRYKKKKKRRYQPTGRPRGRPEGRRNPIYSLIDK	37	208	266	58
2819	HUMAN05346	Q9NVC6	50	86	SQGSGSEEEEAAGTEGDAQEWPGAGSSADQDDEEGVV	36	263	342	79
2820	HUMAN05350	Q96RD7	377	426	VVDGKTPMSAEMREEQGNQTAELQGMNIDSETKANNGEKNARQRLLDSSC	49	400	477	77
2821	HUMAN05352	Q9NYM4	1	34	MVPHLLLLCLLPLVRATEPHEGRADEQSAEAALA	33	10	46	36
2822	HUMAN05352	Q9NYM4	367	423	PKPQEDRPPSPVPSFRVAWTEKNDGQRAPLANNLLPTSQLQSGKTDLSSVEPIVTMS	56	465	532	67
2823	HUMAN05356	A0A1B0GVM6	1	126	MTGEEAVVVTAVVAPKAGREEEQPPPPAGLGCGARGEPGRGPLEHGQQWKKFLYCEPHKRIKEVLEEERHIKRDECHIKNPAAVALEGIWSIKRNLPVGGLKPGLPSRNSLLPQAKYYSRHGGLRR	125	28	160	132
2824	HUMAN05357	P22083	1	184	MRRLWGAARKPSGAGWEKEWAEAPQEAPGAWSGRLGPGRSGRKGRAVPGWASWPAHLALAARPARHLGGAGQGPRPLHSGTAPFHSRASGERQRRLEPQLQHESRCRSSTPADAWRAEAALPVRAMGAPWGSPTAAAGGRRGWRRGRGLPWTVCVLAAAGLTCTALITYACWGQLPPLPWASPT	183	0	224	224
2825	HUMAN05358	Q7Z3Z4	1	101	MSGRARVKARGIARSPSATEVGRIQASPLPRSVDLSNNEASSSNGFLGTSRISTNDKYGISSGDAGSTFMERGVKNKQDFMDLSICTREKLAHVRNCKTGS	100	4	233	229
2828	HUMAN05363	Q6B0I6	341	523	DRAVVDHMEPRVPASQELSTQKEVQLPRRAALGLRQLPSHWARHSPWPMAARSGTRCHTLVCSSLPRRSAVSGTATQPRAAAVHSSKKPSSTPSSTPGPSAQIIHPSNGRRGRGRPPQKLRAQELTLQTPAKRPLLAGTTCTASGPEPEPLPEDGALMDKPVPLSPGLQHPVKASGCSWAPVP	182	514	762	248
2831	HUMAN05366	O94919	270	330	GETEQDTEKMKKILEVVNQIQDEERMVQSQKSSSPLSSTRSKRSTLLPPEASEGSSSFLGK	60	369	432	63
2832	HUMAN05367	P58005	271	316	RLQEEREDEEASQEEMSTRFEKEKKESLFVVSGDTFHSFPHSDFED	45	403	459	56
2834	HUMAN05368	Q5HYJ3	1	126	MAASALYACTKCTQRYPFEELSQGQQLCKECRIAHPIVKCTYCRSEFQQESKTNTICKKCAQNVKQFGTPKPCQYCNIIAAFIGTKCQRCTNSEKKYGPPQTCEQCKQQCAFDRKEEGRRKVDGKL	125	13	227	214
2836	HUMAN05373	Q13614	1	73	MEKSSSCESLGSQPAAARPPSVDSLSSASTSHSENSVHTKSASVVSSDSISTSADNFSPDLRVLRESNKLAEM	72	133	255	122
2841	HUMAN05380	P06401	636	678	GRKFKKFNKVRVVRALDAVALPQPVGVPNESQALSQRFTFSPG	42	730	773	43
2842	HUMAN05382	Q9Y210	1	90	MSQSPAFGPRRGSSPRGAAGAAARRNESQDYLLMDSELGEDGCPQAPLPCYGYYPCFRGSDNRLAHRRQTVLREKGRRLANRGPAYMFSD	89	22	188	166
2843	HUMAN05382	Q9Y210	792	850	KKGFQEDAEMNKINEEKKLGILGSHEDLSKLSLDKKQVGHNKQPSIRSSEDFHLNSFNN	58	1121	1198	77
2844	HUMAN05383	Q86XS5	112	144	LSNQVNELMNRVLLLTTEVFRKQLDPFPHRPVQ	32	171	213	42
2845	HUMAN05383	Q86XS5	22	101	AVQGNCVHHSTDSSVVNIVEDGSNAKDESKSNDTVCKEDCEESCDVKTKITREEKHFMCRNLQNSIVSYTRSTKKLLRNM	79	44	157	113
2846	HUMAN05388	Q13489	102	157	VNNLEATSQPTFPSSVTNSTHSLLPGTENSGYFRGSYSNSPSNPVNSRANQDFSAL	55	198	271	73
2847	HUMAN05388	Q13489	340	377	HLLEQLLSTSDSPGDENAESSIIHFEPGEDHSEDAIMM	37	586	649	63
2848	HUMAN05388	Q13489	424	454	EDEIREEERERATEEKESNDLLLIRKNRMAL	30	699	737	38
2849	HUMAN05390	Q13490	118	178	SASLGSTSKNTSPMRNSFAHSLSPTLEHSSLFSGSYSSLSPNPLNSRAVEDISSSRTNPYS	60	267	383	116
2850	HUMAN05390	Q13490	1	39	MHKTASQRLFPGPSYQNIKSIMEDSTILSDWTNSNKQKM	38	52	159	107
2851	HUMAN05390	Q13490	351	392	RYPHLLEQLLSTSDTTGEENADPPIIHFGPGESSSEDAVMMN	41	671	810	139
2852	HUMAN05391	Q8N131	26	161	AHESAAMAASANIENSGLPHNSSANSTETLQHVPSDHTNETSNSTVKPPTSVASDSSNTTVTTMKPTAASNTTTPGMVSTNMTSTTLKSTPKTTSVSQNTSQISTSTMTVTHNSSVTSAASSVTITTTMHSEAKKG	135	76	282	206
2853	HUMAN05394	O60882	1	31	MKVLPASGLAVFLIMALKFSTAAPSLVAASP	30	0	32	32
2854	HUMAN05406	Q9BTE7	1	44	MPVKKKRKSPGVAAAVAEDGGLKKCKISSYCRSQPPARLISGEE	43	38	178	140
2855	HUMAN05412	Q8WTU0	80	139	VGPRAPGRAPNQPRVDFSGIAVPGTSSSRPQHPGQQQQRTPAAQRSQGLASGEKVAGLQG	59	209	347	138
2856	HUMAN05418	P29466	86	131	TLGLSADQTSGNYLNMQDSQGVLSSFPAPQAVQDNPAMPTSSGSEG	45	168	234	66
2857	HUMAN05422	P48058	867	902	VGENGRVLTPDCPKAVHTGTAIRQSSGLAVIASDLP	35	1479	1688	209
2859	HUMAN05429	P33402	1	83	MSRRKISSESFSSLGSDYLETSPEEEGECPLSRLCWNGSRSPPGPLEPSPAAAAAAAAPAPTPAASAAAAAATAGARRVQRRR	82	13	171	158
2861	HUMAN05434	Q8IXU6	336	374	PTRTAEPAESSVPPVTSIGIDNLGLKLEENLQETHSAVL	38	807	937	130
2863	HUMAN05441	Q13315	831	884	DRGEVESMEDDTNGNLMEVEDQSSMNLFNDYPDSSVSDANEPGESQSTIGAINP	53	1346	1453	107
2864	HUMAN05448	Q13206	1	43	MGKTANSPGSGARPDPVRSFNRWKKKHSHRQNKKKQLRKQLKK	42	96	260	164
2866	HUMAN05449	Q6NUJ2	1	197	MSARAPKELRLALPPCLLNRTFASPNASGSGNTGARGPGAVGSGTCITQVGQQLFQSFSSTLVLIVLVTLIFCLIVLSLSTFHIHKRRMKKRKMQRAQEEYERDHCSGSRGGGGLPRPGRQAPTHAKETRLERQPRDSPFCAPSNASSLSSSSPGLPCQGPCAPPPPPPASSPQGAHAASSCLDTAGEGLLQTVVLS	196	127	368	241
2867	HUMAN05451	P35241	421	542	LAEFTAKIALLEEAKKKKEEEATEWQHKAFAAQEDLEKTKEELKTVMSAPPPPPPPPVIPPTENEHDEHDENNAEASAELSNEGVMNHRSEEERVTETQKNERVKKQLQALSSELAQARDET	121	886	1113	227
2868	HUMAN05453	P10109	1	63	MAAAGGARLLRAASAVLGGPAGRWLHHAGSRAGSSGLLRNRGPGGSAEASRSLSVSARARSSS	62	11	99	88
2869	HUMAN05454	Q9P2F6	1	72	MEAMSPQQETLGGQPGRSSSLTGVSRLAGGSCTKKKMKTLAERRRSAPSLILDKALQKRPTTRDSPSASVDT	71	0	77	77
2870	HUMAN05454	Q9P2F6	314	356	LAAAQQLSDSGHKTFKRRRSIINWAFWRGSSTHLDNLPSSPTS	42	326	372	46
2873	HUMAN05458	Q9NY30	123	223	EWELYQQISYAVSRASSDVSSGTSCDEESCSKEPRVIPKVSNPKSIYQVENLKQPFQSWLQIPRKKNVVDGRVGLLGNTYHGSQKHPKCYRPAMHRLDRIL	100	177	338	161
2874	HUMAN05462	Q6UX15	1	33	MRPGTALQAVLLAVLLVGLRAATGRLLSASDLD	32	139	178	39
2876	HUMAN05478	Q96A22	1	73	MGNRVCCGGSWSCPSTFQKKKKTGSQTRRTLKPQPQQLQQNLPKGHETTGHTYERVLQQQGSQERSPGLMSED	72	14	107	93
2878	HUMAN05479	Q155Q3	456	598	VDLERELEHKDVLLAHCMKREADEATNYNSHNSQSNGFLLPTAGKGATSVSNRGTSDLQLVRDALRSLRNSFSGHDPQHHTIDSLEQGISSLMERLHVMETQKKQERKVRVKSPRTQVGSEYRESWPPNSKLPHSQSSPTVSS	142	823	1030	207
2879	HUMAN05480	P10515	181	215	LDSSAAPTPQAAPAPTPAATASPPTPSAQAPGSSY	34	370	507	137
2881	HUMAN05480	P10515	4	38	VCARRAQNVAPWAGLEARWTALQEVPGTPRVTSRS	34	64	124	60
2882	HUMAN05481	Q8WWB5	166	213	LMGIQTDSIDLREKMRRELTLGQIRSSTMSNPDHFPQLLLPKDQVSGK	47	227	308	81
2883	HUMAN05482	Q6ZUT1	20	96	AHNKIQEESDMWKIRELEKQMEDAYRGTKRKMLPSSSSRMRSDGFDEESQRYYWRPKNEISGTLEDDFLKAKSWNKK	76	66	170	104
2884	HUMAN05485	O14521	1	36	MAVLWRLSAVCGALGGRALLLRTPVVRPAHISAFLQ	35	0	43	43
2885	HUMAN05490	Q9BXU0	1	47	MMANHLVKPDNRNCKRPRELESPVPDSPQLSSLGKSDSSFSEISGLF	46	7	57	50
2886	HUMAN05491	Q9BYV7	1	41	MFFRVFLHFIRSHSATAVDFLPVMVHRLPVFKRYMGNTPQK	40	7	156	149
2887	HUMAN05493	Q6UQ28	149	180	KLSTLALAAKIPQSSAFKPFFMITPKSIRLEG	31	196	326	130
2888	HUMAN05498	Q9H892	33	77	VQQKAVLETEKRLLLMEEDQEEDECRTTLNKTMISPPQTAMKSAE	44	109	298	189
2890	HUMAN05501	P14416	1	30	MDPLNLSWYDDDLERQNWSRPFNGSDGKAD	29	32	62	30
2891	HUMAN05502	Q9H3S3	1	87	MSLMLDDQPPMEAQYAEEGPGPGIFRAEPGDQQHPISQAVCWRSMRRGCAVLGALGLLAGAGVGSWLLVLYLCPAASQPISGTLQDE	86	81	214	133
2892	HUMAN05505	C9JDP6	192	229	EDVPFPLMAGPTVPLSCAPVEESDGSFHLMLRPRNLVI	37	191	239	48
2893	HUMAN05506	Q96RU2	101	139	DLQAAIALSLLESPKIQADGRDLNRMHEATSAETKRSKR	38	259	320	61
2894	HUMAN05506	Q96RU2	454	552	TKPASESCPPESDTHMTLPLSSVHCSVSDQTSKESTSTESSSQDVESTFSSPEDSLPKSKPLTSSRSSMEMPSQPAPRTVTDEEINFVKTCLQRWRSEI	98	683	809	126
2897	HUMAN05514	Q6IPW1	1	90	MALNNVSLSSGDQRSRVAYRSSHGDLRPRASALAMVSGDGFLVSRPEAIHLGPRQAVRPSVRAESRRVDGGGRSPREPDGRGRSRQARFS	89	0	105	105
2898	HUMAN05517	Q9Y3B8	1	39	MLGGSLGSRLLRGVGGSHGRFGARGVREGGAAMAAGESM	38	43	237	194
2899	HUMAN05521	Q96DL1	1	37	MVEKILIHRILTLFPNAIARKLLLMLTFILIFWIIYL	36	72	184	112
2901	HUMAN05526	O75312	1	39	MAASGAVEPGPPGAAVAPSPAPAPPPAPDHLFRPISAED	38	135	309	174
2902	HUMAN05541	Q16549	1	46	MPKGRQKVPHLDAPLGLPTCLWLELAGLFLLVPWVMGLAGTGGPDG	45	61	167	106
2903	HUMAN05541	Q16549	694	748	ASNQVCRSGPCHWPHRSRKAKEEGTELESVPLCSSKDPDEVETESRGPPTTSDLL	54	947	1046	99
2905	HUMAN05542	Q8ND24	425	551	GAKLSSLPQIPTPTLPPPPSETDFMLQVFQPSPSLAPRMPFSIGQVTMPMVMPSADPRSLSFPILNPALSQPSQPSSPLPGSHGRNSPGLGSLVSPHGPHMPPAASIPPPPGLGGVKASAETPRPQP	126	606	824	218
2906	HUMAN05542	Q8ND24	610	653	VAASTQPLGRIRALFPAPLAQISTPMFLPSAQVSYPGRSSHAPA	43	888	948	60
2909	HUMAN05544	Q9UPV0	1285	1328	LNPQSPPPLLASMPAQLPPRDPKSTPTPTYYGSLARFSALSSAT	43	2288	2374	86
2910	HUMAN05544	Q9UPV0	788	843	VVSSLQKKIQEAQQKEEAQLQKCLGQVEHRVHQKSYHVAGYEHELSSLLREKRQEV	55	1529	1588	59
2913	HUMAN05557	Q9NRS4	1	55	MLQDPDSDQPLNSLDVKPLRKPRIPMETFRKVGIPIIIALLSLASIIIVVVLIKV	54	87	155	68
2914	HUMAN05558	Q8IWT1	187	228	IIFILKKTREKKKECLVSSSGNDNTENGLPGSKAEEKPPSKV	41	256	298	42
2915	HUMAN05559	O60939	180	215	VKCVRRKKEQKLSTDDLKTEEEGKTDGEGNPDDGAK	35	270	309	39
2916	HUMAN05560	Q86YT9	299	394	TCGNKSSVNSTVLVKNTKKTNPEIKEKPCHFERCEGEKHIYSPIIVREVIEEEEPSEKSEATYMTMHPVWPSLRSDRNNSLEKKSGGGMPKTQQAF	95	390	501	111
2917	HUMAN05561	Q6UWV2	181	215	MGRKAAGLKKRSRSGYKKSSIEVSDDTDQEEEEAC	34	229	287	58
2918	HUMAN05563	O60487	175	215	FQHYRKKRWAERAHKVVEIKSKEEERLNQEKKVSVYLEDTD	40	190	233	43
2919	HUMAN05569	Q14139	1	77	MTDQENNNNISSNPFAALFGSLADAKQFAAIQKEQLKQQSDELPASPDDSDNSVSESLDEFDYSVAEISRSFRSQQE	76	66	280	214
2922	HUMAN05587	P32302	1	37	MNYPLTLEMDLENLEDLFWELDRLDNYNDTSLVENHL	36	9	65	56
2923	HUMAN05590	Q6PIV2	70	168	VSGRRKREDLTSTLPSSQPPQKEEDASCSEAAGVESLSQSSSKRSPPRKRFAFSPSTWELTEEEEAEDQEDSSSMALPSPHKRAPLQSRRLRQASSQAG	98	114	228	114
2924	HUMAN05595	P62851	1	42	MPPKDDKKKKDAGKSAKKDKDPVNKSGGKAKKKKWSKGKVRD	41	72	150	78
2927	HUMAN05609	O14523	33	80	YARGLWLARARGDRGPGPALAGEPAGSLRELGVWRSLLRLRATRAGAA	47	97	158	61
2928	HUMAN05610	Q9BQA5	404	460	QLLRQPQEGSGLGTSLNESSLQGIILETVPGEPGRKEEEEEGKGSEGTALSASQDNP	56	947	1065	118
2929	HUMAN05610	Q9BQA5	486	517	APGEPPPAPEPPSGGIMEKLQGIAEEPEIQMV	31	1123	1233	110
2930	HUMAN05611	Q9H172	1	43	MAEKALEAVGCGLGPGAVAMAVTLEDGAEPPVLTTHLKKVENH	42	63	292	229
2932	HUMAN05612	Q86UT6	39	69	GERPFGPPRAFIRHHGSSVDSAPPPGRHGRL	30	106	147	41
2933	HUMAN05613	Q86UT5	429	459	ENTEAPASPRGSSSASLVETEDPSLEDTSVP	30	545	601	56
2934	HUMAN05615	Q494R4	1	62	MPPKNKEKGKKSGAQKKKKNWGADVVAESRHRLVVLEKELLRDHLALRRDEARRAKASEDQL	61	79	178	99
2935	HUMAN05616	P22681	1	50	MAGNVKKSSGAGGGSGSGGSGSGGLIGLMKDAFQPHHHHHHHLSPHPPGT	49	35	116	81
2937	HUMAN05617	P43121	524	559	PDSNTTTGLSTSTASPHTRANSTSTERKLPEPESRG	35	714	769	55
2938	HUMAN05617	P43121	588	646	LPCRRSGKQEITLPPSRKSELVVEVKSDKLPEEMGLLQGSSGDKRAPGDQGEKYIDLRH	58	799	869	70
2939	HUMAN05618	Q9BY78	299	374	SWPNRGGAPGAPQGDPMRVFSVRTRRQDTLPEAGRRSEAEEEEARTIRVTPVRGRERLNEEEPPGGQDPWKLLKEQ	75	430	606	176
2940	HUMAN05619	Q9BXJ0	1	100	MRPLLVLLLLGLAAGSPPLDDNKIPSLCPGHPGLPGTPGHHGSQGLPGRDGRDGRDGAPGAPGEKGEGGRPGLPGPRGDPGPRGEAGPAGPTGPAGECSV	99	68	241	173
2941	HUMAN05627	Q14134	1	63	MEAADASRSNGSSPEARDARSPSGPSGSLENGTKADGKDAKTTNGHGGEAAEGKSLGSALKPG	62	0	71	71
2942	HUMAN05634	Q9NZN5	1136	1241	EQSTKPIPLPQSTPGEGDNDEEDPSKLKEEQHGISVTGLQSPDRDLGLESTLISSKPQSHSLSTSGKSEVRDLFVAERQFAKEQHTDGTLKEVGEDYQIAIPDSHL	105	1714	1850	136
2943	HUMAN05634	Q9NZN5	1267	1405	LGLTEKSVQEDWQHFPRYRTASQGPQTDSVIQNSENIKAYHSGEGHMPFRTGTGDIATCYSPRTSTESFAPRDSVGLAPQDSQASNILVMDHMIMTPEMPTMEPEGGLDDSGEHFFDAREAHSDENPSEGDGAVNKEEK	138	1911	2142	231
2944	HUMAN05634	Q9NZN5	1422	1489	DPVQESSTDEEVASSLTLQPMTGIPAVESTHQQQHSPQNTHSDGAISPFTPEFLVQQRWGAMEYSCFE	67	2159	2249	90
2946	HUMAN05634	Q9NZN5	1	64	MSGTQSTITDRFPLKKPIRHGSILNRESPTDKKQKVERIASHDFDPTDSSSKKTKSSSEESRSE	63	4	136	132
2948	HUMAN05635	Q16099	859	889	IHPRRRRAAVPPPRPPIPEERRPRGTATLSN	30	1465	1512	47
2949	HUMAN05638	O75845	261	299	EGKGPLSYVKEMTEGKRSSHSGNGCKNEKLFNGEFTKTE	38	632	707	75
2950	HUMAN05641	Q8TF42	1	36	MAQYGHPSPLGMAAREELYSKVTPRRNRQQRPGTIK	35	1	63	62
2952	HUMAN05642	O95727	220	304	DEETASDALERNSLSSQDPQQPTSTVSVTEDSSTSEIDKEEKEQTTQDPDLTTEANPQYLGLARKKSGILLLTLVSFLIFILFII	84	310	528	218
2953	HUMAN05642	O95727	314	393	KAHVIWKKENEVSEHTLESYRSRSNNEETSSEEKNGQSSHPMRCMNYITKLYSEAKTKRKENVQHSKLEEKHIQVPESIV	79	537	642	105
2956	HUMAN05646	Q9H6B4	260	349	DKERYEEEERPNEIREDAEAPKARLVKPSSSSSGSRSSRSGSSSTRSTANSASRSQRTLSTDAAPQPGLATQAYSLVGPEVRGSEPKKVH	89	331	436	105
2957	HUMAN05649	Q9NY72	177	215	MIYCYRKVSKAEEAAQENASDYLAIPSENKENSAVPVEE	38	241	283	42
2958	HUMAN05650	O95125	283	394	RPDEISQVREEEPWVPDIQEPQETQEPEILSFTYTGDRSKDEEECLEQEDLSLEDIHRPVLGEPEIHQTPDWEIVFEDNPGRLNERRFGTNISQVNSFVNLRETTPVHPLLG	111	291	405	114
2959	HUMAN05653	Q6GV28	175	225	HKSDNECKESENSIEDISLPECTAMPRSIVRAHTVNSLNKKVQTRHVTWAL	50	192	255	63
2960	HUMAN05676	Q3YBR2	1	31	MSLLDGLASSPRAPLQSSKARMKKLPKKSQN	30	149	201	52
2961	HUMAN05676	Q3YBR2	355	411	EDQNDPLLPGSLDLPELQPAAFVSSYQPMYLTHEPLVDTHLQHLKSPSQGSPIQSSD	56	685	756	71
2962	HUMAN05676	Q3YBR2	66	166	FLKAKEERRYLLKKLLQLQALTEGEVQAAAPSHSSSLPLTYGVASSVGTIQGAGPISGPSTGAEEPFGKKTKKEKKEKGKENNKLEVLKKTCKKKKMAGGA	100	240	455	215
2963	HUMAN05680	Q96IQ7	269	327	ERGKKPKETYGGSDLREDAIAPGISEHTCMRADSSKGFLERPSSASTVTTTKSKLPMVV	58	360	432	72
2964	HUMAN05683	Q6P1R3	1	101	MAAPCGSELPANSPLKIPKMEVLSPASPGGLSDGNPSLSDPSTPRGASPLGPGSAAGSGAAASGGLGLGLGGRSAASSSVSFSPGGGGGGAAAAAAAACRG	100	92	219	127
2965	HUMAN05683	Q6P1R3	205	287	WDAQPCQPVLINSSGLYQELESDGSTMEDYSQEDWGNHSQDLHGYPTDQELDEIPVTKRTLKIKQESSEEAQKRDIMQNIVQI	82	329	424	95
2966	HUMAN05683	Q6P1R3	435	466	LSPHMEQSSLDPGKEGRVDLETLSAQASLQVE	31	577	623	46
2968	HUMAN05685	Q96MS0	1	37	MLRYLLKTLLQMNLFADSLAGDISNSSELLLGFNSSL	36	0	51	51
2969	HUMAN05685	Q96MS0	971	1018	RSPSAQEPRGSCCPSNPDPDDRYYNEAGISLYLAQTARGTAAPGEGPV	47	1292	1375	83
2970	HUMAN05686	Q8WZ75	427	463	GAGEPSRPVCLLLEQAMERATQEPSEHGPWTLEQLRA	36	701	793	92
2972	HUMAN05686	Q8WZ75	959	1007	DWLEDMEVSHTQRLGRGMPPWPPDSQISSQRSQLHCRMPKAGASPVDYS	48	1548	1639	91
2974	HUMAN05690	Q8TED4	239	282	APPQHHGEPAENQDNPEDPGNSPCSIRESGLETVAKCSKGPCEE	43	803	967	164
2975	HUMAN05692	Q96KN3	1	70	MMQHASPAPALTMMATQNVPPPPYQDSPQMTATAQPPSKAQAVHISAPSAAASTPVPSAPIDPQAQLEAD	69	0	210	210
2977	HUMAN05693	Q99689	249	336	ELVQQLARRDELEFEKEVKNSFITVLIEVQNKQKEQRELMKKRRKEKGLSLQSSRIEKGNQMPLKRFSMEGISNILQSGIRQTFGSSG	87	567	678	111
2978	HUMAN05695	O14681	34	88	QQKREEQRRRRASSVLAQRRAQSIERKQESEPRIVSRIFQCCAWNGGVFWFSLLL	54	160	242	82
2979	HUMAN05697	P46977	434	465	DISRPDKKSKKQQDSTYPIKNEVASGMILVMA	31	967	1163	196
2980	HUMAN05698	O14757	271	339	KGAKRPRVTSGGVSESPSGFSKHIQSNLDFSPVNSASSEENVKYSSSQPEPRTGLSLWDTSPSYIDKLV	68	686	854	168
2983	HUMAN05706	Q9BZE2	434	481	GRIEHPHLFHEEETKAKRDCNDTLEEENTNLETPTKRVCVDTEIKSII	47	908	1034	126
2984	HUMAN05708	Q9UHL0	1	67	MASLLWGGDAGAAESERLNSHFSNLSQPRKNLWGIKSTAVRNIDGSINNINEDDEEDVVDLAANSLL	66	23	200	177
2985	HUMAN05710	Q4KMG0	1166	1216	PDCGQLPEESVKDNVEPVPTQRTCCQDIVNDVSSDGSEDPAEFSRGQEGMI	50	1369	1431	62
2986	HUMAN05711	Q96CM3	18	70	QGCGSLFTLVSKPFCAAAAASTAINAQRLAEKLRAQKREQDTKKEPVSTNAVQ	52	236	407	171
2988	HUMAN05716	P58753	31	80	KKPKKRPNSPESTSSDASQPTSQDSPLPPSLSSVTSPSLPPTHASDSGSS	49	72	180	108
2989	HUMAN05717	Q96C86	1	38	MADAAPQLGKRKRELDVEEAHAASTEEKEAGVGNGTCA	37	52	153	101
2990	HUMAN05720	Q8IZU9	564	636	QRNLKGVVSAKNDIRVEIVHKEPASGREGEEHSTIKQLMMDRGEFQQDSVLKQLEVLKEEEKEFQNLKDPTNG	72	684	823	139
2991	HUMAN05720	Q8IZU9	701	778	SSSIELCEREFQRGSLSDSSSFLDTQCDSSVSSSGKQDGYVQFDKASKASASSSHHSQSSSQNSDPSRPLQRRMQTHV	77	945	1055	110
2992	HUMAN05724	Q01543	1	119	MDGTIKEALSVVSDDQSLFDSAYGAAAHLPKADMTASGSPDYGQPHKINPLPPQQEWINQPVRVNVKREYDHMNGSRESPVDCSVSKCSKLVGGGESNPMNYNSYMDEKNGPPPPNMTT	118	33	176	143
2993	HUMAN05724	Q01543	200	262	LAYNTTSHTDQSSRLSVKEDPSYDSVRRGAWGNNMNSGLNKSPPLGGAQTISKNTEQRPQPDP	62	317	507	190
2994	HUMAN05726	P48544	1	48	MAGDSRNAMNQDMEIGVTPWDPKKIPKQARDYVPIATDRTRLLAEGKK	47	30	111	81
2995	HUMAN05726	P48544	373	419	EGRLLQYLPSPPLLGGCAEAGLDAEAEQNEEDEPKGLGGSREARGSV	46	457	551	94
2996	HUMAN05728	Q9HCN2	1	45	MGSSSEASFRSAQASCSGARRQGLGRGDQNLSVMPPNGRAQTHTP	44	0	63	63
2997	HUMAN05730	A7KAX9	30	109	EEEEREEKFRKMKSSVHSEEDDFVPELHRNVHPRERPDWEETLSAMARGADVPEIPGDLTLKTCGSTASMKVKHVKKLPF	79	46	162	116
2998	HUMAN05730	A7KAX9	328	361	TNSVPKPVSKKHGKLITFLRTFMKSRPTKQKLKQ	33	386	466	80
3000	HUMAN05732	Q96B21	246	275	RHGRGEIIGIQKLNSDDTYQTALLSGSDEE	29	396	478	82
3001	HUMAN05734	Q9NQV6	98	166	QASLPVHNQVLPSIESVDGSDPLATLQTPLGRLEAKEEEDEDEDEDTEEDEEEDGEDTDLDDWEPDPPR	68	131	282	151
3002	HUMAN05737	Q06481	1	41	MAATGTAAAAATGRLLLLLLVGLTAPALALAGYIEALAANA	40	7	78	71
3003	HUMAN05737	Q06481	206	318	TKIIGSVSKEEEEEDEEEEEEEDEEEDYDVYKSEFPTEADLEDFTEAAVDEDDEDEEEGEEVVEDRDYYYDTFKGDDYNEENPTEPGSDGTMSDKEITHDVKAVCSQEAMTGP	112	250	475	225
3004	HUMAN05737	Q06481	568	710	QRADMDQFTASISETPVDVRVSSEESEEIPPFHPFHPFPALPENEDTQPELYHPMKKGSGVGEQDGGLIGAEEKVINSKNKVDENMVIDETLDVKEMIFNAERVGGLEEERESVGPLREDFSLSSSALIGLLVIAVAIATVIV	142	761	945	184
3005	HUMAN05738	Q9Y5Y6	1	34	MGSDRARKGGGGPKDFGAGLKYNSRHEKVNGLEE	33	0	50	50
3006	HUMAN05741	Q9UP79	143	213	SLAQPHRLQRWGPAGARPLPRGPEWEVETGEGQRQERGDHQEDSEEESQEEEAEGASEPPPPLGATSRTKR	70	277	397	120
3007	HUMAN05741	Q9UP79	1	35	MLPAPAAPRWPPLLLLLLLLLPLARGAPARPAAGG	34	21	104	83
3008	HUMAN05742	Q8TE58	143	211	SAPAAQRNSQGAHLLQRRGVPGGPSGDPTSRCGVASGWNPAILRALDPYKPRRAGFGESRSRRRSGRAK	68	240	327	87
3009	HUMAN05742	Q8TE58	805	834	REDKSSHPKDPRGPSVLHNSVLSLSNQVEQ	29	1057	1120	63
3010	HUMAN05743	Q92543	1	71	MKTETVPPFQETPAGSSCHLNNLLSSRKLMAVGVLLGWLLVIHLLVNVWLLCLLSALLVVLGGWLGSSLAG	70	42	133	91
3012	HUMAN05743	Q92543	669	742	KPFMVSRIDKMVVSAIVDTLKTAFPRSEPQSPTEELSEAETESKPQTEGKKASKSRLRFSSSKISPALSVTEAQ	73	1002	1110	108
3013	HUMAN05743	Q92543	774	816	LLEMQPTKAPEKDPEQPPKGRVDSCVSDAAVPAQDPSNSDPGT	42	1141	1214	73
3014	HUMAN05750	Q9UPX0	695	726	SEPSNIAGVSSTDIFPQPDLTEDGLARPVLAG	31	876	910	34
3015	HUMAN05752	Q9BX67	273	310	INNKQDGESYKNPGKPDGVNYIRTDEEGDFRHKSSFVI	37	411	453	42
3017	HUMAN05754	P42695	154	200	ESNLNRKRKKEQPKSSQANPGRHRKRGKPPRREDIEMDEIIEEQEDE	46	629	825	196
3018	HUMAN05757	Q4G0F5	299	336	VRKSMSHQAAIASQRFEGTTSLGEVRTPSQLSDNNCRQ	37	1021	1211	190
3019	HUMAN05759	Q9P016	1	51	MSRPRKRLAGTSGSDKGLSGKRTKTENSGEALAKVEDSNPQKTSATKNCLK	50	15	166	151
3020	HUMAN05763	Q9P2W7	1	72	MPKRRDILAIVLIVLPWTLLITVWHQSTLAPLLAVHKDEGSDPRRETPPGADPREYCTSDRDIVEVVRTEYV	71	66	272	206
3021	HUMAN05764	Q9UPP2	1105	1182	PCLARMEPLLSQALSCYTSSSSDSCGSTPLGGPGSPVKVTHQPPLPPPPPPYNHPHQFCPPGSLLHGHRYSSGSRSLV	77	1651	1756	105
3022	HUMAN05764	Q9UPP2	996	1088	QQGTKTLSFKPCGAQGDPQSKQGSPTAKREAALRERPAESTVEVSIHNRLQTSQHNSGLGAERGAPVPPPDLQPSPPRQQTPPLPPPPPTPPG	92	1476	1635	159
3023	HUMAN05765	P48065	1	36	MDGKVAVQECGPPAVSWVPEEGEKLDQEDEDQVKDR	35	43	83	40
3024	HUMAN05765	P48065	577	614	SSLPQPKQHPCLDGSAGRNFGPSPTREGLIAGEKETHL	37	789	839	50
3025	HUMAN05766	Q9NSD5	1	31	MDSRVSGTTSNGETKPVYPVMEKKEEDGTLE	30	99	138	39
3026	HUMAN05766	Q9NSD5	573	602	DLPQRNPAGPSAPATPRTSLLRLTELESHC	29	776	834	58
3031	HUMAN05771	Q9BR77	1	48	MNFTPTHTPVCRKRTVVSKRGVAVSGPTKRRGMADSLESTPLPSPEDR	47	20	156	136
3034	HUMAN05772	Q6L9W6	73	104	IPAVDPHLQFYHPQRLSLEDHDIDQGVSSNSS	31	96	130	34
3037	HUMAN05785	Q86V24	1	82	MNEPTENRLGCSRTPEPDIRLRKGHQLDGTRRGDNDSHQGDLEPILEASVLSSHHKKSSEEHEYSDEAPQEDEGFMGMSPLL	81	89	205	116
3038	HUMAN05787	Q7Z3S7	1	57	MVCGCSALLPLPNPRPTMPATPNFLANPSSSSRWIPLQPMPVAWAFVQKTSALLWLL	56	7	121	114
3039	HUMAN05788	Q8N967	254	302	EDENSSAGLDIPGPPCTKASPEPAKPKPGAEPEPEPSTACPQKQRHRPA	48	450	547	97
3041	HUMAN05796	Q02790	422	459	ENKAKAEASSGDHPTDTEMKEEQKSNTAGSQSQVETEA	37	1347	1488	141
3043	HUMAN05805	Q08050	115	233	PTQPPGLRPQTQTSYDAKRTEVTLETLGPKPAARDVNLPRPPGALCEQKRETCADGEAAGCTINNSLSNIQWLRKMSSDGLGSRSIKQEMEEKENCHLEQRQVKVEEPSRPSASWQNSV	118	146	352	206
3044	HUMAN05805	Q08050	1	54	MKTSPRRPLILKRRRLPLPVQNAPSETSEEEPKRSPAQQESNQAEASKEVAESN	53	24	86	62
3048	HUMAN05815	Q9BSW2	120	155	QNNPSQEDAGEQVAQRHEEKVYLSRGDEDLGDMGED	35	401	452	51
3049	HUMAN05815	Q9BSW2	1	47	MAAPDGRVVSRPQRLGQGSGQGPKGSGACLHPLDSLEQKETQEQTSG	46	0	158	158
3050	HUMAN05820	Q9NQ88	154	185	SQGSPSNCLETSLAEIFPLGKNHSSKVNSDSG	31	285	321	36
3051	HUMAN05821	Q9GZV9	140	251	RAKRAFLPGMNPPPYSQFLSRRNEIPLIHFNTPIPRRHTRSAEDDSERDPLNVLKPRARMTPAPASCSQELPSAEDNSPMASDPLGVVRGGRVNTHAGGTGPEGCRPFAKFI	111	185	341	156
3052	HUMAN05822	P10767	38	71	SPAGTRANNTLLDSRGWGTLLSRSRAGLAGEIAG	33	53	93	40
3054	HUMAN05830	O75969	162	279	GNEPTPTKSLSKIASELVNETVSACSRNAAPDKAPGSGDRVSGSSQSPPNLKYKSTLKIKESTKERQGPDDKPPSKKSFFYKEVFESRNGDYAREGGRFFPRERKRFRGQERPDDFTA	117	229	353	124
3055	HUMAN05830	O75969	400	514	KAESYSLISMKGMGDPKNRNVNFAMKSETKLREKMYSEPKSEEETCAKTLGEHIIKEGLTLWHKTQQKECKSLGFQHAAFEAPNTQRKPASDISFEYPEDIGNLSLPPYPPEKPE	114	473	620	147
3056	HUMAN05830	O75969	542	594	GGRRDARSFVEAAGTTNFPANEPPVAPDESCLKSAPIVGDQEQAEKKDLRSVF	52	647	708	61
3058	HUMAN05831	Q16795	1	46	MAAAAQSRVVRVLSMSRSAITAIATSVCHGPPCRQLHHALMPHGKG	45	137	289	152
3059	HUMAN05836	P17658	1	36	MRSEKSLTLAAPGEVRGPEGEQQDAGDFPEAGGGGG	35	0	51	51
3060	HUMAN05836	P17658	205	253	GGNNGGVSRVSPVSRGSQEEEEDEDDSYTFHHGITPGEMGTGGSSSLST	48	222	278	56
3061	HUMAN05836	P17658	471	529	QEEQGQYTHVTCGQPAPDLRATDNGLGKPDFPEANRERRPSYLPTPHRAYAEKRMLTEV	58	507	574	67
3062	HUMAN05837	Q09470	1	33	MTVMSGENVDEASAAPGHPQDGSYPRQADHDDH	32	3	188	185
3063	HUMAN05837	Q09470	420	495	EGEEQAQLLHVSSPNLASDSDLSRRSSSTMSKSEYMEIEEDMNNSIAHYRQVNIRTANCTTANQNCVNKSKLLTDV	75	703	938	235
3064	HUMAN05838	P22460	1	116	MEIALVPLENGGAMTVRGGDEARAGCGQATGGELQCPPTAGLSDGPKEPAPKGRGAQRDADSGVRPLPPLPDPGVRPLPPLPEELPRPRRPPPEDEEEEGDPGLGTVEDQALGTAS	115	12	199	187
3065	HUMAN05838	P22460	280	315	ELLRHPPAPHQPPAPAPGANGSGVMAPPSGPTVAPL	35	453	499	46
3066	HUMAN05838	P22460	527	613	TDHEEPAVLKEEQGTQSQGPGLDRGVQRKVSGSRGSFCKAGGTLENADSARRGSCPLEKCNVKAKSNVDLRRSLYALCLDTSRETDL	86	716	834	118
3067	HUMAN05845	Q3KR16	1	98	MKAFGPPHEGPLQGLVASRIETYGGRHRASAQSTAGRLYPRGYPVLDPSRRRLQQYVPFARGSGQARGLSPMRLRDPEPEKRHGGHVGAGLLHSPKLK	97	0	101	101
3070	HUMAN05847	P19438	1	40	MGLSTVPDLLLPLVLLELLVGIYPSGVIGLVPHLGDREKR	39	2	103	101
3071	HUMAN05852	P36941	254	343	LCRKLGSLLKRRPQGEGPNPVAGSWEPPKAHPYFPDLVQPLLPISGDVSPVSTGLPAAPVLEAGVPQQQSPLDLTREPQLEPGEQSQVAH	89	395	488	93
3072	HUMAN05852	P36941	369	435	LGGPPGPGDLPATPEPPYPIPEEGDPGPPGLSTPHQEDGKAWHLAETEHCGATPSNRGPRNQFITHD	66	513	581	68
3073	HUMAN05854	P26842	115	260	KECTECDPLPNPSLTARSSQALSPHPQPTHLPYVSEMLEARTAGHMQTLADFRQLPARTLSTHWPPQRSLCSSDFIRILVIFSGMFLVFTLAGALFLHQRRKYRSNKGESPVEPAEPCHYSCPREEEGSTIPIQEDYRKPEPACSP	145	213	392	179
3074	HUMAN05855	Q9BX59	430	468	QAPTGLGLLQAERWETTSCADTQSSHLHEDRTARVSQPS	38	691	740	49
3075	HUMAN05856	P23763	1	37	MSAPAQPPAEGTEGTAPGGGPPGPPPNMTSNRRLQQT	36	14	70	56
3077	HUMAN05858	Q15021	547	611	EPFSHIDPEESEETRLLNILGLIFKGPAASTQEKNPRESTGNMVTGQTVCKNKPNMSDPEESRGN	64	1518	1703	185
3078	HUMAN05858	Q15021	953	988	RVLREEQEHKTKDPKEKNTSSETTMEEELGLVGATA	35	2694	2829	135
3079	HUMAN05863	Q9H1C0	312	372	GTPHRARTSATNGTRAALAQSERSAVTTDATRPDAASQGLLRPSDSHSLSSFTQCPQDSAL	60	349	442	93
3081	HUMAN05864	Q8NEB7	1	35	MRKPAAGFLPSLLKVLLLPLAPAAAQDSTQASTPG	34	7	45	38
3082	HUMAN05865	Q9UNL4	112	193	KEKQIESSDYDSSSSKGKKKGRTQKEKKAARARSKGKNSDEEAPKTAQKKLKLVRTSPEYGMPSVTFGSVHPSDVLDMPVDP	81	214	423	209
3083	HUMAN05867	Q8TF68	444	543	SETYLMKHMRKHNPPDLQQQVQAAAAAAAVAQAQAQAQAQAQAQAQAQAQAQASQASQQQQQQQQQQQQQQQQPPPHFQSPGAAPQGGGGGDSNPNPPPQ	99	710	904	194
3084	HUMAN05868	Q8IYJ0	112	175	VSREDGGDPNSANPGFLDYGFAAPHGLATPHPNSDSMRGDGDGLILGEAPATLRPFLFGGRGEG	63	186	259	73
3085	HUMAN05868	Q8IYJ0	186	282	ISIIIVLVATGIIFKFCWDRSQKRRRPSGQQGALRQEESQQPLTDLSPAGVTVLGAFGDSPTPTPDHEEPRGGPRPGMPHPKGAPAFQLNRIPLVNL	96	269	377	108
3086	HUMAN05868	Q8IYJ0	1	101	MESRMWPALLLSHLLPLWPLLLLPLPPPAQGSSSSPRTPPAPARPPCARGGPSAPRHVCVWERAPPPSRSPRVPRSRRQVLPGTAPPATPSGFEEGPPSSQ	100	18	176	158
3087	HUMAN05869	Q9UBW8	211	275	SEVANLKKTIKVTTAAAAAATSQDPEQHLTELREPAPGTNQRQPSKKASKGKGLRGSAKIWSKSN	64	296	411	115
3089	HUMAN05875	P20962	1	102	MSEKSVEAAAELSAKDLKEKKEKVEEKASRKERKKEVVEEEENGAEEEEEETAEDGEEEDEGEEEDEEEEEEDDEGPALKRAAEEEDEADPKRQKTENGASA	101	10	117	107
3090	HUMAN05876	P18627	471	525	FHLWRRQWRPRRFSALEQGIHPPQAQSKIEELEQEPEPEPEPEPEPEPEPEPEQL	54	603	691	88
3091	HUMAN05878	Q16538	192	271	VMGLVCVAITFYQTLWARPRRARQARRVGGGGGTKAGGPGALGTRPAFEVPAIVVEDARGKRRSSLDGSESAKTSLQVTN	79	199	316	117
3094	HUMAN05885	P45974	618	650	APPLVTPDEPKGSLGFYGNEDEDSFCSPHFSSP	32	2511	2569	58
3095	HUMAN05886	P60174	1	39	MAEDGEEAEFHFAALYISGQWPRLRADTDLQRLGSSAMA	38	61	209	148
3096	HUMAN05890	Q53EV4	1	41	MSDEDDLEDSEPDQDDSEKEEDEKETEEGEDYRKEGEEFPE	40	7	175	168
3098	HUMAN05898	P29350	234	278	QESEDTAKAGFWEEFESLQKQEVKNLHQRLEGQRPENKGKNRYKN	44	297	367	70
3100	HUMAN05921	Q86VB7	1106	1156	DDLDLMNSSENSHESADFSAAELISVSKFLPISGMEKEAILSHTEKENGNL	50	1921	1985	64
3101	HUMAN05924	Q6W0C5	1	159	MDPSQFNPTYIPGSPQMLTEENSRDDSGASQISSETLIKNLSNLTINASSESVSPLSEALLRRESVGAAVLREIEDEWLYSRRGVRTLLSVQREKMARLRYMLLGGVRTHERRPTNKEPKGVKKESRPFKCPCSFCVSNGWDPSENARIGNQDTKPLQP	158	0	192	192
3102	HUMAN05925	Q8WTT0	1	52	MVPEEEPQDREKGLWWFQLKVWSMAVVSILLLSVCFTVSSVVPHNFMYSKTV	51	0	53	53
3103	HUMAN05926	Q7Z5D8	1	106	MHRARWLTPVIPALWEAEAGRSRGQEIETILANKKQSAMPWDQDPEQSTGNYSEDEQNGKQKWREEGEAGRKREREKEEKNEKELQDEQENKRKRENEKQKQYPEK	105	0	108	108
3104	HUMAN05927	Q9H9S0	146	192	QRMKSKRWQKNNWPKNSNGVTQKASAPTYPSLYSSYHQGCLVNPTGN	46	158	210	52
3105	HUMAN05927	Q9H9S0	1	98	MSVDPACPQSLPCFEASDCKESSPMPVICGPEENYPSLQMSSAEMPHTETVSPLPSSMDLLIQDSPDSSTSPKGKQPTSAEKSVAKKEDKVPVKKQKT	97	1	111	110
3106	HUMAN05935	Q9P0K8	1	64	MASDLESSLTSIDWLPQLTLRATIEKLGSASQAGPPGSSRKCSPGSPTDPNATLSKDEAAVHQD	63	75	151	76
3107	HUMAN05937	Q8NC96	167	268	TNKKGGASKPRTARGGGLSLLPPPPGGKVTIPPPSSSVAISNHVTPPPIPKSNHGGSDADILLDLDSPAPVTTPAPTPVSVSNDLWGDFSTASSSVPNQAPQ	101	285	510	225
3108	HUMAN05938	Q9UMR7	15	81	EFKSSGINTASSAASKERTAPHKSNTGFPKLLCASLLIFFLLLAISFFIAFVIFFQKYSQLLEKKTT	66	47	131	84
3110	HUMAN05942	Q6EIG7	1	50	MMQEQQPQSTEKRGWLSLRLWSVAGISIALLSACFIVSCVVTYHFTYGET	49	0	51	51
3111	HUMAN05943	Q8WXI8	1	61	MGLEKPQSKLEGGMHPQLIPSVIAVVFILLLSVCFIASCLVTHHNFSRCKRGTGVHKLEHH	60	2	69	67
3112	HUMAN05944	Q9ULY5	1	56	MNSSKSSETQCTERGCFSSQMFLWTVAGIPILFLSACFITRCVVTFRIFQTCDEKK	55	7	70	63
3113	HUMAN05947	Q13361	133	173	EAMKDELCRQMAGLPPRRLRRSNYFRLPPCENVDLQRPNGL	40	142	190	48
3114	HUMAN05947	Q13361	1	81	MSLLGPKVLLFLAAFIITSDWIPLGVNSQRGDDVTQATPETFTEDPNLVNDPATDETVLAVLADIAPSTDDLASLSEKNTT	80	4	90	86
3115	HUMAN05949	Q9ULI2	310	365	GRLTRRMSLLSVVSTASETSEPELGPPASTAVDNMSASSSSVDSDPESTERELLTK	55	342	440	98
3116	HUMAN05957	Q96E93	16	69	TQAQNDYGPQQKSSSSRPSCSCLVAIALGLLTAVLLSVLLYQWILCQGSNYSTC	53	17	91	74
3117	HUMAN05960	Q12918	16	88	SGPESSSPSSLPRDVCQGSPWHQFALKLSCAGIILLVLVVTGLSVSVTSLIQKSSIEKCSVDIQQSRNKTTER	72	23	140	117
3118	HUMAN05966	Q07108	1	70	MSSENCFVAENSSLHPESGQENDATSPHFSTRHEGSFQVPVLCAVMNVVFITILIIALIALSVGQYNCPG	69	1	72	71
3119	HUMAN05967	Q9NZS2	16	108	KRSSAQTSQLTFKDYSVTLHWYKILLGISGTVNGILTLTLISLILLVSQGVLLKCQKGSCSNATQYEDTGDLKVNNGTRRNISNKDLCASRSA	92	33	128	95
3120	HUMAN05970	D3W0D1	17	73	KSKQKSKDFSLYPQYYCLLLIFGCIVILIFIMTGIDLKFWHKKMDFSQNVNVSSLSG	56	28	148	120
3121	HUMAN05974	Q9P126	1	93	MQDEDGYITLNIKTRKPALISVGSASSSWWRVMALILLILCVGMVVGLVALGIWSVMQRNYLQGENENRTGTLQQLAKRFCQYVVKQSELKGT	92	66	213	147
3122	HUMAN05975	Q2HXU8	14	99	DSAGARNNRDGNNLRKRGHPAPSPIWRHAALGLVTLCLMLLIGLVTLGMMFLQISNDINSDSEKLSQLQKTIQQQQDNLSQQLGNS	85	18	139	121
3123	HUMAN05976	Q6UXN8	15	66	PAPDTYQKCLSSNKCSGACCLVMVISCVFCMGLLTASIFLGVKLLQVSTIAM	51	68	120	52
3124	HUMAN05979	Q9BXN2	1	114	MEYHPDLENLDEDGYTQLHFDSQSNTRIAVVSEKGSCAASPPWRLIAVILGILCLVILVIAVVLGTMAIWRSNSGSNTLENGYFLSRNKENHSQPTQSSLEDSVTPTKAVKTTG	113	13	141	128
3125	HUMAN05984	P78380	1	88	MTFDDLKIQTVKDQPDEKSNGKKAKGLQFLYSPWWCLAAATLGVLCLGLVVTIMVLGMQLSQVSDLLTQEQANLTHQKKKLEGQISAR	87	27	123	96
3126	HUMAN05985	Q4KMG9	148	183	TVAMCGQKAPDLPPVPEEKQLPPTEKESTRIVDSWN	35	231	269	38
3127	HUMAN05990	Q13241	26	56	TLGILLKNSFTKLSIEPAFTPGPNIELQKDS	30	25	75	50
3128	HUMAN05993	O43908	1	102	MNKQRGTYSEVSLAQDPKRQQRKLKGNKISISGTKQEIFQVELNLQNASSDHQGNDKTYHCKGLLPPPEKLTAEVLGIICIVLMATVLKTIVLIPCIGVLEQ	101	0	121	121
3129	HUMAN05994	Q07444	1	110	MSKQRGTFSEVSLAQDPKWQQRKPKGNKSSISGTEQEIFQVELNLQNASLNHQGIDKIYDCQGLLPPPEKLTAEVLGIICIVLMATVLKTIVLIPFLEQNNSSPNARTQK	109	43	163	120
3130	HUMAN05998	P26715	1	113	MDNQGVIYSDLNLPPNPKRQQRKPKGNKNSILATEQEITYAELNLQKASQDFQGNDKTYHCKDLPSAPEKLIVGILGIICLILMASVVTIVVIPSTLIQRHNNSSLNTRTQKA	112	0	135	135
3131	HUMAN06002	Q6J9G0	1	100	MGMTRMLLECSLSDKLCVIQEKQYEVIIVPTLLVTIFLILLGVILWLFIREQRTQQQRSGPQGIAPVPPPRDLSWEAGHGGNVALPLKETSVENFLGATT	99	110	295	185
3133	HUMAN06003	P16989	1	83	MSEAGEATTTTTTTLPQAPTEAAAAAPQDPAPKSPVGSGAPQAAAPAPAAHVAGNPGGDAAPAATGTAAAASLATAAGSEDAE	82	4	127	123
3134	HUMAN06019	P59538	209	250	MQLHGKGSQDPSTKVHIKALQTVIFFLLLCAVYFLSIMISVW	41	218	265	47
3135	HUMAN06031	P41212	137	234	GNSIHTQPEVILHQNHEEDNCVQRTPRPSVDNVHHNPPTIELLHRSRSPITTNHRPSPDPEQRPLRSPLDNMIRRLSPAERAQGPRPHQENNHQESYP	97	284	464	180
3136	HUMAN06031	P41212	1	48	MSETPAQCSIKQERISYTPPESPVPSYASSTPLHVPVPRALRMEEDSI	47	81	192	111
3137	HUMAN06031	P41212	245	329	CPASSESHPKPSSPRQESTRVIQLMPSPIMHPLILNPRHSVDFKQSRLSEDGLHREGKPINLSHREDLAYMNHIMVSVSPPEEHA	84	479	646	167
3140	HUMAN06038	Q969J3	1	30	MGSEQSSEAESRPNDLNSSVTPSPAKHRAK	29	2	149	147
3142	HUMAN06041	Q15760	1	53	MVFAHRMDNSKPHLIIPTLLVPLQNRSCTETATPLPSQYLMELSEEHSWMSNQ	52	37	100	63
3143	HUMAN06041	Q15760	354	415	RSNAYTITTSSRMAKKNYVGISEIPSMAKTITKDSIYDSFDREAKEKKLAWPINSNPPNTFV	61	426	502	76
3144	HUMAN06042	P46527	1	33	MSNVRVSNGSPSLERMDARQAEHPKPSACRNLF	32	18	53	35
3145	HUMAN06042	P46527	83	198	SLPEFYYRPPRPPKGACKVPAQESQDVSGSRPAAPLIGAPANSEDTHLVDPKTDPSDSQTGLAEQCAGIRKRPATDDSSTQNKRANRTEENVSDGSPNAGSVEQTPKKPGLRRRQT	115	105	249	144
3146	HUMAN06045	Q96LR9	1	44	MFRAPCHRLRARGTRKARAGAWRGCTFPCLGKGMERPAAREPHG	43	54	120	66
3148	HUMAN06047	Q8NFJ5	273	312	NPMDYPVEDAFCKPQLVKKSYGVENRAYSQEEITQGFEET	39	455	504	49
3149	HUMAN06049	Q9NZD1	271	316	QECPLQGNACPVTAYQHSFQVENQELSRARDSDGAEEDVALTSYGT	45	340	390	50
3150	HUMAN06051	A2RU67	1	122	MATVLSRALKLPGKKSPDLGEYDPLTQADSDESEDDLVLNLQKNGGVKNGKSPLGEAPEPDSDAEVAEAAKPHLSEVTTEGYPSEPLGGLEQKAASSLVSYVRTSVFLLTLGISMILVLLCA	121	135	317	182
3151	HUMAN06061	Q13224	1454	1484	PCVPNNKNPRAFNGSSNGHVYEKLSSIESDV	30	1894	1925	31
3153	HUMAN06063	Q6P4A8	1	31	MTRGGPGGRPGLPQPPPLLLLLLLLPLLLVT	30	36	139	103
3154	HUMAN06064	P25092	1019	1055	QQRLQAEFSDMIANSLQKRQAAGIRSQKPRRVASYKK	36	1116	1164	48
3156	HUMAN06070	Q93070	1	47	MGPLINRCKKILLPTTVPPATMRIWLLGGLLPFLLLLSGLQRPTEGS	46	57	113	56
3157	HUMAN06075	Q13956	1	49	MSDNTTLPAPASNQGPTTPRKGPPKFKQRQTRQFKSKPPKKGVKGFGDD	48	4	63	59
3158	HUMAN06079	Q12929	186	264	DSKGGKQKRRPDALRMISNADPSIPPPPRAPAPAPPGTVTQVDVRSRVAAWSAWAADQGDFEKPRQYHEQEETPEMMAA	78	418	643	225
3159	HUMAN06079	Q12929	1	61	MNGHISNHPSSFGMYPSQMNGYGSSPTFSQTDREHGSKTSAKALYEQRKNYARDSVSSVSD	60	94	259	165
3162	HUMAN06079	Q12929	788	822	SGSSELQEIMRRRQEKISAAASDSGVESFDEGSSH	34	2021	2070	49
3163	HUMAN06092	Q86YW0	303	340	TLKETHERKGSDKRGDNQDKETGVKKLPGVMLFKKKKT	37	541	732	191
3164	HUMAN06095	Q9HAU0	106	163	VATMTSEEKKERPISMINEASNYNVTSDYAVHPMSPVGRTSRASKKVHNFGKRSNSIK	57	223	281	58
3166	HUMAN06096	Q6ZN18	343	397	GGLARHVPTHFSQQNSSKVSSQPKAKEESPSKAGMNKRRKLKNKRRRSLPRPHDF	54	493	548	55
3167	HUMAN06099	Q14432	1029	1078	DSDESGDTDDPEEEEEEAPAPNEEETCENNESPKKKTFKRRKIYCQITQH	49	1194	1260	66
3168	HUMAN06099	Q14432	1089	1141	VIEEEQRLAGIENQSLDQTPQSHSSEQIQAIKEEEEEKGKPRGEEIPTQKPDQ	52	1270	1345	75
3170	HUMAN06100	Q9NYB5	142	182	SPSSNSTLSISPCLLESSSQLPVSVMEKSKSKISNECEVDT	40	259	313	54
3171	HUMAN06100	Q9NYB5	1	35	MDTSSKENIQLFCKTSVQPVGRPSFKTEYPSSEEK	34	44	99	55
3172	HUMAN06100	Q9NYB5	300	332	PRSQSREDSNSSSEKSKFIIDDHTDYQTPQGEN	32	446	483	37
3173	HUMAN06101	Q9NPD5	130	165	NPSENSTSSLSTCLINQTLSFNGTSPEIVEKDCVKE	35	213	260	47
3174	HUMAN06101	Q9NPD5	283	315	PNKPQKERKISLSLHVLKTNDDRNQTANLTNQG	32	401	437	36
3175	HUMAN06101	Q9NPD5	649	702	KKFQGKDTKASDNERKVMDEANLEFLNNGEHFVPSAGTDSKTCNLDMQDNAAAN	53	980	1072	92
3176	HUMAN06104	G3V0H7	237	268	NKPQKERKVSLFLHVLKTNDKRNQIANLTNRR	31	330	364	34
3177	HUMAN06104	G3V0H7	602	640	KKSHGKDTKVLENERQVMDEANLEFLNDSEHFVPSAEEQ	38	727	779	52
3178	HUMAN06104	G3V0H7	82	117	IDPSENSTSNLPNCLINQMLSLNRTPSEIIERGCVK	35	166	208	42
3179	HUMAN06106	Q9Y6L6	128	165	NINSSENSTSTLSTCLINQILSLNRASPEIVGKGCLKE	37	335	383	48
3180	HUMAN06106	Q9Y6L6	284	315	NKPQKERKASLSLHVLETNDEKDQTANLTNQG	31	506	563	57
3181	HUMAN06106	Q9Y6L6	650	691	KYQEKDINASENGSVMDEANLESLNKNKHFVPSAGADSETHC	41	989	1033	44
3182	HUMAN06107	P46721	122	152	SGNLSSNSFLCMENGTQILRPTQDPSECTKE	30	177	224	47
3183	HUMAN06107	P46721	627	670	HLPGENASSGTELIETKVKGKENECKDIYQKSTVLKDDELKTKL	43	780	839	59
3184	HUMAN06109	P10997	1	34	MGILKLQVFLIVLSVALNHLKATPIESHQVEKRK	33	1	89	88
3185	HUMAN06109	P10997	53	89	SNNFGAILSSTNVGSNTYGKRNAVEVLKREPLNYLPL	36	107	144	37
3186	HUMAN06114	P46063	594	649	TQNSFRAESSQTCHSEQGDKKMEEKNSGNFQKKAANMLQQSGSKNTGAKKRKIDDA	55	1483	1693	210
3187	HUMAN06116	Q9BT56	1	77	MKGLRSLAATTLALFLVFVFLGNSSCAPQRLLERRNWTPQAMLYLKGAQGRRFISDQSRRKDLSDRPLPERRSPNPQ	76	5	87	82
3189	HUMAN06119	Q15842	1	31	MLARKSIIPEEYVLARIAAENLRKPRIRDRL	30	0	31	31
3190	HUMAN06119	Q15842	361	424	KPSILIQTLQKSELSHQNSLRKRNSMRRNNSMRRNNSIRRNNSSLMVPKVQFMTPEGNQNTSES	63	361	441	80
3191	HUMAN06120	O60706	622	666	GESSLPFESCKKHTGVQPKTINRKQPGRYHLDSYEQSTRRLRPAE	44	973	1054	81
3193	HUMAN06122	Q8NFW8	1	40	MDSVEKGAATSVSNPRGRPSRGRPPKLQRNSRGGQGRGVE	39	115	224	109
3194	HUMAN06129	Q9HBU6	1	86	MLCGRPRSSSDNRNFLRERAGLSSAAVQTRIGNSAASRRSPAARPPVPAPPALPRGRPGTEGSTSLSAPAVLVVAVAVVVVVVSAV	85	23	152	129
3195	HUMAN06146	Q8NHQ8	348	396	NLQQFIQQTGTKVTVLPAEPIEIEASHADIEREAPFQSGSLKRPGSSRQ	48	471	523	52
3196	HUMAN06146	Q8NHQ8	82	217	PSLSERPTSDSVARIPERTLYRQSLPPLAKLRPQIDKSIKRREPKRKSLTFTGGAKGLMDIFGKGKETEFKQKVLNNCKTTADELKKLIRLQTEKLQSIEKQLESNEIEIRFWEQKYNSNLEEEIVRLEQKIKRND	135	148	329	181
3198	HUMAN06147	Q9C0J9	1	48	MDEGIPHLQERQLLEHRDFIGLDYSSLYMCKPKRSMKRDDTKDTYKLP	47	6	64	58
3199	HUMAN06148	Q14714	1	77	MGKNKQPRGQQRQGGPPAADAAGPDDMEPKKGTGAPKECGEEEPRTCCGCRFPLLLALLQLALGIAVTVVGFLMASI	76	18	128	110
3200	HUMAN06149	Q14571	1133	1174	SSNYENGEIGESQVKGGEEPIEESNILSPVQDGTKKPQIDSN	41	1715	1821	106
3201	HUMAN06149	Q14571	1828	1881	NTIDLGNKKRDDDNELMTSGPRMRVRDSTLHLKEGMKGQLTEASSATSKAYCVY	53	2847	2925	78
3202	HUMAN06149	Q14571	2430	2477	NRTPVTGSHQVPTMTLTTMMEACAKENCSPTIPASNTADEEYEDGIER	47	3735	3793	58
3203	HUMAN06149	Q14571	926	964	EMMTQMVLSRGSIFPMSVPDVPPSIHPSKQGSPTEHEDV	38	1436	1501	65
3204	HUMAN06151	Q9NVM9	567	648	EEERKKRGRKREDKEDKSEKAVKDYEQEKSWQDSERLKGILERGKEELAEAEIIKDSPDSPEPPNKKPLVEMDETPQVEKSK	81	808	992	184
3205	HUMAN06153	Q9NS93	522	570	QERERRVTNILDPSYHIPPLRERLYGRLTQIKGLFQKEQPAGERTPLLL	48	799	882	83
3206	HUMAN06157	A8MTZ7	145	207	LKDDDAVFPETAQQDFQLSSGSPPEMVQMISQATASQRTSAPEISSILSEQPEKDDTPSHTQA	62	221	361	140
3207	HUMAN06157	A8MTZ7	1	75	MAYSSSNSDIEDDSSKSNSNLSLSVGYFPCEDTPCEDTTSWEDAPSKGPSIHFLPPVQGAWGTERIGRRMKRQDQ	74	31	152	121
3208	HUMAN06157	A8MTZ7	227	269	SLLRRDHPVNATKSPHRSAPTKRLFHRGKRIQPQETLELGHPI	42	382	426	44
3209	HUMAN06161	Q8WYA1	1	110	MAAEEEAAAGGKVLREENQCIAPVVSSRVSPGTRPTAMGSFSSHMTEFPRKRKGSDSDPSQSGIMTEKVVEKLSQNPLTYLLSTRIEISASSGSRVEDGEHQVKMKAFRE	109	0	189	189
3210	HUMAN06161	Q8WYA1	475	604	HSEPGEASFLPCSSQSSEESSRQSCMSVPGMSTGTVLGAGSIGTDIANEILDLQRLQSSSYLDDSSPTGLMKDTHTVNCRSMSNKELFPPSPSEMGELEATRQNQSTVAVHSHEPLLSDGAQLDFDALCD	129	585	786	201
3211	HUMAN06162	A6NFE2	188	271	DRGLDLDQGTSTEVNTCNEVYELKKKVIERLEDLCKNVELLSAKLRMYQMEAEDTDSHSSEEIDTEEMEALLPQAPASFLVQKS	83	218	323	105
3212	HUMAN06162	A6NFE2	1	132	MALTPTNLNNKMSLQMKMDCQEQQLTKKNNGFFQKLNVTEGAMQDLLKEIIKVDHILDRSDDEDDISSENPQTDFLHKGMLELEAEHDQDLSKQDKQETDVDEDPQASTSLQFSKKNLLELCLKGMFLKLNY	131	12	157	145
3213	HUMAN06164	Q86W92	175	204	EISNLKLKLTAVEKDRLDYEDKFRDTEGLI	29	270	301	31
3214	HUMAN06164	Q86W92	1	46	MMSDASDMLAAALEQMDGIIAGSKALEYSNGIFDCQSPTSPFMGSL	45	13	115	102
3216	HUMAN06164	Q86W92	904	1011	KLAFSNFGNLRKKKQEDGEEYVCPMELGQASGSASKKGFKPGLDMRLYEEDDLDRLEQMEDSEGTVRQIGAFSEGINNLTHMLKEDDMFKDFAARSPSASITDEDSNV	107	1168	1292	124
3217	HUMAN06167	P82673	1	63	MAAAALPAWLSLQSRARTLRAFSTAVYSATPVPTPSLPERTPGNERPPRRKALPPRTEKMAVD	62	41	209	168
3219	HUMAN06173	Q7Z6B0	1	147	MDDDDFGGFEAAETFDGGSGETQTTSPAIPWAAFPAVSGVHLSPSSPEIVLDRDHSSSIGCLSSDAIISSPENTHAANSIVSQTIPKAQIQQSTHTHLDISLFPLGLTDEKSNGTIALVDDSEDPGANVSNIQLQQKISSLEIKLKV	146	20	245	225
3220	HUMAN06184	O15397	883	944	NREDRSKAEKADMEENEEISSDEEETNVTAQAMQSNNGRGEDEEEEDDDWDEEVLEETALEG	61	1392	1570	178
3221	HUMAN06189	Q6IMN6	65	115	FGYQSPSGHSEEEREGNMKSAKPQVNHSQHGESQRALSPLQSTLSSAASPS	50	196	249	53
3222	HUMAN06196	Q9NP50	82	155	AGPSLKTTLKPKKVKTLSGNRIKSNQISKLQKEFKRHNSDAHSTTSSASPAQSPCYSNQSDDGSDTEMASGSNR	73	163	285	122
3225	HUMAN06215	Q99959	629	667	NIYIQNRNIQTDNNKSIGCFGSRSRKVKEQYQDVPMPEE	38	946	987	41
3226	HUMAN06217	Q6XYQ8	86	228	SKPVTSNITTLPQSISSAPTEVFETEEKKEIKENEKPAVKAIEPAIKISHTSPDIPAEVQTALKEHLIKHARVQRQITEPTSSTRHSSFRRHLPRQMQVSSVDFSMGTEPVLQRGETTTSIGRIKPELYKQKSVDSEGNQNED	142	168	367	199
3228	HUMAN06222	Q7Z4S6	404	478	KTGKRIIDEEGVESINDMFHENAMLQTENNNLRVRIKAMQETVDALRSRITQLVSDQANHVLARAGEGNEEISNM	74	854	989	135
3230	HUMAN06223	Q9UBJ2	46	76	QSGHGKKKAAAYPAAENTEILHCTETICEKP	30	383	459	76
3232	HUMAN06226	Q96QE2	1	75	MSRKASENVEYTLRSLSSLMGERRRKQPEPDAASAAGECSLLAAAESSTSLQSAGAGGGGVGDLERAARRQFQQD	74	60	203	143
3233	HUMAN06231	Q6ZMN7	318	373	RPAYGMASEVQLMNASTQTDITFEHIMALAKLRPPTPPVPDICPFLLSDSCHSLHP	55	576	746	170
3235	HUMAN06232	Q4G148	1	77	MRRYLRVVVLCVACGFCSLLYAFSQLAVSLEEGTGGGGGKPQAAVASWLAGGGRGAVRGAGVAGPAAHPGVSDRCKD	76	78	270	192
3237	HUMAN06243	P59510	193	252	SFLQTLKYCSVSESQIKETSLPFHTYSNMNEDLNVMKERVLGHTSKNVPLKDERRHSRKK	59	597	730	133
3238	HUMAN06245	Q9H0K6	43	128	GQLVNKTIDEPIFKISEIQLEPNNFPKKPKLDLQNLSLEDGRNQEVHTLIKYTDGDQNHQSGSEKEDTIVDGTSKCEEKADVLSSF	85	206	328	122
3239	HUMAN06246	Q9NWZ3	103	162	DAVPKTANTLPSKEAITVQQKQMPFCDKDRTLMTPVQNLEQSYMPPDSSSPENKSLEVSD	59	290	417	127
3240	HUMAN06251	Q9H0C3	419	514	KNEPRMENQDKTYTRMKRKSPSEHSKDMGITRENTQASVEDPLNDPSLVCIRSDFNEIVYKSSHLTSENLSSQLNESTSATEADQDPTTSKSTPTN	95	469	576	107
3241	HUMAN06255	Q6ZNG2	126	187	DCTFQPSAPAPSKPFLLSTPPFYSACCGGSCRRPASSTAFPREESMLPLLTQDSNSKARRGI	61	214	278	64
3242	HUMAN06255	Q6ZNG2	1	99	MLPSAVAAHAGAYWDVVASSALLNLPAAPGFGNLGKSFLIENLLRVGGAPTPRLQPPAPHDPATALATAGAQLRPLPASPVPLKLCPAAEQVSPAGAPY	98	63	180	117
3243	HUMAN06255	Q6ZNG2	239	339	MKWRNSKEKEVLSNRCIQEVGLQEDPLSRSALGFPSPCPSIWDVPQQHSSPRWRENSPEPSERLIQESSGAPPPEANSLQGALYLCSEEEAGSKGVLTGAV	100	329	451	122
3244	HUMAN06258	Q68CP9	1693	1743	KDALLAGLKQDEPGQAGSQKSSTKQPTVGGTSSTPRAQKAIVNHPSAALMA	50	4450	4561	111
3246	HUMAN06259	Q99590	1	36	MKKKTVCTLNMGDKKYEDMEGEENGDNTISTGLLYS	35	28	65	37
3248	HUMAN06264	Q96QD8	1	70	MKKAEMGRFSISPDEDSSSYSSNSDFNYSYPTKQAALKSHYADVDPENQNFLLESNLGKKKYETEFHPGT	69	76	242	166
3249	HUMAN06265	Q969I6	1	76	MDPMELRNVNIEPDDESSSGESAPDSYIGIGNSEKAAMSSQFANEDTESQKFLTNGFLGKKKLADYADEHHPGTTS	75	97	225	128
3250	HUMAN06267	Q86SJ2	1	31	MSLRVHTLPTLLGAVVRPGCRELLCLLMITV	30	13	55	42
3251	HUMAN06267	Q86SJ2	428	522	TKRQKNMLHQSNAHSSILSPGPASDASADERKAGAGKRVVFLEPLKDTAAGQNGKVRLFPSEAVIAEGILKSTRGKSDSDSVNSVFSDTPFVAST	94	500	696	196
3252	HUMAN06268	Q96HM7	261	323	PVGEWIKKKKPGPRVEGPPQANRNHPALPLSPPLPSPTYRPLLGFPPQRLPLLPLLSPQPPPP	62	466	546	80
3253	HUMAN06268	Q96HM7	341	432	CFSSDHTFQSDQFYCHSDVPSSAHAGFFVEDNFMVGPQLPMPFFPTPRYQRPAPVVHRGFGRYRPRGPYTPWGQRPRPSKRRAPANPEPRPQ	91	564	675	111
3254	HUMAN06269	Q9H6T3	1	87	MTSANKAIELQLQVKQNAEELQDFMRDLENWEKDIKQKDMELRRQNGVPEENLPPIRNGNFRKKKKGKAKESSKKTREENTKNRIKS	86	70	195	125
3255	HUMAN06269	Q9H6T3	251	281	KENSYPKEADIVIKSTEGERKQIEAQQNKQQ	30	449	487	38
3257	HUMAN06269	Q9H6T3	98	127	VDRILDELDKDDSTHESLSQESESEEDGIH	29	206	272	66
3258	HUMAN06270	P21128	46	94	WHGNCCEDYEHLCTEDHKESEPLPQLEEETEEALASNLYSAPTSCQGRC	48	182	261	79
3259	HUMAN06271	O95398	860	892	PVPLSPLRSRVSHLHEDSQVARISTCSEQSLST	32	1428	1463	35
3260	HUMAN06278	Q9BVX2	1	32	MGSQHSAAARPSSCRRKQEDDRDGLLAEREQE	31	3	51	48
3261	HUMAN06281	P02458	1	61	MIRLGAPQTLVLLTLLVAAVLRCQGQDVQEAGSCVQDGQRYNDKDVWKPEPCRICVCDTGT	60	4	197	193
3264	HUMAN06294	Q52MB2	66	171	DEQASHIQVLSDDVCANQRAIVSMCQIMTTAPRQGGLGVVGGKGSFQSDPQEPETPSPGIGDSGLLGRDPEDEEEEEEEKEMPSPATPSSHCERPESPCAGLLGGD	105	74	185	111
3265	HUMAN06296	Q75WM6	1	62	MEQALTGEAQSRWPRRGGSGAMAEAPGPSGESRGHSATQLPAEKTVGGPSRGCSSSVLRVSQ	61	0	78	78
3266	HUMAN06296	Q75WM6	71	255	HKGLTLAALKKELRNAGYEVRRKSGRHEAPRGQAKATLLRVSGSDAAGYFRVWKVPKPRRKPGRARQEEGTRAPWRTPAAPRSSRRRRQPLRKAARKAREVWRRNARAKAKANARARRTRRARPRAKEPPCARAKEEAGATAADEGRGQAVKEDTTPRSGKDKRRSSKPREEKQEPKKPAQRTIQ	184	86	280	194
3267	HUMAN06300	Q6X4T0	1	34	MAQHPCQDQEQKVEMTSKQQRSTSIEETMRPQEK	33	0	34	34
3268	HUMAN06300	Q6X4T0	60	127	DARIRGMSNCSMTPMTSAPRTGSIRPPDSLMTPKLRRLQFSSGEQPSGGRIHNLKTQLFSQSAYYPGP	67	59	143	84
3269	HUMAN06302	Q8NH09	302	359	RDSSHLPQLHKGQARWKRPAFTEGRREPGHPELSIPVTPQPQGACACSALRAAPTALP	57	305	369	64
3271	HUMAN06306	A0A1B0GTD5	1	48	MAFFNLYLLGYQNSFQNKKRNTTEETNQKEPEPTRLPPIISKDGNYSV	47	0	88	88
3273	HUMAN06308	O43306	558	619	KRKEEKAMLAKLQRTRANSMEGLMPRWVPDRAFSRTKDSKAFRQMGIDDSSKDNRGTQDALN	61	1064	1186	122
3274	HUMAN06311	P54284	123	176	RLESIRLKQEQKARRSGNPSSLSDIGNRRSPPPSLAKQKQKQAEHVPPYDVVPS	53	253	473	220
3275	HUMAN06311	P54284	1	38	MYDDSYVPGFEDSEAGSADSYTSRPSLDSDVSLEEDRE	37	53	165	112
3276	HUMAN06311	P54284	364	484	APGPGLLGPPSAIPGLQNQQLLGERGEEHSPLERDSLMPSDEASESSRQAWTGSSQRSSRHLEEDYADAYQDLYQPHRQHTSGLPSANGHDPQDRLLAQDSEHNHSDRNWQRNRPWPKDSY	120	703	873	170
3278	HUMAN06317	Q92730	191	232	PSPLPQKSPVRSLSKRLLHLPSRSELISSTFKKEKAKSCSIM	41	347	390	43
3279	HUMAN06321	Q9NYL4	1	32	MTLRPSLLPLHLLLLLLLSAAVCRAEAGLETE	31	31	105	74
3280	HUMAN06328	O00744	152	190	GEQDRLRAKLLQLQALSRGKSFPHSLPSPGPGSSPSPGP	38	211	292	81
3282	HUMAN06335	O14686	1	61	MDSQKLAGEDKDSEPAADGPAASEDPSATESDLPNPHVGEVSVLSSGSPRLQETPQDCSGG	60	0	65	65
3284	HUMAN06335	O14686	4725	4758	LGSGRWEQEDRALSPVIPLIPRASIPVFPDTKPY	33	7366	7440	74
3285	HUMAN06335	O14686	4908	4975	APPPEEPSPPPSPLAPSPASPPTEPLVELPTEPLAEPPVPSPLPLASSPESARPKPRARPPEEGEDSR	67	7737	7934	197
3286	HUMAN06338	O43323	1	61	MALLTNLLPLCCLALLALPAQSCGPGRGPVGRRRYARKQLVPLLYKQFVPGVPERTLGASG	60	5	158	153
3287	HUMAN06351	P41219	1	86	MSHHPSGLRAGFSSTSYRRTFGPPPSLSPGAFSYSSSSRFSSSRLLGSASPSSSVRLGSFRSPRAGAGALLRLPSERLDFSMAEAL	85	27	128	101
3288	HUMAN06356	Q86Z23	1	105	MVLLLLVAIPLLVHSSRGPAHYEMLGRCRMVCDPHGPRGPGPDGAPASVPPFPPGAKGEVGRRGKAGLRGPPGPPGPRGPPGEPGRPGPPGPPGPGPGGVAPAAG	104	34	166	132
3290	HUMAN06358	Q86XZ4	84	244	TGKKKNKKKKNKPKPAAEPSNGIPDSSKSVSIQEEQSAPSSEKGGMNGYHVNGAINDTESVDSLSEGLETLSIDARELEDPESAMLDTLDRTGSMLQNGVSDFETKSLTMHSIHNSQQPRNAAKSLSRPTTETQFSNMGMEDVPLATSKKLSSNIEKSVKD	160	102	334	232
3291	HUMAN06361	Q9ULD8	135	194	ETKNRGGPDRWKETGGGRRRYGRARSKGFNANRRRSRAVLYHLSGHLQKQPKGKHKLNKG	59	172	233	61
3294	HUMAN06368	Q8IYM0	804	850	SPKPKKCKLPAASPRHIRPSGPTYKQPFLSRHRACVPLQMARQQGKQ	46	897	954	57
3295	HUMAN06369	Q8IVF7	159	220	SGDDGAFDKLRSWSRSIEDLQPPSALSAPFTNSLARSARQSVLRYSTLPGRRALKNSRLVSQ	61	206	300	94
3297	HUMAN06369	Q8IVF7	939	989	EEVMREKQLAQEAKKLDAKTPSQRNKWQQQELIAELRRRQAKEHRPVYEGK	50	1439	1508	69
3298	HUMAN06374	Q9BWQ8	1	85	MTQGKLSVANKAPGTEGQQQVHGEKKEAPAVPSAPPSYEEATSGEGMKAGAFPPAPTAVPLHPSWAYVDPSSSSSYDNGFPTGDH	84	4	227	223
3299	HUMAN06376	P41181	240	271	LEPDTDWEEREVRRRQSVELHSPQSLPRGTKA	31	570	624	54
3300	HUMAN06379	Q13520	252	282	TVEVGTGAGAGAEPLKKESQPGSGAVEMESV	30	517	606	89
3302	HUMAN06382	Q9H0H5	548	632	ENIDPLHVIENSNAFSTPQTPDIKVSLLGPVTTPEHQLLKTPSSSSLSQRVRSTLTKNTPRFGSKSKSATNLGRQGNFFASPMLK	84	1201	1397	196
3304	HUMAN06392	Q8N5B7	343	392	KVSKDDRSDVESSSEEEDVTTCTKSPCDSSSSNGANRVNGHMGGSYWAEE	49	593	718	125
3305	HUMAN06399	A6NE01	185	239	DEKKKQKKKILSRGTLWKSWKERVIKRPSTARALRPDQMISDQLATNTKVSEIQG	54	201	256	55
3307	HUMAN06406	Q86WS5	1	63	MRLGLLSVALLFVGSSHLYSDHYSPSGRHRLGPSPEPAASSQQAEAVRKRLRRRREGGAHAED	62	26	109	83
3308	HUMAN06413	Q6P1Q0	1	73	MALSRVCWARSAVWGSAVTPGHFVTRRLQLGRSGLAWGAPRSSKLHLSPKADVKNLMSYVVTKTKAINGKYHR	72	40	270	230
3309	HUMAN06414	Q9H175	114	168	QEVNHREILREHLKEEKLHAKKMKLTKNGTVESVEADGLTLDDVSDEDIDVENVE	54	160	215	55
3310	HUMAN06414	Q9H175	1	63	MDAFTGSGLKRKFDDVDVGSSVSNSDDEISSSDSADSCDSLNPPTTASFTPTSILKRQKQLRR	62	32	110	78
3311	HUMAN06414	Q9H175	281	371	KRQVSRPAAPDEEPSPTASCSLTGAQGSETQDFQEFIAENETAVMHLQSAEELERLKAEEDSSGSSASLDSSIESLGVCILEEPLAVPEEL	90	327	462	135
3312	HUMAN06414	Q9H175	425	543	RPVLGVKGEPGTEEGSASFPKEKDLNVFSLPVTSLVACSSTDPAALCKSEVGKTPTLEALLPEDCNPEEPENEDFHPSWSPSSLPFRTDNEEGCGMVKTSQQNEDRPPEDSSLELPLAV	118	520	725	205
3313	HUMAN06415	Q12800	1	61	MAWALKLPLADEVIESGLVQDFDASLSGIGQELGAGAYSMSDVLALPIFKQEESSLPPDNE	60	195	379	184
3315	HUMAN06420	Q0VAQ4	1	97	MTSLLTTPSPREELMTTPILQPTEALSPEDGASTALIAVVITVVFLTLLSVVILIFFYLYKNKGSYVTYEPTEGEPSAIVQMESDLAKGSEKEEYFI	96	39	139	100
3316	HUMAN06425	Q8NCL4	1	88	MRLLRRRHMPLRLAMVGCAFVLFLFLLHRDVSSREEATEKPWLKSLVSRKDHVLDLMLEAMNNLRDSMPKLQIRAPEAQQTLFSINQS	87	13	107	94
3317	HUMAN06426	Q2Y0W8	1012	1046	KKKKLDDAKKKAKEEEEAEKMLEIGGDKFPLESRK	34	1659	1709	50
3318	HUMAN06426	Q2Y0W8	1	34	MPAAGSNEPDGVLSYQRPDEEAVVDQGGTSTILN	33	41	183	142
3320	HUMAN06426	Q2Y0W8	57	92	GRQSHRHHRTHGQKHRRRGRGKGASQGEEGLEALAH	35	207	254	47
3321	HUMAN06428	Q9UQD0	28	62	RIAESKLKKPPKADGSHREDDEDSKPKPNSDLEAG	34	49	117	68
3322	HUMAN06429	Q7Z3H0	323	452	ACHTLCPDHPPSLGTRSKSVPELLGTAPPPPLVPQSPPGSPQRSPWVFVPYQSPQGILSKCLQWLQPRDSTSPRPQVPKILLSKASSSSHQCQPKPSPSGHQSLALPLWRYQELRIEKRKQEEEARMAQK	129	350	518	168
3323	HUMAN06434	Q7Z6J2	196	395	ELEARLQYLKQTLYEKWGEYRSLMVQEQRLVHGLVVKDPSIYDTLESVRSCLYGAGLLPGSLPFGPLLAVPGRPRGGARRARGDADDAVYHTCFFGDSEPPALPPPPPPARAFGPGPAETPAVGPGPGPRAALSRSASVRCAGPGGGGGGGAPGALWTEAREQALCGPGLRKTKYRSFRRRLLKFIPGLNRSLEEEESQL	199	228	478	250
3324	HUMAN06434	Q7Z6J2	1	56	MTLRRLRKLQQKEEAAATPDPAARTPDSEVAPAAPVPTPGPPAAAATPGPPADELY	55	10	83	73
3325	HUMAN06439	Q6KB66	393	452	RMDSPSATVVSAVQSRCKTAASRSGLSKAPSRKKKGSKGPVIKITEMSEKYFSQESEVSE	59	621	693	72
3326	HUMAN06440	P08729	1	46	MSIHFSSPVFTSRSAAFSGRGAQVRLSSARPGGLGSSSLYGLGASR	45	18	151	133
3327	HUMAN06440	P08729	419	469	TGGSSSGGGIGLTLGGTMGSNALSFSSSAGPGLLKAYSIRTASASRRSARD	50	573	721	148
3328	HUMAN06441	O43790	433	486	GGVVCGDLCASTTAPVVSTRVSSVPSNSNVVVGTTNACAPSARVGVCGGSCKRC	53	467	551	84
3329	HUMAN06442	Q14533	445	505	SRPVTGSVCSAPCNGNVAVSTGLCAPCGQLNTTCGGGSCGVGSCGISSLGVGSCGSSCRKC	60	459	522	63
3330	HUMAN06445	Q9NSB2	1	46	MSCRSYRVSSGHRVGNFSSCSAMTPQNLNRFRANSVSCWSGPGFRG	45	0	48	48
3331	HUMAN06445	Q9NSB2	499	600	EPLVAGSTLSRGGVTFSGSSSVCATSGVLASCGPSLGGARVAPATGDLLSTGTRSGSMLISEACVPSVPCPLPTQGGFSSCSGGRSSSVRFVSTTTSCRTKY	101	529	665	136
3332	HUMAN06447	O95678	27	70	AGRSRFSSVSVARSAAGSGGLGRISSAGASFGSRSLYNLGGAKR	43	81	127	46
3333	HUMAN06447	O95678	479	551	LSSGYGSGSSIGGGNLGLGGGSGYSFTTSGGHSLGAGLGGSGFSATSNRGLGGSGSSVKFVSTTSSSQKSYTH	72	567	652	85
3334	HUMAN06448	P04259	1	69	MASTSTTIRSHSSSRRGFSANSARLPGVSRSGFSSISVSRSRGSGGLGGACGGAGFGSRSLYGLGGSKR	68	0	70	70
3335	HUMAN06448	P04259	493	564	VSSGYGGASGVGSGLGLGGGSSYSYGSGLGVGGGFSSSSGRATGGGLSSVGGGSSTIKYTTTSSSSRKSYKH	71	494	583	89
3336	HUMAN06449	P48668	1	69	MASTSTTIRSHSSSRRGFSANSARLPGVSRSGFSSISVSRSRGSGGLGGACGGAGFGSRSLYGLGGSKR	68	0	70	70
3337	HUMAN06449	P48668	493	564	ISSGYGGASGVGSGLGLGGGSSYSYGSGLGIGGGFSSSSGRAIGGGLSSVGGGSSTIKYTTTSSSSRKSYKH	71	509	595	86
3338	HUMAN06449	P48668	83	112	YGSRAGGSYGFGGAGSGFGFGGGAGIGFGL	29	83	114	31
3339	HUMAN06450	P02538	1	117	MASTSTTIRSHSSSRRGFSANSARLPGVSRSGFSSVSVSRSRGSGGLGGACGGAGFGSRSLYGLGGSKRISIGGGSCAISGGYGSRAGGSYGFGGAGSGFGFGGGAGIGFGLGGGAG	116	4	148	144
3340	HUMAN06450	P02538	493	564	VSSGYGGASGVGSGLGLGGGSSYSYGSGLGVGGGFSSSSGRAIGGGLSSVGGGSSTIKYTTTSSSSRKSYKH	71	548	716	168
3341	HUMAN06451	P13647	1	73	MSRQSSVSFRSGGSRSFSTASAITPSVSRTSFTSVSRSGGGGGGGFGRVSLAGACGVGGYGSRSLYNLGGSKR	72	68	161	93
3342	HUMAN06451	P13647	497	590	SVSSGYGSGSGYGGGLGGGLGGGLGGGLAGGSSGSYYSSSSGGVGLGGGLSVGGSGFSASSGRGLGVGFGSGGGSSSSVKFVSTTSSSRKSFKS	93	689	843	154
3343	HUMAN06452	Q3SY84	1	79	MSRQFTCKSGAAAKGGFSGCSAVLSGGSSSSFRAGSKGLSGGFGSRSLYSLGGVRSLNVASGSGKSGGYGFGRGRASGF	78	1	101	100
3344	HUMAN06452	Q3SY84	460	523	SGGSVYGFRPSMVSGGYVANSSNCISGVCSVRGGEGRSRGSANDYKDTLGKGSSLSAPSKKTSR	63	491	565	74
3345	HUMAN06454	Q14CN4	1	77	MSRQLTHFPRGERLGFSGCSAVLSGGIGSSSASFRARVKGSASFGSKSLSCLGGSRSLALSAAARRGGGRLGGFVGT	76	0	101	101
3346	HUMAN06454	Q14CN4	455	511	NAGAGGAGFSMGFGASSSYSYKTAAADVKTKGSCGSELKDPLAKTSGSSCATKKASR	56	530	596	66
3347	HUMAN06455	Q86Y46	1	45	MSRQFTYKSGAAAKGGFSGCSAVLSGGSSSSYRAGGKGLSGGFSS	44	0	54	54
3348	HUMAN06455	Q86Y46	462	540	MAGMAGTGAGFGFSNAGTYGYWPSSVSGGYSMLPGGCVTGSGNCSPRGEARTRLGSASEFRDSQGKTLALSSPTKKTMR	78	490	575	85
3351	HUMAN06457	P04264	1	61	MSRQFSSRSGYRSGGGFSSGSAGIINYQRRTTSSSTRRSGGGGGRFSSCGGGGGSFGAGGG	60	0	80	80
3352	HUMAN06457	P04264	509	644	HTTISGGGSRGGGGGGYGSGGSSYGSGGGSYGSGGGGGGGRGSYGSGGSSYGSGGGSYGSGGGGGGHGSYGSGSSSGGYRGGSGGGGGGSSGGRGSGGGSSGGSIGGRGSSSGGVKSSGGSSSVKFVSTTYSGVTR	135	582	776	194
3353	HUMAN06458	Q7Z794	1	83	MSHQFSSQSAFSSMSRRVYSTSSSAGSGGGSPAVGSVCYARGRCGGGGYGIHGRGFGSRSLYNLGGSRSISINLMGRSTSGFC	82	0	98	98
3354	HUMAN06458	Q7Z794	492	578	SQVSVNGGAGGGGSYGSGGYGGGSGGGYGGGRSYRGGGARGRSGGGYGSGCGGGGGSYGGSGRSGRGSSRVQIIQTSTNTSHRRILE	86	549	679	130
3355	HUMAN06460	Q01546	1	106	MNRQVCKKSFSGRSQGFSGRSAVVSGSSRMSCVARSGGAGGGACGFRSGAGSFGSRSLYNLGSNKSISISVAAGSSRAGGFGGGRSSCGFAGGYGGGFGGSYGGGF	105	14	143	129
3356	HUMAN06460	Q01546	512	638	VTSTSGSSGSSRGVFGGVSGSGSGGYKGGSSSSSSSGYGVSGGSGSGYGGVSSGSTGGRGSSGSYQSSSSGSRLGGAGSISVSHSGMGSSSGSIQTSGGSGYKSGGGGSTSIRFSQTTSSSQHSSTK	126	597	753	156
3357	HUMAN06461	P12035	1	143	MSRQASKTSGGGSQGFSGRSAVVSGSSRMSCVAHSGGAGGGAYGFRSGAGGFGSRSLYNLGGNKSISISVAAGGSRAGGFGGGRSSCAFAGGYGGGFGSGYGGGFGGGFGGGRGMGGGFGGAGGFGGAGGFGGAGGFGGPGGF	142	7	201	194
3358	HUMAN06461	P12035	529	628	STTSASAGGYGGGYGGGMGGGLGGGFSAGGGSGSGFGRGGGGGIGGGFGGGSSGFSGGSGFGSISGARYGVSGGGFSSASNRGGSIKFSQSSQSSQRYSR	99	618	803	185
3359	HUMAN06462	P19013	1	60	MIARQQCVRGGPRGFSCGSAIVGGGKRGAFSSVSMSGGAGRCSSGGFGSRSLYNLRGNKS	59	81	154	73
3360	HUMAN06463	Q5XKE5	1	62	MRSSVSRQTYSTKGGFSSNSASGGSGSQARTSFSSVTVSRSSGSGGGAHCGPGTGGFGSRSL	61	108	177	69
3361	HUMAN06463	Q5XKE5	474	535	TTVCGGGAASFGGGISLGGSGGATKGGFSTNVGYSTVKGGPVSAGTSILRKTTTVKTSSQRY	61	595	669	74
3362	HUMAN06465	Q8N1N4	1	50	MSLSPCRAQRGFSARSACSARSRGRSRGGFSSRGGFSSRSLNSFGGCLEG	49	38	96	58
3363	HUMAN06465	Q8N1N4	440	520	SAVMSGGVGGGLGSTCGLGSGKGSPGSCCTSIVTGGSNIILGSGKDPVLDSCSVSGSSAGSSCHTILKKTVESSLKTSITY	80	505	640	135
3364	HUMAN06469	P05783	1	33	MSFTTRSTFSTNYRSLGSVQAPSYGARPVSSAA	32	27	94	67
3365	HUMAN06469	P05783	391	430	NLGDALDSSNSMQTIQKTTTRRIVDGKVVSETNDTKVLRH	39	500	566	66
3366	HUMAN06475	O75908	1	100	MEPGGARLRLQRTEGLGGERERQPCGDGNTETHRAPDLVQWTRHMEAVKAQLLEQAQGQLRELLDRAMREAIQSYPSQDKPLPPPPPGSLSRTQEPSLGK	99	95	293	198
3367	HUMAN06478	P26010	1	30	MVALPMVLVLLLVLSRGESELDAKIPSTGD	29	70	103	33
3368	HUMAN06479	P13631	1	85	MATNKERLFAAGALGPGSGYPGAGFPFAFPGALRGSPPFEMLSPSFRGLGQPDLPKEMASLSVETQSTSSEEMVPSSPSPPPPPR	84	99	193	94
3369	HUMAN06479	P13631	421	454	MFEDDSSQPGPHPNASSEDEVPGGQGKGGLKSPA	33	591	641	50
3371	HUMAN06483	Q14674	1504	1570	ILRGSDGEDSASGGKTPAPGPEAASGEWELLRLDSSKKKLPSPCPDKESDKDLGPRLRLPSAPVATG	66	2047	2150	103
3372	HUMAN06487	Q9HB07	1	43	MGHQFLRGLLTLLLPPPPLYTRHRMLGPESVPPPKRSRSKLMA	42	81	313	232
3373	HUMAN06488	Q9NRG9	496	546	PVLGRAQEPPAGGGGSIHDLPLFTETSPTSAPWDPLPGPPPVLPHSPHSHL	50	978	1035	57
3375	HUMAN06490	P08047	1	100	MSDQDHSMDEMTAVVKIEKGVGGNNGGNGNGGGAFSQARSSSTGSSSSTGGGGQESQPSPLALLAATCSRIESPNENSNNSQGPSQSGGTGELDLTATQL	99	0	131	131
3376	HUMAN06490	P08047	275	448	ATLTPSSQAVTISSSGSQESGSQPVTSGTTISSASLVSSQASSSSFFTNANSYSTTTTTSNMGIMNFTTSGSSGTNSQGQTPQRVSGLQGSDALNIQQNQTSGGSLQAGQQKEGEQNQQTQQQQILIQPQLVQGGQALQALQAAPLSGQTFTTQAISQETLQNLQLQAVPNSGP	173	344	546	202
3377	HUMAN06490	P08047	565	597	LGLHGAGGDGIHDDTAGGEEGENSPDAQPQAGR	32	712	788	76
3378	HUMAN06491	Q16671	126	192	PGSPGTPGSQGPQAAPGESIWMALVLLGLFLLLLLLLGSIILALLQRKNYRVRGEPVPEPRPDSGRD	66	201	286	85
3379	HUMAN06491	Q16671	512	573	QESHPFPESCPRGCPPLCPEDCTSIPAPTILPCRPQRSACHFSVQQGPCSRNPQPACTLSPV	61	663	736	73
3380	HUMAN06499	Q15633	100	156	MLEPALEDSSSFSPLDSSLPEDIPVFTAAAAATPVPSVVLTRSPPMELQPPVSPQQS	56	341	422	81
3381	HUMAN06499	Q15633	230	260	LDARDGNEVEPDDDHFSIGVGSRLDGLRNRG	30	512	570	58
3382	HUMAN06502	O15130	1	47	MDSRQAAALLVLLLLIDGGCAEGPGGQQEDQLSAEEDSEPLPPQDAQ	46	0	89	89
3383	HUMAN06502	O15130	62	113	RPGRSQAFLFQPQRFGRNTQGSWRNEWLSPRAGEGLNSQFWSLAAPQRFGKK	51	103	155	52
3385	HUMAN06507	Q9P1Z2	496	571	LLEYMRKLEARLEKVADEKWNEDATTEDEEAAVGLSCPAALTDSEDESPEDMRLPPYGLCERGDPGSSPAGPREAS	75	765	877	112
3386	HUMAN06507	Q9P1Z2	581	617	PISPHLSGPAEDSSSDSEAEDEKSVLMAAVQSGGEEA	36	897	940	43
3390	HUMAN06515	P09630	193	235	RMKWKKESNLTSTLSGGGGGATADSLGGKEEKREETEEEKQKE	42	214	260	46
3391	HUMAN06516	P31274	1	201	MSATGPISNYYVDSLISHDNEDLLASRFPATGAHPAAARPSGLVPDCSDFPSCSFAPKPAVFSTSWAPVPSQSSVVYHPYGPQPHLGADTRYMRTWLEPLSGAVSFPSFPAGGRHYALKPDAYPGRRADCGPGEGRSYPDYMYGSPGELRDRAPQTLPSPEADALAGSKHKEEKADLDPSNPVANWIHARSTRKKRCPYTK	200	17	227	210
3392	HUMAN06518	P09017	207	264	RRMKWKKDHRLPNTKVRSAPPAGAAPSTLSAATPGTSEDHSQSATPPEQQRAEDITRL	57	327	424	97
3393	HUMAN06524	P45973	72	118	KMKEGENNKPREKSESNKRKSNFSNSADDIKSKKKREQSNDIARGFE	46	135	199	64
3396	HUMAN06531	Q9NQS5	211	312	ALDQYKLRQASIHSNHVARTDEAMPGRFQELDSRLASGGPSEGISSEPVSAATTQTLEGDSSEVGDQINSKRAKQMAEKSPPEASAKAQPIKGARRAPDSSS	101	335	467	132
3397	HUMAN06532	Q96PM9	270	315	VNSEVQLKQHISSRRHRDGVAGKPNPLLSRHKKSRGAGELAGTLTF	45	427	474	47
3398	HUMAN06536	P55160	639	671	AKNKKTRKQRQTPRKGEPERDKPGAESHRKNRS	32	864	906	42
3399	HUMAN06537	Q01064	445	477	QPLADEDSKSKNQPSFQWRQPSLDVEVGDPNPD	32	577	635	58
3400	HUMAN06537	Q01064	499	536	RAASGITNQMSIDELSPCEEEAPPSPAEDEHNQNGNLD	37	656	695	39
3401	HUMAN06542	Q9GZZ8	1	109	MKFTTLLFLAAVAGALVYAEDASSDSTGADPAQEAGTSKPNEEISGPAEPASPPETTTTAQETSAAAVQGTAKVTSSRQELNPLKSIVEKSILLTEQALAKAGKGMHGG	108	0	110	110
3402	HUMAN06546	Q96DR8	1	71	MKFLAVLVLLGVSIFLVSAQNPTTAAPADTYPATGPADDEAPDAETTAAATTATTAAPTTATTAASTTARK	70	0	92	92
3404	HUMAN06551	Q9HD90	148	298	TPEGKGFVEMLCKGLSQPTSNLVAGCLQLGPQSVLLEKHEDKSPICDSAISVHNFNYQSPGLPSPPYGHMETHLLHLKPQVFKSLGESSFGSHLPDCSTPPYEGPLTPPLSISGNFSLKQDGSPDLEKSYSFMPHYPSSSLSSGHVHSTPF	150	209	396	187
3405	HUMAN06551	Q9HD90	1	99	MSKTFVKSKEMGELVNTPSWMDKGLGSQNEVKEEESRPGTYGMLSSLTEEHDSIEEEEEEEEDGEKPKRRGPKKKKMTKARLERFRARRVKANARERTR	98	34	161	127
3406	HUMAN06568	Q13683	950	984	VDSRDRRRRELEPPEQQEPGERQEPSMSWWPVSSA	34	1647	1829	182
3407	HUMAN06573	P78537	1	41	MAPGSRGERSSFRSRRGPGVPSPQPDVTMLSRLLKEHQAKQ	40	20	84	64
3408	HUMAN06577	O95390	1	61	MVLAAPLLLGFLLLALELRPRGEAAEGPAAAAAAAAAAAAAGVGGERSSRPAPSVAPEPDG	60	0	173	173
3410	HUMAN06583	Q6Y2X3	654	702	PPGQMPNGNFFAAPQPAPGAAAASKPNSTVPKGEAKPKRRKKVRRPFQR	48	811	865	54
3411	HUMAN06584	Q99542	475	508	RTIDTTPSGGNTTPSGTGITLDTTLSATETTFEY	33	902	981	79
3413	HUMAN06594	P40967	1	37	MDLVLKRCLLHLAVIGALLAVGATKVPRNQDWLGVSR	36	63	129	66
3415	HUMAN06594	P40967	423	453	WVETTARELPIPEPEGPDASSIMSTESITGS	30	959	1056	97
3416	HUMAN06597	P61020	184	215	SEPQNLGGAAGRSRGVDLHEQSQQNKSQCCSN	31	505	580	75
3417	HUMAN06601	P62854	86	115	NRSREARKDRTPPPRFRPAGAAPRPPPKPM	29	202	352	150
3419	HUMAN06605	Q9UQ80	361	394	SASRKTQKKKKKKASKTAENATSGETLEENEAGD	33	524	559	35
3420	HUMAN06608	Q9BSJ8	1	62	MERSPGEGPSPSPMDQPSAPSDPTDQPPAAHAKPDPGSGGQPAGPGAAGEALAVLTSFGRRL	61	195	280	85
3421	HUMAN06609	P14649	1	53	MPPKKDVPVKKPAGPSISKPAAKPAAAGAPPAKTKAEPAVPQAPQKTQEPPVD	52	58	171	113
3422	HUMAN06616	Q9BQ15	104	211	EVPNFSEPNPEYSTQQAPNKAVQNDSNPSASQPTTGPSAASPASENQNGNGLSAPPGPGGGPHPPHTPSHPPSTRITRSQPNHTPAGPPGPSSNPVSNGKETRRSSKR	107	152	287	135
3423	HUMAN06617	Q6ZMH5	1	32	MMGSPVSHLLAGFCVWVVLGWVGGSVPNLGPA	31	8	88	80
3424	HUMAN06617	Q6ZMH5	308	379	LRHRGLRPRCCRRKRRNLETRNLDPENGSGMALQPLQAAPEPGAQGQREKNSQHPPALAPPGHQGHSHGHQG	71	546	760	214
3425	HUMAN06617	Q6ZMH5	70	153	VQGLRLGQHGPLTGRAASPAADNSTHRPQNPELSVDVWAGMPLGPSGWGDLEESKAPHLPRGPAPSGLDLLHRLLLLDHSLADH	83	125	313	188
3426	HUMAN06623	F8W031	168	204	TDGGTSKNRDRKGKMDVTNSAEKSRRSPAMALLTAAA	36	258	295	37
3427	HUMAN06627	P52630	702	801	QVDELQQPLELKPEPELESLELELGLVPEPELSLDLEPLLKAGLDLGPELESVLESTLEPVIEPTLCMVSQTVPEPDQGPVSQPVPEPDLPCDLRHLNTE	99	879	1102	223
3429	HUMAN06629	Q9UNS1	529	574	QKKRRKKKKKVLDQAIVSGNVPSSPEEVEAVWPALAEQLQCCAQNS	45	865	982	117
3430	HUMAN06629	Q9UNS1	939	998	ERRELYKKRQKKLASSILPNGAESLKDFCQEDLEEEENLPEEDSEEEEEGGSEAEQVQGS	59	2001	2186	185
3431	HUMAN06632	Q9UI32	1	68	MRSMKALQKALSRAGSHCGRGGWGHPSRSPLLGGGVRHHLSEAAAQGRETPHSHQPQHQDHDSSESGM	67	10	139	129
3432	HUMAN06633	Q15434	1	53	MLLSVTSRPGISTFGYNRNNKKPYVSLAQQMAPPSPSNSTPNSSSGSNGNDQL	52	13	95	82
3433	HUMAN06633	Q15434	353	407	GTYMPTAAAMQGAYISQYTPVPSSSVSVEESSGQQNQVAVDAPSEHGVYSFQFNK	54	419	545	126
3434	HUMAN06636	Q9UIF9	1013	1084	LRRLKTVLAKRTGRSEVEMEGPEECLGRRRSSRIMEETSGMEEEEEEESIAAVPGRRGRRDGEVDATASSIP	71	1876	2079	203
3436	HUMAN06636	Q9UIF9	1543	1589	PDSTREDLAYCEHLSDSQEDITWRGRGREGLAPQRKTTNPLDLAVMR	46	2720	2775	55
3437	HUMAN06636	Q9UIF9	1601	1634	YLREPLWPTHEVVLEKALLSTPNGAPEGTTTEIS	33	2786	2868	82
3438	HUMAN06636	Q9UIF9	1729	1796	EGEFTQKPGFPKRGQKRKSGYSLNFSEGDGRRRRVLLRGRESPAAGPRYSEEGLSPSKRRRLSMRNHH	67	2965	3176	211
3440	HUMAN06636	Q9UIF9	651	816	KRGRPRNTEKAKTKEVPKVKRGRGRPPKVKITELLNKTDNRPLKKLEAQETLNEEDKAKIAKSKKKMRQKVQRGECQTTIQGQARNKRKQETKSLKQKEAKKKSKAEKEKGKTKQEKLKEKVKREKKEKVKMKEKEEVTKAKPACKADKTLATQRRLEERQRQQMI	165	1378	1606	228
3441	HUMAN06637	P06576	1	59	MLGFVGRVAAAPASGALRRLTPSASLPPAQLLLRAAPTAVHPVRDYAAQTSPSPKAGAA	58	209	458	249
3442	HUMAN06639	E9PAV3	1988	2046	EAKIEDLSQQAQLAAAEKFKVQGEAVSNIQENTQTPTVQEESEEEEVDETGVEVKDIEL	58	3668	3779	111
3444	HUMAN06645	O15218	342	404	DQTKAGTCASSSSCSTQHSIIITKGDSQPAAAAPHPEPSLSFQAHHLLPNTSPISPTQPLTPS	62	460	548	88
3446	HUMAN06651	O14524	382	444	SPKRFADFVEGSSHLTPNEVSVHEQEYGLGSIIAQDEIYEEASSEEEDSYSRCPAITQNNFLT	62	461	542	81
3447	HUMAN06652	Q15742	1	35	MHRAPSPTAEQPPGGGDSARRTLQPRLKPSARAMA	34	0	37	37
3448	HUMAN06652	Q15742	354	525	STYLSSLKGSRLHPEELGGPPLKKLKQEVGEQSHPEIQQPPPGPESYVPPYRPSLEEDSASLSGESLDGHLQAVGSCPRLTPPPADLPLALPAHGLWSRHILQQTLMDEGLRLARLVSHDRVGRLSPCVPAKPPLAEFEEGLLDRCPAPGPHPALVEGRRSSVKVEAEASRQ	171	412	658	246
3450	HUMAN06653	P42226	653	745	DQPLPTPELQMPTMVPSYDLGMAPDSSMSMQLGPDMVPQVYPPHSHSIPPYQGLSPEESVNVLSAFQEPHLQMPPSLGQMSLPFDQPHPQGLL	92	755	953	198
3451	HUMAN06653	P42226	810	846	QGESGGGSLGAQPLLQPSHYGQSGISMSHMDLRANPS	36	1027	1069	42
3452	HUMAN06655	O95158	170	228	GPVPHPLQSTLALEGVLPGLGPPLGMAAAAAGPGLGGSLGGALAGPLGGALGVPGAKES	58	252	328	76
3453	HUMAN06655	O95158	20	58	AVSAQIPESGRPQYLGLRPAAAGAGAPGQQLPEPRSSDG	38	54	131	77
3454	HUMAN06657	P34897	1	46	MLYFSLFWAARPLQRCGQLVRMAIRAQHSNAAQTQTGEANRGWTGQ	45	174	343	169
3456	HUMAN06675	Q12840	371	439	RNGENVPETERLAGEEAALGAELCEETPVNDNSSIVVRIAPEERQKYEEEIRRLYKQLDDKDDEINQQS	68	436	561	125
3459	HUMAN06676	Q8TBX8	294	346	SEPEEEAPVREDESEVDGDCSLTGPPALVGSYGTSPEGIGGYIHSHRPLGPGE	52	709	780	71
3461	HUMAN06693	Q86YJ5	22	105	GRPRAEPQPRGGRGGGCGWAPFAGCSTRDGDGDEEEYYGSEPRARGLAGDKEPRAGPLPPPAPPLPPPGALDALSLSSSLDSGL	83	47	175	128
3462	HUMAN06693	Q86YJ5	267	306	TKDIGGDAGGGTAGKSGPRNSRTGPTSGATSRPPAAQRMR	39	337	407	70
3463	HUMAN06709	O14595	1	34	MEHGSIITQARREDALVLTKQGLVSKSSPKKPRG	33	3	42	39
3464	HUMAN06710	Q9Y6H3	1	41	MAGAPDERRRGPAAGEQLQQQHVSCQVFPERLAQGNPQQGF	40	45	217	172
3466	HUMAN06713	O60669	432	478	LAKERKEENARQKTRESEPLSKSKHSEDVNVKVSNAQSVTSERETNI	46	759	855	96
3467	HUMAN06718	Q8N3H0	1	35	MSKRYLQKATKGKLLIIIFIVTLWGKVVSSANHHK	34	51	101	50
3468	HUMAN06720	Q9Y4E8	226	263	TPKSPGASNFSTLPKISPSSLSNNYNNMNNRNVKNSNY	37	762	839	77
3469	HUMAN06720	Q9Y4E8	621	707	STETEETEGSLHCCKDQNINGNGPNGIHEEGSPSEMETDEPDDESSQDQELPSENENSQSEDSVGGDNDSENGLCTEDTCKGQLTGH	86	1464	1706	242
3471	HUMAN06723	Q7Z3U7	509	542	ELETECQTTTEEGSSPTQSTEQQDLQSTSDQMDK	33	1551	1646	95
3472	HUMAN06723	Q7Z3U7	626	666	TAATLSNKSYSVQGQSVMMISPSSESHQQVVAVGQPLAVQP	40	1776	2022	246
3473	HUMAN06725	Q9ULR3	106	138	KAGAVTSTPNRNSSKRRSSLPNGEGLQLKENSE	32	254	320	66
3474	HUMAN06725	Q9ULR3	190	232	TCLGEEPENTPANSRTLTRAASLRGGVGAPGSPSTPPTRFFTE	42	394	455	61
3475	HUMAN06725	Q9ULR3	1	35	MLTRVKSAVANFMGGIMAGSSGSEHGGGSCGGSDL	34	92	180	88
3476	HUMAN06726	P37288	1	45	MRLSAGPDAGPSGNSSPWWPLATGAGNTSREAEALGEGNGPPRDV	44	3	141	138
3477	HUMAN06726	P37288	249	285	GKTASRQSKGAEQAGVAFQKGFLLAPCVSSVKSISRA	36	367	460	93
3478	HUMAN06726	P37288	369	418	MKEKFNKEDTDSMSRRQTFYSNNRSPTNSTGMWKDSPKSSKSIKFIPVST	49	565	680	115
3479	HUMAN06727	Q6NUT2	1	85	MRKQGVSSKRLQSSGRSQSKGRRGASLAREPEVEEEMEKSALGGGKLPRGSWRSSPGRIQSLKERKGLELEVVAKTFLLGPFQFV	84	125	245	120
3480	HUMAN06730	Q9Y2B1	33	93	RQAPAGSPRGLRKGAAPARERRGREQSTLESEEWNPWEGDEKNEQQHRFKTSLQILDKSTK	60	114	247	133
3481	HUMAN06732	Q7Z6B7	178	222	AESKLKEAEKQEEKQIGRSGDPVFHIRLEERHQRRSSVKKIEKMK	44	320	370	50
3482	HUMAN06732	Q7Z6B7	404	438	HSRSTESVKSTVSETYLSKPSIAKRRANQQETEQF	34	602	637	35
3483	HUMAN06732	Q7Z6B7	451	500	NLITKLQAKHDLLQRTLGEGHRAEYMTTRPPNVPPKPQKHRKSRPRSQYN	49	649	728	79
3484	HUMAN06732	Q7Z6B7	713	769	DYCDSPYSEHGTLEEVDQDAGTEPHTSEDECEPIEAIAKFDYVGRSARELSFKKGAS	56	988	1075	87
3487	HUMAN06743	Q9Y5W5	1	32	MARRSAFPAAALWLWSILLCLLALRAEAGPPQ	31	66	228	162
3488	HUMAN06743	Q9Y5W5	339	379	KRYEASLIHALRPAGAQLRQHTPSLKKAEERRDPPESNYIW	40	659	751	92
3489	HUMAN06744	Q9Y2U8	882	911	NTPLKPSNKHMNSMSHLRLRTGLTNSQGSS	29	1157	1194	37
3490	HUMAN06756	Q9BRT6	1	129	MAKSLRSKWKRKMRAEKRKKNAPKEASRLKSILKLDGDVLMKDVQEIATVVVPKPKHCQEKMQCEVKDEKDDMKMETDIKRNKKTLLDQHGQYPIWMNQRQRKRLKAKREKRKGKSKAKAVKVAKGLAW	128	21	201	180
3491	HUMAN06759	Q9Y616	105	146	YGAVLSPSEKSYQEGGFPNILFKETANVTVDNVLIPEHNEKG	41	121	190	69
3492	HUMAN06759	Q9Y616	448	596	ASLYFAEDPPTSLKSFRCPSPLFLENVPSIPVEDDESQNNNLLPSDEGLRIDRMTQKTPFECSQSEVMFLSLDKKPESKRNEEACNMPSSSCEESWFPKYIVPSQDLRPYKVNIDPSSEAPGHSCRSRPVESSCSSKFSWDEYEQYKKE	148	500	669	169
3493	HUMAN06761	Q8NG08	395	425	ENSSDDALNESKPDEVRLENPVDVVDTQDNG	30	567	637	70
3494	HUMAN06761	Q8NG08	795	825	NISGSQQNNDLDASSEDFSGTLPDFAKNKRD	30	1208	1281	73
3496	HUMAN06762	Q9Y3R0	1088	1128	ASQKSIDQQSLPGDWSEQNSAFFQQPSHGGNLETREPTNTL	40	2045	2107	62
3497	HUMAN06762	Q9Y3R0	1	43	MIAVSFKCRCQILRRLTKDESPYTKSASQTKPPDGALAVRRQS	42	66	224	158
3498	HUMAN06762	Q9Y3R0	339	462	RLALKGPDHVKIQRSDRQLTWDSWASNHSSLHTNHHYNTYHPDHCRVPALTFPKAPPPNSPPALVSSSFSPTSMSAYSLSSLNMGTLPRSLYSTSPRGTMMRRRLKKKDFKSSLSLASSTVGLA	123	611	790	179
3500	HUMAN06764	Q86VP6	310	342	NYNYDDEDEDENAMDADGGDDDDQGSDDEYSDD	32	1113	1254	141
3502	HUMAN06765	Q92630	538	601	RLPKPPTGEKTSVKRITESTGAITSISKLPPPSSSASKLRTNLAQMTDANGNIQQRTVLPKLVS	63	921	1088	167
3505	HUMAN06783	P14384	399	443	QLDSIPVSNPSCPMIPLYRNLPDHSAATKPSLFLFLVSLLHIFFK	44	928	1160	232
3507	HUMAN06790	Q8WU20	478	508	RTAAMSNLQKALPRDDGTSRKTRHNSTDLPM	30	716	747	31
3508	HUMAN06792	Q5BKY1	246	277	EPDPRKARRYALVREESQELQAPVPLLPPTNS	31	293	331	38
3511	HUMAN06799	Q96LU7	572	616	LKRLSSWKSSASEASTISKSSRAVSASSPRRAVHKKNNKVYFSGK	44	933	999	66
3512	HUMAN06799	Q96LU7	654	694	QDRRVPNLPPSNITSSQEPALLPTASSSAPNTSLVTTPASL	40	1037	1091	54
3513	HUMAN06799	Q96LU7	718	752	MKEVSSSPVQRQSEEKEFHQRRWSEDKSKSVLARN	34	1120	1166	46
3516	HUMAN06807	Q86W47	1	46	MAKLRVAYEYTEAEDKSIRLGLFLIISGVVSLFIFGFCWLSPALQD	45	0	86	86
3517	HUMAN06811	Q15256	253	337	ERFQLSLRQDKEKNQEIHLSPITLQPALSEAKTVHSMVQPEQAPKVLNVVVDPQGRGAPEIKATTATSVCPSPFKMKPIGLQERR	84	440	584	144
3518	HUMAN06811	Q15256	40	82	PVFIYKHSQDIEKSLDIAPQKIYRHSYHSSSEAQVSKRHQIVN	42	207	260	53
3519	HUMAN06813	O75473	845	895	KHPSLMSINSDDVEKQSCDSTQALVTFTSSSITYDLPPSSVPSPAYPVTES	50	1141	1212	71
3521	HUMAN06815	Q9H0W7	87	127	KSMKLKSRNLLKKNNSCSPAGPSNLKSNISSQQVLLEHSYA	40	152	222	70
3522	HUMAN06818	Q96HH6	1	35	MTDLNDNICKRYIKMITNIVILSLIICISLAFWII	34	87	165	78
3523	HUMAN06820	Q9UL25	187	225	DERAKGNGSSQPGTARRGVQIIDDEPQAQTSGGGCCSSG	38	268	427	159
3524	HUMAN06821	Q8TC07	631	691	QGSEVTTPDSDVGEDENVVMTPCPTSAFQSNALPTLSASGARNDSPTQIPVSSDVCRLTPA	60	830	900	70
3525	HUMAN06823	Q8IWU9	1	60	MQPAMMMFSSKYWARRGFSLDSAVPEEHQLLGSSTLNKPNSGKNDDKGNKGSSKREAATE	59	95	174	79
3526	HUMAN06824	Q9UKU6	1	130	MGEDDAALRAGSRGLSDPWADSVGVRPRTTERHIAVHKRLVLAFAVSLVALLAVTMLAVLLSLRFDECGASATPGADGGPSGFPERGGNGSLPGSARRNHHAGGDSWQPEAGGVASPGTTSAQPPSEEER	129	45	200	155
3527	HUMAN06826	Q96PR1	40	94	SEPPGDCLTTAGDKLQPSPPPLSPPPRAPPLSPGPGGCFEGGAGNCSSRGGRASD	54	172	241	69
3529	HUMAN06837	Q13601	1	35	MASPSLERPEKGAGKSEFRNQKPKPENQDESELLT	34	108	233	125
3531	HUMAN06838	Q8WV24	187	244	LQHQQQQQQQQQQQQQQQPGQGPAEPSQPSGPAVASLEPPVKLKELHFSNMKTVDCVE	57	203	275	72
3532	HUMAN06838	Q8WV24	1	147	MRRAPAAERLLELGFPPRCGRQEPPFPLGVTRGWGRWPIQKRREGARPVPFSERSQEDGRGPAARSSGTLWRIRTRLSLCRDPEPPPPLCLLRVSLLCALRAGGRGSRWGEDGARLLLLPPARAAGNGEAEPSGGPSYAGRMLESSG	146	0	164	164
3533	HUMAN06838	Q8WV24	269	401	DQGWNAEITLQMVQYKNRQAILAVKSTRQKQQHLVQQQPPSQPQPQPQLQPQPQPQPQPQPQPQSQPQPQPQPKPQPQQLHPYPHPHPHPHSHPHSHPHPHPHPHPHQIPHPHPQPHSQPHGHRLLRSTSNSA	132	299	468	169
3534	HUMAN06839	P55209	131	163	ECEWKPDEEDEISEELKEKAKIEDEKKDEEKED	32	380	490	110
3535	HUMAN06839	P55209	1	35	MADIDNKEQSELDQDLDDVEEVEEEETGEETKLKA	34	112	222	110
3536	HUMAN06839	P55209	348	391	EDDDDDYDEEGEEADEEGEEEGDEENDPDYDPKKDQNPAECKQQ	43	879	1035	156
3537	HUMAN06842	Q8TAM1	435	547	QTNDQNGTSSLFIYKNSGESYQAPDPGNGSIQRPYQDTVAENKDALEKTQTYLKVHSNLVIPDVELETYIPYSTPTLTPTDTFQTVETLTCLSLERNRLTDYYEPLLKNNSTA	112	624	775	151
3542	HUMAN06851	Q96AV8	1	141	MEVNCLTLKDLISPRQPRLDFAVEDGENAQKENIFVDRSRMAPKTPIKNEPIDLSKQKKFTPERNPITPVKFVDRQQAEPWTPTANLKMLISAASPDIRDREKKKGLFRPIENKDDAFTDSLQLDVVGDSAVDEFEKQRPS	140	48	196	148
3543	HUMAN06851	Q96AV8	230	284	KYEEQMAYLQQKELDLIDYKFGERKKDGDPDSQEQQLLDFSEPDCPSSSANSRKD	54	285	340	55
3546	HUMAN06852	Q8IVL0	2323	2385	SCTSTKEATTSKHIPQTDTEGDPLMNMLMKLQEAANYSSTQSCDSESTSHHEDILDSSLESTL	62	3948	4046	98
3547	HUMAN06852	Q8IVL0	35	78	QHCSSRPLELTETESSMLSCQLALKSTCEFGEKKPLQGKAKEKE	43	37	87	50
3551	HUMAN06864	P23409	146	242	DLLHRLDQQEKMQELGVDPFSYRPKQENLEGADFLRTCSSQWPSVSDHSRGLVITAKEGGASIDSSASSSLRCLSSIVDSISSEERKLPCVEEVVEK	96	200	329	129
3552	HUMAN06865	P13349	140	251	EQVENYYSLPGQSCSEPTSPTSNCSDGMPECNSPVWSRKSSTFDSIYCPDVSNVYATDKNSLSSLDCLSNIVDRITSSEQPGLPLQDLASLSPVASTDSQPATPGASSSRLI	111	219	352	133
3553	HUMAN06869	Q9H6R3	1	57	MKPSWLQCRKVTSAGGLGGPLPGSSPARGAGAALRALVVPGPRGGLGGRGCRALSSG	56	169	363	194
3556	HUMAN06874	Q8N6Q8	231	354	SRLDVNGLALKMAKERKVQNKVKNKADTEEVFNNSPTNQEKMPTSAILPDFSGSVISNIRNQMETLHSQPHQEENLCFENSFSLINLLPINAVEPTSSQQIPNRETSEANKERRKMTSKSSESN	123	614	802	188
3557	HUMAN06878	Q9H2J7	1	62	MPKNSKVVKRELDDDVTESVKDLLSNEDAADDAFKTSELIVDGQEEKDTDVEEGSEVEDERP	61	152	227	75
3558	HUMAN06878	Q9H2J7	649	707	SGNLASVTYKRGRVLKEPVNLEGDDTSLIHGKIPSEMPSPNFGKNIYRKQSGSPTLDTA	58	877	971	94
3559	HUMAN06882	Q96JM4	1223	1332	TKKDESEAQKNHLAPTNSDSTLQNGVFYSCAREGEPDSPDIPEKWMDSVSSHSPLSKSATCENMEGRHQEILVCQKREDSKASSIPTIRIPFKEVVMTNSLLRNHQNIEP	109	1722	1908	186
3560	HUMAN06882	Q96JM4	1353	1391	RQTHFSTRLHTAATEGLPNSSIKNQTILKKGKRENIVNI	38	1929	1978	49
3561	HUMAN06882	Q96JM4	1499	1536	DKENLSSSEHTQFNSRSENKTSSWTPESKTSRKSLLKS	37	2138	2179	41
3562	HUMAN06882	Q96JM4	1587	1629	NKVSLPKSPKMVQPRRDGYFEGIEEDPIHKDTTANEKLERNRE	42	2236	2294	58
3566	HUMAN06885	O75901	119	265	AFLPVPLWRTAEAKLVQNTEKLWELSPANYMKTLPPDKQKRIVRKTFRKLAKIKQDTVSHDRDNMETLVHLIISQDHTIHQQVKRMKELDLEIEKCEAKFHLDRVENDGENYVQDAYLMPSFSEVEQNLDLQYEENQTLEDLSESDG	146	193	371	178
3567	HUMAN06885	O75901	368	423	HISNKDGCQLKENRAKESEVPSSNGEIPPFTQRVFSNYTNDTDSDTGISSNHSQDS	55	499	602	103
3568	HUMAN06887	Q9UBM8	1	66	MFKFHQMKHIFEILDKMRCLRKRSTVSFLGVLVIFLLFMNLYIEDSYVLEGDKQLIRETSTHQLNS	65	75	215	140
3570	HUMAN06893	P21583	158	273	SETSDCVVSSTLSPEKDSRVSVTKPFMLPPVAASSLRNDSSSSNRKAKNPPGDSSLHWAAMALPALFSLIIGFAFGALYWKKRQPSLTRAVENIQINEEDNEISMLQEKEREFQEV	115	168	301	133
3571	HUMAN06895	Q16828	150	203	NLDGSCSSSSPPLPVLGLGGLRISSDSSSDIESDLDRDPNSATDSDGSPLSNSQ	53	250	376	126
3572	HUMAN06895	Q16828	351	381	SPCDNRVPAQQLYFTTPSNQNVYQVDSLQST	30	569	653	84
3573	HUMAN06896	Q8TC44	348	423	KLEVIDLQISTPPVMDILSFDSTTTTETSGRTLPDKGEEACGYFLNPSLMSPECLPTTTKKKTEDMSDLPCESQRS	75	454	645	191
3574	HUMAN06896	Q8TC44	445	478	TVSILEQRLTLTEDKLKDCLENQQKLFSAVQQKS	33	666	709	43
3577	HUMAN06899	P20020	293	358	AGGEEEEKKDEKKKEKKNKKQDGAIENRNKAKAQDGAAMEMQPLKSEEGGDGDEKDKKKANLPKKE	65	898	1136	238
3579	HUMAN06901	Q8TC90	1	72	MTQTLDTREDPLNLGGGGGGGCGCGWAHSASLSSWSSCHRRRPGAPAYNRPHRYSPKTEYGPPRKQPKQQHG	71	0	77	77
3580	HUMAN06902	Q99645	1	100	MKTLAGLVLGLVIFDAAVTAPTLESINYDSETYDATLEDLDNLYNYENIPVDKVEIEIATVMPSGNRELLTPPPQPEKAQEEEEEEESTPRLIDGSSPQE	99	60	186	126
3581	HUMAN06905	P07585	1	45	MKATIILLLLAQVSWAGPFQQRGLFDFMLEDEASGIGPEVPDDRD	44	79	169	90
3582	HUMAN06910	P62324	129	171	PAGGSTQNSTNVQMVDSRISCKEELLLGRTSPSKNYNMMTVSG	42	175	257	82
3583	HUMAN06911	Q5K130	15	101	TATDSLQTVQPSISQTCTSYGPALGAPLPGRNEVALLTSLPPNYEISEGKPRAISAYVRAGKGNVTRRRKKTHLGNDDGKKEAQEKM	86	14	101	87
3584	HUMAN06933	O60486	1	34	MEVSRRKAPPRPPRPAAPLPLLAYLLALAAPGRG	33	136	198	62
3585	HUMAN06934	Q9Y592	1	42	MVVSTFTDMDTFPNNFPPGGDSGLTGSQSEFQKMLIDERLRC	41	36	139	103
3586	HUMAN06934	Q9Y592	602	701	LNRQNVPFEDYTRLQKRLKDIQRRHNEFRSLILVPNMPPTASINPVSFQSSAMVPSMELPFPPHMQEEQHQRELSLLRKRLEELETTQRKQLEELGSSGE	99	878	1014	136
3588	HUMAN06941	Q6ZV73	1286	1319	QHSPRIGSPGNHKSPSSALSSVLHSIPSGRKQKK	33	1460	1494	34
3590	HUMAN06942	Q9HBM0	23	70	LGHTDFEICSSLSPKTEKCTTEGQQKPPTRVLPKQGILLKVAETIKSW	47	72	133	61
3591	HUMAN06942	Q9HBM0	400	477	RYFETQHQSVPQCLSKTQQKSRELNNVHTAVRSLQLHLKALLNEVIILEDELEKLVCTKETQELVSEAYPILEQKLKL	77	535	621	86
3593	HUMAN06947	P50579	1	112	MAGVEEVAASGSHLNGDLDPDDREEGAASTAEEAAKKKRRKKKKSKGPSAAGEQEPDKESGASVDEVARQLERSALEDKERDEDDEDGDGDGDGATGKKKKKKKKKRGPKVQ	111	158	392	234
3594	HUMAN06949	Q9H0E7	306	373	LNQWLAMTASEKTRSCKHPPVTDTVVYQMNECQEKDTGFVCSRQSSLSSGLSGGASKGRKMELIQPKE	67	682	828	146
3595	HUMAN06949	Q9H0E7	682	712	NGHSKLLPPELLLGSQHPNEDADTSSNEILS	30	1402	1455	53
3598	HUMAN06954	Q502W7	353	420	NLTLFQYSQDVDENLEEVNKREKVIQDKTNSNIEFLLEQEKMLKANCVREEEKAAELQLKSKLFSFGE	67	713	795	82
3599	HUMAN06954	Q502W7	502	554	KEKQRHQQERLKAALEKAVAQPKKKLGRRLVFHSKPPSGNKQQLPLVNETKTK	52	897	1004	107
3602	HUMAN06963	Q96N23	1240	1288	GCKSLFDGSNEQEEMPEEDSSKKSLKTKKPQQILLPEKINEQLALLETH	48	1962	2045	83
3603	HUMAN06963	Q96N23	1380	1443	KYKDSALNKKANKSLKFKAAVMEIGRSAEMQQRIRSKKKETLRDFIFKNPAISEMVAHERNRRT	63	2259	2408	149
3604	HUMAN06963	Q96N23	1543	1604	NYKAMLDFLLTAKKRKANLPSDAEEFSTFINSIMSDENMSKTQTVYDSDSQSGSSAKEKDRG	61	2578	2709	131
3605	HUMAN06963	Q96N23	1	45	MAAQGSPSSSPSDDSTTSGSLPELPPTSTATSRSPPESKGSSRSS	44	1	83	82
3606	HUMAN06976	Q7Z6G8	1195	1248	GGHSSTLPESFENKPSKPIPKPRVSIRKSVDLLHASHTGQEPSERHTEEALRKF	53	2188	2377	189
3608	HUMAN06976	Q7Z6G8	945	1040	DRLHDDPPQKPPRSITLREPSGNHTPPQLSPSLSQSTYTTGGSLDVPHIIMQGDARRRRNENYFDDIPRSKLERQMAQTGDWGEPSITLRPPNEAT	95	1843	2002	159
3609	HUMAN06978	Q8NEG0	182	241	DTRAILAGNTLDSSVLEEVQRSPVGYAMKFCEEKEQFRISRLHMNAEMFGSTYCDYTIEI	59	190	263	73
3610	HUMAN06979	A0JNW5	1366	1406	NTGNDLKENVKSDSVLLTSGKYDLKKQRSVTQATQTSPGVP	40	1745	1802	57
3611	HUMAN06979	A0JNW5	269	301	EQRKSMAPEPTQSSTVVASAQQVKTTQTSNAPD	32	318	352	34
3612	HUMAN06979	A0JNW5	408	449	KDHNVGSPPKSPTHASPQHTQTEKDYPLKGTCRTPSVLSQQS	41	459	557	98
3613	HUMAN06979	A0JNW5	735	800	AESQKEPQTCNQVSLNTSQSESSDLAGRLKRKKLLKEYYSTESEPLTNGGQKPSSSDTFFRFSPSS	65	853	945	92
3616	HUMAN06988	Q8NDX2	510	589	ADPENLSEEKCGIIDQDELAEEIELNHESFASPKKKMSYGATSQNCEVQKKEWKGQRGATLDEEELTSYQNEERNFSTIS	79	918	1027	109
3617	HUMAN06992	Q96RI1	211	257	LLTEIQCKSKRLRKNVKQHADQTVNEDSEGRDLRQVTSTTKSCREKT	46	277	343	66
3618	HUMAN06992	Q96RI1	38	130	VLTEQVAGPLGQNLEVEPYSQYSNVQFPQVQPQISSSSYYSNLGFYPQQPEEWYSPGIYELRRMPAETLYQGETEVAEMPVTKKPRMGASAGR	92	76	185	109
3619	HUMAN06994	Q86XJ1	185	216	IELEETLLNTSGPEDSISIPKSCCRHEELHEA	31	189	221	32
3622	HUMAN06996	Q8N695	570	610	KKKHVLSYKSHPVEDGGTDNPAFNHIELNSDQSGKSNGTRL	40	1171	1262	91
3623	HUMAN06997	O75691	1695	1763	MGKIENEENAIEAIELPEPEAMELERVDEEEKEYTCKSLSDNGQPGTPDPADSGGTSAKESECITKPVS	68	6464	6677	213
3625	HUMAN06997	O75691	863	907	PTQDLRRKGKGMVAEEIEEEPAAGDDEELEEEAVPQDESSQKKKT	44	4292	4471	179
3626	HUMAN07001	Q8N5J4	1	108	MTCVEQDKLGQAFEDAFEVLRQHSTGDLQYSPDYRNYLALINHRPHVKGNSSCYGVLPTEEPVYNWRTVINSAADFYFEGNIHQSLQNITENQLVQPTLLQQKGGKGR	107	3	120	117
3628	HUMAN07006	Q8IZU3	1	121	MVSSGKKYSRKSGKPSVEDQFTRAYDFETEDKKDLSGSEEDVIEGKTAVIEKRRKKRSSAGVVEDMGGEVQNMLEGVGVDINKALLAKRKRLEMYTKASLKTSNQKIEHVWKTQQDQRQKL	120	47	195	148
3629	HUMAN07012	Q9Y3C0	163	194	PDLLERPDAPVPDGESEKTVEESSDSESSFSD	31	278	381	103
3630	HUMAN07012	Q9Y3C0	64	130	TTLNILDAKLSSIPGLDDVTVEVSPLNVTSVTNGAHPEATSEQPQQNSTQDSGLQESEVSAENILTV	66	79	244	165
3631	HUMAN07019	P20382	1	140	MAKMNLSSYILILTFSLFSQGILLSASKSIRNLDDDMVFNTFRLGKGFQKEDTAEKSVIAPSLEQYKNDESSFMNEEENKVSKNTGSKHNFLNHGLPLNLAIKPYLALKGSVAFPAENGVQNTESTQEKREIGDEENSAK	139	0	151	151
3632	HUMAN07022	P00439	1	30	MSTAVLENPGLGRKLSDFGQETSYIEDNCN	29	190	340	150
3633	HUMAN07023	P50553	178	236	DAVSAAFQAGVLSPTISPNYSNDLNSMAGSPVSSYSSDEGSYDPLSPEEQELLDFTNWF	58	265	337	72
3634	HUMAN07023	P50553	1	124	MESSAKMESGGAGQQPQPQPQQPFLPPAACFFATAAAAAAAAAAAAAQSAQQQQQQQQQQQQAPQLRPAADGQPSGGGHKSAPKQVKRQRSSSPELMRCKRRLNFSGFGYSLPQQQPAAVARRN	123	48	212	164
3637	HUMAN07030	P14625	288	325	TVEEPMEEEEAAKEEKEESDDEAAVEEEEEEKKPKTKK	37	968	1098	130
3638	HUMAN07031	Q69YU5	37	71	TIPEIPPKRGELKTELLGLKERKHKPQVSQQEELK	34	36	74	38
3639	HUMAN07035	Q13569	1	112	MEAENAGSYSLQQAQAFYTFPFQQLMAEAPNMAVVNEQQMPEEVPAPAPAQEPVQEAPKGRKRKPRTTEPKQPVEPKKPVESKKSGKSAKSKEKQEKITDTFKVKRKVDRFN	111	72	249	177
3640	HUMAN07035	Q13569	319	410	LAQEDAKKMAVKEEKYDPGYEAAYGGAYGENPCSSEPCGFSSNGLIESVELRGESAFSGIPNGQWMTQSFTDQIPSFSNHCGTQEQEEESHA	91	468	570	102
3641	HUMAN07036	Q9H1C3	1	46	MALLRKINQVLLFLLIVTLCVILYKKVHKGTVPKNDADDESETPEE	45	43	133	90
3643	HUMAN07039	P25208	147	184	GEKGIGGAVTATDGLSEELTEEAFTNQLPAGLITTDGQ	37	213	253	40
3644	HUMAN07039	P25208	1	53	MTMDGDSSTTDASQLGISADYIGGSHYVIQPHDDTEDSMNDHEDTNGSKESFR	52	44	107	63
3645	HUMAN07043	Q8N140	178	214	ERSAPKPRLEHQKKVRKMEENGNMPTKLQKLDLSSYP	36	388	432	44
3646	HUMAN07043	Q8N140	1	32	MKMDVSVRAAGCSDDLSSGEADVDPKLLELTA	31	104	207	103
3647	HUMAN07045	Q9NPF2	1	70	MKPALLEVMRMNRICRMVLATCLGSFILVIFYFQSMLHPVMRRNPFGVDICCRKGSRSPLQELYNPIQLE	69	3	116	113
3648	HUMAN07046	Q96JW4	1	168	MTNSKGRSITDKTSGGPSSGGGFVDWTLRLNTIQSDKFLNLLLSMVPVIYQKNQEDRHKKANGIWQDGLSTAVQTFSNRSEQHMEYHSFSEQSFHANNGHASSSCSQKYDDYANYNYCDGRETSETTAMLQDEDISSDGDEDAIVEVTPKLPKESSGIMALQILVPFL	167	25	256	231
3649	HUMAN07054	O60285	1	51	MEGAAAPVAGDRPDLGLGAPGSPREAVAGATAALEPRKPHGVKRHHHKHNL	50	24	135	111
3652	HUMAN07057	Q8N4U5	1	57	MPFNGEKQCVGEDQPSDSDSSRFSESMASLSDYECSRQSFASDSSSKSSSPASTSPP	56	84	310	226
3653	HUMAN07067	Q8WUH6	1	116	MNQTDKNQQEIPSYLNDEPPEGSMKDHPQQQPGMLSRVTGGIFSVTKGAVGATIGGVAWIGGKSLEVTKTAVTTVPSMGIGLVKGGVSAVAGGVTAVGSAVVNKVPLTGKKKDKSD	115	8	137	129
3655	HUMAN07071	A6QL63	1	46	MARRGKKPVVRTLEDLTLDSGYGGAADSVRSSNLSLCCSDSHPASP	45	0	47	47
3656	HUMAN07071	A6QL63	258	342	PRSCSGPGSGSGSGPGPSSGPGAAPAADKEREAPGGGAASGGACSAASSASGGSSCCAPPAAAAAAVPPAAAANHHHHHHHALHE	84	266	384	118
3657	HUMAN07071	A6QL63	387	431	LNLHRDPQRSNKPGELPMFSQSELRTIEQSLLATRVGSIAELSDL	44	430	482	52
3660	HUMAN07073	Q9UKN5	741	801	TKYHLTRHLKTCKGPTSSSSAPEEEEEDDSEEEDLADSVGTEDCRINSAVYSADESLSAHK	60	981	1075	94
3661	HUMAN07076	Q99788	340	373	EDTGHSSYPSHRSFTKMSSMNERTSMNERETGML	33	395	440	45
3662	HUMAN07077	Q9BVA6	1	79	MMLIPMASVMAVTEPKWVSVWSRFLWVTLLSMVLGSLLALLLPLGAVEEQCLAVLKGLYLLRSKPDRAQHAATKCTSPS	78	57	227	170
3668	HUMAN07095	Q8N4V2	513	548	KGRGLQESSHREWGQEMVGRGMHGAGVTRSNSGSQE	35	1714	1880	166
3670	HUMAN07096	Q70CQ3	361	416	HKPSQHNPKLNKNPGPTLELQDGPGAPTPVLNQPGAPKTQIFMNGACSPSLLPTLS	55	1160	1304	144
3671	HUMAN07097	Q6NS38	1	54	MDRFLVKGAQGGLLRKQEEQEPTGEEPAVLGGDKESTRKRPRREAPGNGGHSAG	53	111	238	127
3672	HUMAN07100	O00763	171	231	DDYSSDEDSVAGSSRESTRKGSRASLGALSLEAYLTTGEAETRVPTMRPSMSGLHLVKRGR	60	232	385	153
3673	HUMAN07100	O00763	1	159	MVLLLCLSCLIFSCLTFSWLKIWGKMTDSKPITKSKSEANLIPSQEPFPASDNSGETPQRNGEGHTLPKTPSQAEPASHKGPKDAGRRRNSLPPSHQKPPRNPLSSSDAAPSPELQANGTGTQGLEATDTNGLSSSARPQGQQAGSPSKEDKKQANIKR	158	2	207	205
3674	HUMAN07103	Q96NZ1	1	189	MIESDTSSIMSGIIRNSGQNHHPSPQEYRLLATTSDDDLPGDLQSLSWLTAVDVPRLQQMASGRVDLGGPCVPHPHPGALAGVADLHVGATPSPLLHGPAGMAPRGMPGLGPITGHRDSMSQFPVGGQPSSGLQDPPHLYSPATQPQFPLPPGAQQCPPVGLYGPPFGVRPPYPQPHVAVHSSQELHPK	188	58	300	242
3675	HUMAN07103	Q96NZ1	288	428	KDLAAIHRSMANPEELDKLISDRPESCRRPGKPGEPEAPVLTHATTVAVAHGCLAVSQLPPQPLMTLSLQSVPLHHQVQPQAHLAPDSPAPAQTPPLHALPDLSPSPLPHPAMGRAPVDFINISTDMNTEVDALDPSIMDF	140	404	569	165
3676	HUMAN07105	Q9H3F6	1	30	MEEMSGESVVSSAVPAAATRTTSFKGTSPS	29	129	170	41
3677	HUMAN07105	Q9H3F6	265	313	RGPDNALLEATGGAAGRSHHLDEDEERERIERVRRIHIKRPDDRAHLHQ	48	422	510	88
3680	HUMAN07118	Q9HBA0	784	871	NWSHWNQNLGIINEDPGKNETYQYYGFSHTVGRLRRDRWSSVVPRVVELNKNSNPDEVVVPLDSMGNPRCDGHQQGYPRKWRTDDAPL	87	1202	1310	108
3682	HUMAN07133	Q9UJX3	555	599	EESPTDATQEEDVDDMEGSGEEGDLEGSDSEAAQWADQEQWFGMQ	44	1232	1455	223
3683	HUMAN07137	Q8WUB2	142	273	SQKPGVLTHHRSRLSSRYSQKQHYPCTTWRHQLEREDSGSSDIAAASAPEMLIQHSLWRPVRNKEGIKTGYASKTRCKSLKIFRRPRKLFMQTVSSDDSESHMSEEKKEEDLLNNFMQSMSIEEQGEHLMLT	131	164	307	143
3684	HUMAN07137	Q8WUB2	1	67	MLGQLLPHTARGLGAAEMPGQGPGSDWTERSSSAEPPAVAGTEGGGGGSAGYSCYQNSKGSDRIKDG	66	1	89	88
3686	HUMAN07149	Q96D96	42	83	YKKWENEEEEEEEEQPPPTPVSGEEGRAAAPDVAPAPGPAPR	41	85	169	84
3687	HUMAN07153	Q8NA47	1	31	MSVLKKNRRKDSDTPQEPSEKAKEQQAEAEL	30	22	105	83
3688	HUMAN07153	Q8NA47	262	296	LKSFLLVKLNDRNEFEEQAKREEALKAKKHVKKNR	34	455	600	145
3689	HUMAN07153	Q8NA47	504	563	LGADPFSDRLDDVEQPLDHSSLRQLVLDNYILKENRSKEVRGDSLPEKVDDFRSRKKVTM	59	992	1100	108
3690	HUMAN07155	O14529	1124	1167	KLEKKAYLKRRYGLISTGSDSESPATRSECPSPCLQPQDLSLLQ	43	1701	1755	54
3692	HUMAN07158	Q9UQQ2	308	346	RGLESTEAEMHIPSALEPSTSSSPRGSTDSLNQGASPGG	38	658	797	139
3693	HUMAN07158	Q9UQQ2	469	575	PGSCNTVLFPFSLPHWDSESLPHWGSELGLPHLSSSGCPRGLSPEGLPGRSSPPEQIFHLVPSPEELANSLQHLEHEPVNRARDSDYEMDSSSRSHLRAIDNQYTPL	106	925	1101	176
3696	HUMAN07161	Q99700	345	401	SSYAKRDAFTDSAISAKVNGEHKEKDLEPWDAGELTANEELEALENDVSNGWDPNDM	56	480	576	96
3698	HUMAN07165	Q7Z569	26	57	AAAGEMSDEEIKKTTLASAVACLEGKSPGEKV	31	155	287	132
3699	HUMAN07165	Q7Z569	560	592	GQINIAMASASSPASSGGSGKLPSRKGRSKRGK	32	1701	1819	118
3700	HUMAN07165	Q7Z569	82	120	DELKTTVEERKSSEASPTAQRSKDHSKECINAAPDSPSK	38	370	483	113
3701	HUMAN07171	Q8IW41	339	386	NMRIQDLKVSLKPLHSVNNPILRKRKLLGTKPKDSVYIHDHENGAEDS	47	421	507	86
3702	HUMAN07175	P30040	1	33	MAAAVPRAAFLSPLLPLLLGFLLLSAPHGGSGL	32	9	67	58
3704	HUMAN07183	Q02878	1	139	MAGEKVEKPDTKEKKPEAKKVDAGGKVKKGNLKAKKPKKGKPHCSRNPVLVRGIGRYSRSAMYSRKAMYKRKYSAAKSKVEKKKKEKVLATVTKPVGGDKNGGTRVVKLRKMPRYYPTEDVPRKLLSHGKKPFSQHVRK	138	52	290	238
3705	HUMAN07184	Q06124	242	281	KVKQGFWEEFETLQQQECKLLYSRKEGQRQENKNKNRYKN	39	568	643	75
3706	HUMAN07184	Q06124	538	597	KSKRKGHEYTNIKYSLADQTSGDQSPLPPCTPTPPCAEMREDSARVYENVGLMQQQKSFR	59	1168	1320	152
3708	HUMAN07192	Q9Y6K5	363	396	QKTPENSKSLNAVYPRAGSKPPSCPAPGPTGAAS	33	593	711	118
3711	HUMAN07201	Q96DY2	1	41	MALDILAMAPLYQAPAINRIGPKTDPSKRPADPLKPLVLSR	40	2	85	83
3714	HUMAN07208	Q8NHP8	1	39	MVGQMYCYPGSHLARALTRALALALVLALLVGPFLSGLA	38	11	86	75
3715	HUMAN07212	Q9H2C1	293	356	YDFFAHGPPSQAQSPADSSFLAASGPGSTPLGALEPPLAGPHAADNPRFTDMISHPDTPSPEPG	63	474	556	82
3716	HUMAN07213	Q9Y4C8	481	510	KKEASEDASALGSSSYKKKKEAQDKANSAS	29	2148	2245	97
3719	HUMAN07213	Q9Y4C8	925	960	AHFHEPPKKKRSVVLDEILEQLEGSDSDSEEQTLQL	35	3353	3457	104
3720	HUMAN07214	Q99593	1	49	MADADEGFGLAHTPLEPDAKDLPCDSKPESALGAPSKSPSSPQAAFTQQ	48	98	151	53
3721	HUMAN07215	O15119	1	101	MSLSMRDPVIPGTSMAYHPFLPHRAPDFAMSAVLGHQPPFFPALTLPPNGAAALSLPGALAKPIMDQLVGAAETGIPFSSLGPQAHLRPLKTMEPEEEVED	100	7	117	110
3723	HUMAN07216	Q71F56	1522	1670	SLLIPPKYQTPPAAAQGQATPGNAGPLAPNGSAAPPAGSAFNPTSNSSSTNPAASSSASGSSVPPVSSSASAPGISQISTTSSSGFSGSVGGQNPSTGGISADRTQGNIGCGGDTDPGQSSSQPSQDGQESVTERERIGIPTEPDSADS	148	3170	3392	222
3724	HUMAN07216	Q71F56	2050	2088	SPNSSPVPSPGSPSGIGVGSHFQHSRSQGERLLSREAPE	38	3857	3924	67
3733	HUMAN07235	Q9H2K8	558	595	ICKEKIKEEMNEDHSTPKKEKQERISKHKENLQHTQAE	37	772	820	48
3734	HUMAN07236	Q9H7L9	153	207	ELEEKKKMIENEKLTMELTGDSMEVKPIMTRKLRRRPNDPVPIPDKRRKPAPAQL	54	407	484	77
3736	HUMAN07236	Q9H7L9	216	247	IMEDLRTLNKLKSPKRPASPSSPEHLPATPAE	31	497	693	196
3739	HUMAN07241	Q8IWA6	1	41	MTKVPATKKLQSSPNSGAVRPFYASENLRQVPDKPMKSIKY	40	0	188	188
3740	HUMAN07241	Q8IWA6	76	129	ETAKKKKQQQLQKLKEEERNKFQPAEKISEIHYGDTLLSTYDDEKLKTLGARVT	53	222	418	196
3741	HUMAN07242	B4DJY2	1	31	MSQYAPSPDFKRALDSSPEANTEDDKTEEDV	30	26	62	36
3745	HUMAN07248	Q6ZP65	498	573	LNSQLLDAIQQKLNLSQQLEAWQDDMHRVIDRQLMDTHLKERSQPAAALCRGHSAGRGDEPSIAEGKRLFSFFRKI	75	853	997	144
3746	HUMAN07254	P05388	277	314	AAAPVAAATTAAPAAAAAPAKVEAKEESEESDEDMGFG	37	519	676	157
3747	HUMAN07261	P12074	1	33	MAVVGVSSVSRLLGRSRPQLGRPMSSGAHGEEG	32	55	97	42
3748	HUMAN07266	Q13242	187	221	STSYGYSRSRSGSRGRDSPYQSRGSPHYFSPFRPY	34	344	561	217
3749	HUMAN07269	Q5HYK3	1	52	MAAPGSCALWSYCGRGWSRAMRGCQLLGLRSSWPGDLLSARLLSQEKRAAET	51	59	299	240
3752	HUMAN07277	A6NIH7	1	54	MSGSNPKAAAAASAAGPGGLVAGKEEKKKAGGGVLNRLKARRQAPHHAADDGVG	53	80	171	91
3753	HUMAN07280	Q8TCT6	35	76	SLNMDFENQDKEKDSNSSSGSFNGNSTNNSIQTIDSTQALFL	41	165	272	107
3754	HUMAN07286	Q99572	418	470	GRSLQDVKGQEVPRPAMDFTDLSRLPLALHDTPPIPGQPEEIQLLRKEATPRS	52	506	600	94
3755	HUMAN07289	Q96RR4	1	146	MSSCVSSQPSSNRAAPQDELGGRGSSSSESQKPCEALRGLSSLSIHLGMESFIVVTECEPGCAVDLGLARDRPLEADGQEVPLDTSGSQARPHLSGRKLSLQERSQGGLAAGGSLDMNGRCICPSLPYSPVSSPQSSPRLPRRPTV	145	86	327	241
3756	HUMAN07289	Q96RR4	495	588	SFGNPFEGSRREERSLSAPGNLLTKKPTRECESLSELKEARQRRQPPGHRPAPRGGGGSALVRGSPCVESCWAPAPGSPARMHPLRPEEAMEPE	93	731	862	131
3757	HUMAN07291	Q9UJX4	167	204	KKTVEDADMELTSRDEGERKMEKEELDVSVREEEVSCS	37	543	737	194
3758	HUMAN07295	Q8NHM5	1	59	MAGPQMGGSAEDHPPRKRHAAEKQKKKTVIYTKCFEFESATQRPIDRQRYDENEDLSDV	58	12	215	203
3761	HUMAN07303	Q9UPS6	1767	1805	SRASTDEPPADTQGMSIPAQPHASTRAGSERRSEQRRLL	38	3891	3934	43
3765	HUMAN07310	Q9HAP2	1	74	MAADVFMCSPRRPRSRGRQVLLKPQVSEDDDDSDTDEPSPPPASGAATPARAHASAAPPPPRAGPGREEPPRRQ	73	13	157	144
3768	HUMAN07314	Q8N309	506	549	PAVDSPLSAKKGKGEKDKKGKEKDRTGKGEKEPAKEWKVLKKKK	43	836	925	89
3769	HUMAN07316	Q9C0J1	1	86	MLPPQPSAAHQGRGGRSGLLPKGPAMLCRLCWLVSYSLAVLLLGCLLFLRKAAKPAGDPTAHQPFWAPPTPRHSRCPPNHTVSSAS	85	0	117	117
3771	HUMAN07323	P30622	129	209	QAEDEANGLQTTPASRATSPLCTSTASMVSSSPSTPSNIPQKPSQPAAKEPSATPPISNLTKTASESISNLSEAGSIKKGE	80	365	553	188
3774	HUMAN07323	P30622	438	469	VEDLQFRVEEESITKGDLEQKSQISEDPENTQ	31	968	1002	34
3775	HUMAN07324	Q6NZY4	129	164	NDVEKTSFNLLPQPSSIVLEEDHKVEESCAIKNNKE	35	325	370	45
3778	HUMAN07325	Q7L4I2	403	434	LDAQYEMARSQTHTQRGMGLGFTSSMRGMDAV	31	801	914	113
3779	HUMAN07329	Q8TDS4	314	363	QRKMTGEPDNNRSTSVELTGDPNKTRGAPEALMANSGEPWSPSYLGPTSP	49	334	391	57
3780	HUMAN07330	P49019	314	381	QRKITGEPDNNRSTSVELTGDPNKTRGAPEALIANSGEPWSPSYLGPTSNNHSKKGHCHQEPASLEKQ	67	342	439	97
3781	HUMAN07331	Q9BXC0	294	346	ICSLKPKQPGHSKTQRPEEMPISNLGRRSCISVANSFQSQSDGQWDPHIVEWH	52	323	393	70
3782	HUMAN07332	O43583	70	113	VENSPKQEAGISEGQGTAGEEEEKKKQKRGGRGQIKQKKKTVPQ	43	207	383	176
3783	HUMAN07333	Q6P9F0	1	77	MNPPAAFLAGRQNIGSEVEISTIEKQRKELQLLIGELKDRDKELNDMVAVHQQQLLSWEEDRQKVLTLEERCSKLEG	76	44	124	80
3785	HUMAN07334	O75146	1011	1055	LAGASGSPGEEVAIRPSTAPRSVTTKKPPLAQKPSVAPRQDHQLD	44	2683	2771	88
3788	HUMAN07342	Q9BZ72	1282	1349	GQGDFLRSRNHLLRTISAQPSGPSHRHERTQSQADGEQRGQRSMSVAAGCWGRAMTGRLEPGAAAGPK	67	2539	2738	199
3791	HUMAN07342	Q9BZ72	834	898	SEISIASQVSGMAESYTASSIAQKAPDALSHTPSVRRLSLLALPAPSPTTPGPHPPARKASPGLE	64	1800	1912	112
3793	HUMAN07345	Q99550	1	88	MEEFDLVKTLHKTSSSVGSDENSLHSLGLNLNTDRSSPHLSTNGVSSFSGKTRPSVIQGTVEVLTSLMQELQNSGKTDSELWKNCETR	87	18	226	208
3794	HUMAN07346	Q9H3J6	125	166	SPVHKEKREAAKKKQERKKRAKETLEKKKLLKELWESSKKVH	41	190	247	57
3795	HUMAN07347	O14519	1	58	MSYKPNLAAHMPAAALNAAGSVHSPSTSMATSSQYRQLLSDYGPPSLGYTQGTGNSQV	57	58	131	73
3798	HUMAN07353	Q5EBL4	233	289	LQTKEQEMGSLRAELGKLRERLQGEHSQNGEEEPETEPVGEESISDAEKVAMDLKDP	56	356	507	151
3800	HUMAN07364	Q9Y487	682	723	GVNRSGYTLIRKDSEEEVSLLGSQDIEEGNHQVEDGCREMAC	41	1252	1412	160
3802	HUMAN07367	Q53HC0	1	95	MTSPHFSSYDEGPLDVSMAATNLENQLHSAQKNLLFLQREHASTLKGLHSEIRRLQQHCTDLTYELTVKSSEQTGDGTSKSSELKKRCEELEAQL	94	35	155	120
3803	HUMAN07368	P0CZ25	1	163	MHSLPRSGSIRRTHSDTQATGWPPPQRIGDSPGPSPAFLSCPPSLCGGAAQTGDPVALPHGPEKWVWGGGLSPRNPHSWGIKAHGLRPPWAPRLERCMVPESEWAPWQPQLPCEPKWLGSRKSKPHRESGLRGGGPSRCAKRGTHSCGPRESGGPDTCHLPCH	162	0	167	167
3804	HUMAN07370	Q6ZTI6	1	81	MVGHLHLQGMEDSLKEQGREGLLDSPDSGLPPSPSPSPPFYSLAPGILDARAGGAGASSEPPGPSEARAPPSQLPNPPASE	80	0	112	112
3805	HUMAN07374	Q8WTV0	465	510	RSQVGAGQRAARADSHSLACWGKGASDRTLWPTAAWSPPPAAVLRL	45	653	780	127
3808	HUMAN07377	Q8WY22	1	43	MGARASGGPLARAGLLLLLLLLLLLGLLAPGAQGARGRGGAEK	42	13	77	64
3809	HUMAN07377	Q8WY22	210	251	SGPSNPSNPSVEEKLEHLEKQVRLLNIRLNRVLESLDRSKDK	41	250	305	55
3810	HUMAN07380	Q14DG7	792	938	SSDEHQGGSNDIEGINREYKDHLSNSIEREGNQERAVQEWFHRGTPVGQEESTNKSTTPQSPMEGKNKLLKSGGPDAFTSFPTQGKSPDPNNPSDLTVTSRGLTDLEIGMYALLCVFCLAILVFLINCVAFAWKYRHKRFAVSEQGN	146	1316	1555	239
3812	HUMAN07382	Q8N3T6	1	33	MRSEGAAPGPAAPLCGALSLLLGALLGKVIEGH	32	32	251	219
3813	HUMAN07382	Q8N3T6	802	917	NDADSSPGGDYEEDEIKNHASDRRQKGQHHERTGQDGHLYGSSPVEREEGALRRATTTARSLLDNKVVKNSRADGGRLAGEGQLQNIPIDFTNFPAHVDLPKAGSGLEENDLVQTP	115	1531	1711	180
3815	HUMAN07383	Q8N697	1	32	MEGSGGGAGERAPLLGARRAAAAAAAAGAFAG	31	151	308	157
3816	HUMAN07387	Q14C87	800	911	NDANPNTSDSRHTGAGVHMENNVSDRRPKKPSQEWGSQEGQYYGSSSMGLMEGRGTTTDRSILQKKKGQESLLDDNSHLQTIPSDLTSFPAQVDLPRSNGEMDGNDLMQASK	111	904	1034	130
3817	HUMAN07387	Q14C87	944	1069	KYRHKQVPFEEQEGMSHSHDWVGLSNRTELLENHINFASSQDEQITAIDRGMDFEESKYLLSTNSQKSINGQLFKPLGPIIIDGKDQKSEPPTSPTSKRKRVKFTTFTAVSSDDEYPTRNSIVMSS	125	1069	1257	188
3818	HUMAN07388	Q9ULW2	141	191	NDPNYLCMEAPNNGSDEPTRGSGLFPPLFRPQRPHSAQEHPLKDGGPGRGG	50	235	338	103
3819	HUMAN07388	Q9ULW2	540	581	KKKSRRKPASVITSGGIYKKAQHPQKTHHGKYEIPAQSPTCV	41	715	783	68
3821	HUMAN07390	O15034	1021	1052	VEVYLSDAPSHYSQDTPMRSKAKRKKSVHFTP	31	3242	3402	160
3824	HUMAN07397	Q12872	1	30	MYGASGGRAKPERKSGAKEEAGPGGAGGGG	29	13	156	143
3825	HUMAN07398	Q9ULZ9	1	39	MRRRAARGPGPPPPGPGLSRLPLPLLLLLALGTRGGCAA	38	12	119	107
3826	HUMAN07398	Q9ULZ9	526	603	SQADGSVAAGVDAAEGPRAPPGQHDQSRSEDGYEVCSCTSGASSPPGAPGPLVAATMLLLLPPLSPGALWTAAQALTL	77	667	763	96
3830	HUMAN07405	Q6ZTU2	411	488	DLDIEEEEEEHFEVINDEVKVVARKHGQPGTPVAIATQLPPRTSAAFPAQQQPLQQIHMGTPVPGDVNSIKMEASKRQ	77	436	524	88
3833	HUMAN07413	A6NCL2	1	38	MAGPGWTLLLLLLLLLLLGSMAGYGPQKKLNLSHKGIG	37	7	49	42
3835	HUMAN07416	Q07864	1281	1310	LQARQRLARRKRQRLESAEGVLRPGAIRDG	29	3465	3567	102
3838	HUMAN07422	Q96HS1	1	42	MAFRQALQLAACGLAGGSAAVLFSAVAVGKPRAGGDAEPRPA	41	35	126	91
3839	HUMAN07423	Q86XL3	118	194	SSFYHHEAGVTALSQDPQRILKPAEGNPTDQAGFSEDRDFGYSVGLNPPEEEAVTSKTCSVPPSDTDTYRAGATASK	76	171	301	130
3841	HUMAN07423	Q86XL3	872	938	SWPSPAVKGRFKSQLPDLSGPHSYSPGRNSVAGSNPAKPGLGSPGRYSPVHGSQLRRMARLAELAAL	66	1332	1516	184
3842	HUMAN07425	Q08378	1015	1044	AAKEAADAELGQLRAQGGSSDSSLALHERI	29	1499	1533	34
3843	HUMAN07425	Q08378	1352	1498	KVSELKNNMKTLLQQNQQLKLDLRRGAAKTRKEPKGEASSSNPATPIKIPDCPVPASLLEELLRPPPAVSKEPLKNLNSCLQQLKQEMDSLQRQMEEHALTVHESLSSWTPLEPATASPVPPGGHAGPRGDPQRHSQSRASKEGPGE	146	1888	2101	213
3846	HUMAN07427	Q96EP1	383	459	NKITQDMLQPKVRRSFSDEEGSSEDLLELSDVDSESSDISQPYVVCRQCPEYRRQAAQPPHCPAPEGEPGAPQALGD	76	732	968	236
3847	HUMAN07435	P52738	61	158	GKEPWLGKREVKRDLFSVSESSGEIKDFSPKNVIYDDSSQYLIMERILSQGPVYSSFKGGWKCKDHTEMLQENQGCIRKVTVSHQEALAQHMNISTVE	97	90	193	103
3848	HUMAN07439	A8MT65	279	310	NMFPVPNNLHMAQNACECNKDETLCHQSSLKK	31	329	362	33
3849	HUMAN07439	A8MT65	96	266	DQEEIRNMKKRIPQAICPDQKIQPKTKESTVQKILWEEPSNAVKMIKLTMHNWSSTLREDWECHKIRKQHKIPGGHWRQMIYAPKKTVPQELFRDYHELEENSKLGSKLIFSQSIFTSKHCQKCYSEIGCLKHNSIINNYVKNSISEKLYESHECDTTLWHFQRNQTVQKE	170	138	316	178
3851	HUMAN07447	Q6XPS3	1	58	MNESPQTNEFKGTTEEAPAKESPHTSEFKGAALVSPISKSMLERLSKFEVEDAENVAS	57	151	275	124
3853	HUMAN07449	Q99549	1	55	MEQVAEGARVTAVPVSAADSTEELAEVEEGVGVVGEDNDAAARGAEAFGDSEEDG	54	23	107	84
3854	HUMAN07452	Q8WXF1	1	62	MMLRGNLKQVRIEKNPARLRALESAVGESEPAAAAAMALALAGEPAPPAPAPPEDHPDEEMG	61	104	226	122
3856	HUMAN07453	Q9UJ78	1	237	MEKCSVGGLELTEQTPALLGNMAMATSLMDIGDSFGHPACPLVSRSRNSPVEDDDDDDDVVFIESIQPPSISAPAIADQRNFIFASSKNEKPQGNYSVIPPSSRDLASQKGNISETIVIDDEEDIETNGGAEKKSSCFIEWGLPGTKNKTNDLDFSTSSLSRSKTKTGVRPFNPGRMNVAGDLFQNGEFATHHSPDSWISQSASFPSNQKQPGVDSLSPVALLRKQNFQPTAQQQLT	236	3	248	245
3857	HUMAN07453	Q9UJ78	462	510	KKEKTSQLQLSVECGTDTLLIQENVNLPPSSTSTIADTFQEQLEEKNFE	48	475	525	50
3860	HUMAN07455	Q9Y6H8	104	136	EKKKEREEEEQLKRESPSPKEPPQDNPSSRDDR	32	103	177	74
3862	HUMAN07457	O95452	223	261	KRAQTQKNHPNHALKESKQNEMNELISDSGQNAITGFPS	38	244	302	58
3865	HUMAN07461	Q8TAD2	1	33	MLVAGFLLALPPSWAAGAPRAGRRPARPRGCAD	32	13	59	46
3866	HUMAN07461	Q8TAD2	46	87	LAAGVLSAFHHTLQLGPREQARNASCPAGGRPADRRFRPPTN	41	71	120	49
3867	HUMAN07465	Q9NRM7	1050	1085	GYPFRCPKPSGAEASQAESSDLESSDLVDQTEGCQP	35	1331	1394	63
3869	HUMAN07468	Q8IX90	382	412	LATPIAIKAVPPSKRFLKHGQNIRDVSNKEN	30	753	788	35
3870	HUMAN07470	Q5W0Z9	300	365	DPEQASVTNQNEYARSSGSNQPFPIKPLSESKNRLLDSESQWLENGAEEGIVKSGTNNHVTVAIEN	65	660	761	101
3871	HUMAN07471	Q8IYU8	1	61	MAAAAGSCARVAAWGGKLRRGLAVSRQAVRSPGPLAAAVAGAALAGAGAAWHHSRVSVAAR	60	24	166	142
3872	HUMAN07472	P31371	1	53	MAPLGEVGNYFGVQDAVPFGNVPVLPVDSPVLLSDHLGQSEAGGLPRGPAVTD	52	9	71	62
3873	HUMAN07476	Q9NZJ4	4249	4297	EESSQSRDSAPSTPTSPTEFLTPGLRSIPPLFSGRESHKTSSKHQSPKK	48	5951	6117	166
3874	HUMAN07478	Q99797	1	33	MLCVGRLGGLGARAAALPPRRAGRGSLEAGIRA	32	199	387	188
3875	HUMAN07479	B2RNN3	15	196	GNINSQDTCRQGHPGIPGNPGHNGLPGRDGRDGAKGDKGDAGEPGCPGSPGKDGTSGEKGERGADGKVEAKGIKGDQGSRGSPGKHGPKGLAGPMGEKGLRGETGPQGQKGNKGDVGPTGPEGPRGNIGPLGPTGLPGPMGPIGKPGPKGEAGPTGPQGEPGVRGIRGWKGDRGEKGKIGET	181	24	210	186
3878	HUMAN07483	Q9UKK3	95	127	YKPLDITPPPDQKASSSEVKTEGLCPDSATEEE	32	189	242	53
3879	HUMAN07484	P54707	1	46	MHQKTPEIYSVELSGTKDIVKTDKGDGKEKYRGLKNNCLELKKKNH	45	113	336	223
3880	HUMAN07485	Q9BXT8	109	144	NCSQDFKKTADQLTTGLERSASTDKTLLNSSAVMLD	35	235	297	62
3881	HUMAN07485	Q9BXT8	1104	1169	RERRINNLDNSHSLSEKSLEVPLEQEDSVVTNCIKTNFDPDKKTADIISEQKVSEFQEKILEPRTT	65	1763	1924	161
3882	HUMAN07485	Q9BXT8	1360	1397	HTEEMLKEKPRSDHDKKYEEEQWEIRFEELLSAETDTP	37	2344	2500	156
3883	HUMAN07485	Q9BXT8	309	399	DSTKCYPQENEIRQNVQKKYNNKKELSCYDTYPPLEKKKVDMSVLTSEAPPPPLQPETNDVHLEAKNFQPQKDVATASPKTIAVLPQMGSS	90	474	607	133
3884	HUMAN07486	Q9HC77	1042	1151	IKVMERFRLDAWKRAEAIESSLEVEKKDKLANTSVRFQNSQISSGTQVEKYKKNYLPMQGNPPRRSKSAPPRDLGNLDKGQAASPREPLEPLNFPDPEYKEEEEDQDIQG	109	1306	1549	243
3888	HUMAN07489	Q9Y217	540	609	RKNKQTDGILTKELLHSVHPESPNLKTSLCFKEQTLLPVNDALRTIEGSSPADNRYSEYAEEFSKSEPAV	69	1206	1448	242
3891	HUMAN07493	Q9NTI2	1115	1154	GKAVLRDSNGKRLNERDRLIKRLGRKTPPTLFRGSSLQQG	39	3616	3713	97
3895	HUMAN07495	Q9Y252	1	148	MNQSRSRSDGGSEETLPQDHNHHENERRWQQERLHREEAYYQFINELNDEDYRLMRDHNLLGTPGEITSEELQQRLDGVKEQLASQPDLRDGTNYRDSEVPRESSHEDSLLEWLNTFRRTGNATRSGQNGNQTWRAVSRTNPNNGEFR	147	37	211	174
3897	HUMAN07499	P47775	1	40	MNEDLKVNLSGLPRDYLDAAAAENISAAVSSRVPAVEPEP	39	0	40	40
3898	HUMAN07503	Q6T310	202	242	LSGERRRASIIPRPRSPNMQDLKRRFKQALSPKVKAPSALG	40	229	272	43
3899	HUMAN07506	Q9H2K0	1	77	MAALFLKRLTLQTVKSENSCIRCFGKHILQKTAPAQLSPIASAPRLSFLIHAKAFSTAEDTQNEGKKTKKNKTAFSN	76	26	142	116
3900	HUMAN07506	Q9H2K0	245	278	KNEEKAYKETQETQERDTLNKDHGNDKESNVLHQ	33	320	366	46
3902	HUMAN07507	Q8N448	425	459	QPGNTIREAGNHSSSSQHHTPPPYYSRPSSHKDLT	34	705	894	189
3903	HUMAN07508	P0DPB6	1	34	MEEDQELERKISGLKTSMAEGERKTALEMVQAAG	33	0	88	88
3904	HUMAN07512	Q9H4S2	14	162	EAGEKKAPEGSPPPLFPYAVPPPHALHGLSPGACHARKAGLLCVCPLCVTASQLHGPPGPPALPLLKASFPPFGSQYCHAPLGRQHSAVSPGVAHGPAAAAAAAALYQTSYPLPDPRQFHCISVDSSSNQLPSSKRMRTAFTSTQLLEL	148	93	279	186
3905	HUMAN07512	Q9H4S2	199	264	RVKHKKEGKGSNHRGGGGGGAGGGGSAPQGCKCASLSSAKCSEDDDELPMSPSSSGKDDRDLTVTP	65	315	400	85
3906	HUMAN07517	P36888	722	779	NFSFYPTFQSHPNSSMPGSREVQIHPDSDQISGLHGNSFHSEDEIEYENQKRLEEEED	57	1010	1097	87
3907	HUMAN07517	P36888	959	993	DGRVSECPHTYQNRRPFSREMDLGLLSPQAQVEDS	34	1281	1332	51
3908	HUMAN07518	Q58A45	1	41	MNSGGGLPPPSAAASPSSSSLAAAVAVVAPPGVGGVPGGAA	40	22	73	51
3911	HUMAN07519	P17948	932	989	KDAALHMEPKKEKMEPGLEQGKKPRLDSVTSSESFASSGFQEDKSLSDVEEEEDSDGF	57	1993	2221	228
3912	HUMAN07523	P30825	435	479	EQPNLVYQMASTSDELDPADQNELASTNDSQLGFLPEAEMFSLKT	44	1155	1221	66
3914	HUMAN07527	P09429	166	215	GKPDAAKKGVVKAEKSKKKKEEEEDEEDEEDEEEEEDEEDEDEEEDDDDE	49	270	331	61
3918	HUMAN07536	Q5TBA9	1523	1591	SKASAAASGTTSSSNTVVAGQENFPDAEENKILKESDERFSNVIRAHTRLESRYSNSSGGSYDEDKNDP	68	3635	3809	174
3919	HUMAN07536	Q5TBA9	1937	2035	RSSSPDLSSSSKLTASRKSTGQLNMNPGTTSGNTATAERSRHQRSFSVPKKFGVIDRSSDPPRSATLDRIQACTQQGLSSKTRSSSSLKDSLTDPSHIN	98	4858	5005	147
3922	HUMAN07538	A6NP61	83	218	LCKPNTKEVGVQVSPRVDKAVQCSLGPRTLSSCSPWDGRDPQEPLPACGVTSPATGRRGLIRLRRDGDEAESKALPGPAEASQPQPPSRRSGADRQEEPGQLEESGEKDAPCPQETKSKQVPGDAASEPLRRPNFQ	135	143	377	234
3923	HUMAN07539	P51587	1	227	MPIGSKERPTFFEIFKTRCNKADLGPISLNWFEELSSEAPPYNSEPAEESEHKNNNYEPNLFKTPQRKPSYNQLASTPIIFKEQGLTLPLYQSPVKELDKFKLDLGRNVPNSRHKSLRTVKTKMDQADDVSCPLLNSCLSESPVVLQCTHVTPQRDKSVVCGSLFHTPKFVKGRQTPKHISESLGAEVDPDMSWSSSLATPPTLSSTVLIVRNEEASETVFPHDTTA	226	0	244	244
3927	HUMAN07559	O15075	147	180	NPNWSVNVKTTSASRAVSSLATAKGSPSEVRENK	33	421	484	63
3928	HUMAN07559	O15075	1	54	MSFGRDMELEHFDERDKAQRYSRGSRVNGLPSPTHSAHCSFYRTRTLQTLSSEK	53	211	311	100
3929	HUMAN07559	O15075	274	374	SECRVVKSTSYTKIASSSRRSTTKSPGPSRRSKSPASTSSVNGTPGSQLSTPRSGKSPSPSPTSPGSLRKQRSSQHGGSSTSLASTKVCSSMDENDGPGEE	100	608	741	133
3930	HUMAN07559	O15075	653	740	PENEHQLSVAGKIKKHFNTGPKPNSTAAGVSVIATTALDKERQVFRRRRNQDVRSRYKAQPAPPELNSESEDYSPSSSETVRSPNSPF	87	1056	1206	150
3931	HUMAN07560	Q9NX45	142	209	NTVKTENATGPEELGLPLQRSYSEHLGYFPTDLFACSESLRNGNGLELNASLSEFEKNKKISLLHSSK	67	141	209	68
3932	HUMAN07565	Q8N0X7	337	412	ANWNRAEEENEFQIPGRTRPSSDQLKEASGTDVKQLDQGNKDVRHKGKRGKRAKDTSSEEVNLSHIVPCEPVPEEK	75	502	661	159
3933	HUMAN07565	Q8N0X7	629	666	QIVDNSQRENQEGAANVNVRGEKDEQTKEVKEAKKKDK	37	883	935	52
3934	HUMAN07565	Q8N0X7	97	176	KGLATSLQNDLQEVPKLYPEFPPKDMCEKLPEPQSFSSAPQHAEVNGNTSTPSAGAVAAPASLSLPSQSCPAEAPPAYTP	79	226	340	114
3936	HUMAN07567	A2A2V5	1	107	MSEPDTSSGFSGSVENGTFLELFPTSLSTSVDPSSGHLSNVYIYVSIFLSLLAFLLLLLIIALQRLKNIISSSSSYPEYPSDAGSSFTNLEVCSISSQRSTFSNLSS	106	33	155	122
3937	HUMAN07568	O00287	1	44	MEAQGVAEGAGPGAASGVPHPAALAPAAAPTLAPASVAAAASQF	43	1	48	47
3938	HUMAN07568	O00287	53	220	AGQDEAAAPGGSVGAGKPVRYLCEGAGDGEEEAGEDEADLLDTSDPPGGGESAASLEDLEDEETHSGGEGSSGGARRRGSGGGSMSKTCTYEGCSETTSQVAKQRKPWMCKKHRNKMYKDKYKKKKSDQALNCGGTASTGSAGNVKLEESADNILSIVKQRTGSFGDR	167	56	274	218
3939	HUMAN07569	O15198	210	249	PGSPSEPESPYQHSVDTPPLPYHATEASETQSGQPVDATA	39	233	274	41
3940	HUMAN07570	Q9Y673	1	39	MAPLLLQLAVLGAALAAAALVLISIVAFTTATKMPALHR	38	137	311	174
3941	HUMAN07572	Q8NEM7	1	32	MQQALELALDRAEYVIESARQRPPKRKYLSSG	31	22	54	32
3942	HUMAN07572	Q8NEM7	226	349	KQKMNTRPMKRCFKRYSRSSLNRQQDLSHCPPPPQLRLLDFLQKRKERKAGQHYDLKISKAGNCVDMWKRSPCNLAIPSEVDVEKYAKVEKSIKSDDSQPTVWPAHDVKDDYVFECEAGTQYQK	123	249	382	133
3943	HUMAN07575	Q8N752	304	337	KAAQQAASSSGQGQQAQTQTGKQTEKNKNNVKDN	33	380	555	175
3944	HUMAN07581	Q5SZK8	1	41	MHSAGTPGLSSRRTGNSTSFQPGPPPPPRLLLLLLLLLSLV	40	14	84	70
3945	HUMAN07581	Q5SZK8	3138	3169	KESFRGKDAPKGSSSSEPMVPPQSHHNDSSEV	31	3357	3397	40
3947	HUMAN07587	Q9Y2V7	1	31	MAEGSGEVVAVSATGAANGLNNGAGGTSATT	30	84	240	156
3951	HUMAN07593	P32519	302	462	EDPSSSIESSDPSLSSSATSNRNQTSRSRVSSSPGVKGGATTVLKPGNSKAAKPKDPVEVAQPSEVLRTVQPTQSPYPTQLFRTVHVVQPVQAVPEGEAARTSTMQDETLNSSVQSIRTIQAPTQVPVVVSPRNQQLHTVTLQTVPLTTVIASTDPSAGTG	160	333	524	191
3952	HUMAN07593	P32519	479	529	VLKENVMLQSQKAGSPPSIVLGPAQVQQVLTSNVQTICNGTVSVASSPSFS	50	540	597	57
3953	HUMAN07593	P32519	95	204	TIETIEAAEALLNMDSPGPMLDEKRINNNIFSSPEDDMVVAPVTHVSVTLDGIPEVMETQQVQEKYADSPGASSPEQPKRKKGRKTKPPRPDSPATTPNISVKKKNKDGK	109	118	236	118
3955	HUMAN07594	O75554	83	125	LGLESEILEPSITPVTSTIPPTSTSNQQKEKKEKKKRKKDPSK	42	192	357	165
3956	HUMAN07595	Q86V97	1	38	MQSREDAPRSRRLASPRGGKRPKKIHKPTVSAFFTGPE	37	0	38	38
3957	HUMAN07596	Q8WVZ9	1	39	MQSREDVPRSRRLASPRGGRRPKRISKPSVSAFFTGPEE	38	0	39	39
3958	HUMAN07599	Q6N069	575	639	NESKQQEINSENLSAKELKKMLSKQRRAQKKAKLEEERKHAERERQQKNQKKKRDEEEEEASGLK	64	1165	1314	149
3959	HUMAN07600	Q9H4X1	49	116	RHFHYEEHLERMKRRSSASVSDSSGFSDSESADSLYRNSFSFSDEKLNSPTDSTPALLSATVTPQKAK	67	91	169	78
3960	HUMAN07601	A3KMH1	1543	1588	DSGEDVSSPKHGKEDPDNMPHVGGNTWAGGTGGRDTAGLGGKGGPY	45	4597	4662	65
3961	HUMAN07602	Q86XP1	1109	1145	EDEEPPMDCTKRNNRSTVFRIVPKFKKEKVQKQKTSS	36	1408	1452	44
3962	HUMAN07602	Q86XP1	1	60	MAGAGGQHHPPGAAGGAAAGAGAAVTSAAASAGPGEDSSDSEAEQEGPQKLIRKVSTSGQ	59	33	102	69
3964	HUMAN07604	Q9UKA4	1356	1465	EGGNSELIMDQYANRLAYRSVKSGLQEAAKTTKVQCNSRMFPVPSSQVKTNKELLMFSNKEHHQEADKKRQSKRNEGYFCKNQTCERTLDPYRNEVSQLYSFSTSLVHSI	109	1728	1851	123
3966	HUMAN07604	Q9UKA4	161	333	HQKHQLETTDEDDDDTNQSVSSIEDDFVTAFEHLEEEETSKPYNDGMNITVLRSQCDAASQTVTGHHLETHDLKILISSGQQKSLAKPSTSSVNVLGHKELPSVKTSVTTSISEPWTQRSFYRSSNASDKDSDLQKTFFSSSPAYSSESECSSPSPVIFLDEEGYQKSLKAKL	172	253	448	195
3967	HUMAN07604	Q9UKA4	343	399	DDIEDSDSEVSEFFDSFDQFDELEQTLETCLFNKDPVIGKSSQRKGHKHGKSCMNPQ	56	458	535	77
3968	HUMAN07604	Q9UKA4	509	542	TNTLSNINSIKHGENKTVTFKHGNLDQKNKSKNK	33	658	705	47
3970	HUMAN07605	O14788	126	160	AVQKELQHIVGSQHIRAEKAMVDGSWLDLAKRSKL	34	155	194	39
3971	HUMAN07605	O14788	1	57	MRRASRDYTKYLRGSEEMGGGPGAPHEGPLHAPPPPAPHQPPAASRSMFVALLGLGL	56	0	78	78
3972	HUMAN07606	Q8N7L0	79	139	REALSYALVLRDSTKRASAKVAPQRTIPRKTSAMTRRCPSVLPVSVVLPRAQSKRRQVLRN	60	100	168	68
3973	HUMAN07608	Q9Y5T4	1	32	MAARGVIAPVGESLRYAEYLQPSAKRPDADVD	31	10	57	47
3975	HUMAN07609	Q8TC92	383	443	LRNAQSEQLMGIRREEEMEMSDDENCDSPTKKMRVDESALAAQAYALKEENDSLRWQLDAY	60	855	957	102
3976	HUMAN07609	Q8TC92	493	561	NKKSELEQAKEEQSHTQALLKVLQEQLKGTKELVETNGHSHEDSNEINVLTVALVNQDRENNIEKRSQG	68	1020	1151	131
3977	HUMAN07610	Q5T0U0	1	30	MSDNKERKSQGFPKEDNQDTSSLADAVEKV	29	11	81	70
3978	HUMAN07614	Q9BVW6	49	85	KGSPDVSASSDEPYARIQQSRRQCHAEEDQSQVPEAG	36	48	85	37
3979	HUMAN07616	Q8N6R1	1	34	MVAKQRIRMANEKHSKNITQRGNVAKTLRPQEEK	33	47	87	40
3981	HUMAN07624	P13984	148	177	VVTTNYKPVANHQYNIEYERKKKEDGKRAR	29	575	671	96
3982	HUMAN07625	Q8WVF5	1	31	MERKINRREKEKEYEGKHNSLEDTDQGKNCK	30	36	69	33
3983	HUMAN07628	Q96JB2	498	544	IAQSLKDEQKKVPSEASFSDVHLEEGESNSLTKSGSTESLNPRPQTT	46	2107	2226	119
3984	HUMAN07628	Q96JB2	61	100	IEDLCSLTSQSLPIELTSVVPESTEDILLKGFTSLGMEEE	39	650	812	162
3986	HUMAN07630	Q5W0A0	404	455	FKETILRIKRRREAQKLTEMTSFTFHLMSKPTPEKPETEEIQKPQRVVHHRK	51	548	617	69
3988	HUMAN07632	Q8IW03	34	96	LVCVVNPTHNLKYVSSRRAVTQSAPEQGSFHPHHLSHHHCHHRHHHHLRHHAHPHHLHHQEAG	62	58	133	75
3990	HUMAN07638	Q9Y2L9	1	60	MATPGSEPQPFVPALSVATLHPLHHPHHHHHHHQHHGGTGAPGGAGGGGGGSGGFNLPLN	59	93	212	119
3991	HUMAN07641	P28223	1	68	MDILCEENTSLSSTTNSLMQLNDDTRLYSNDFNSGEANTSDAFNWTVDSENRTNLSCEGCLSPSCLSL	67	20	119	99
3992	HUMAN07641	P28223	270	316	SDLGTRAKLASFSFLPQSSLSSEKLFQRSIHREPGSYTGRRTMQSIS	46	329	409	80
3993	HUMAN07641	P28223	404	471	KPLQLILVNTIPALAYKSSQLQMGQKKNSKQDAKTTDNDCSMVALGKQHSEEASKDNSDGVNEKVSCV	67	500	572	72
3994	HUMAN07643	Q9P2R7	1	50	MAASMFYGRLVAVATLRNHRPRTAQRAAAQVLGSSGLFNNHGLQVQQQQQ	49	140	321	181
3995	HUMAN07648	Q9NPJ6	159	270	NAVCAPLTWVPGDPRRPYPTDLEMRSGLLGQMNNPSTNGVNGHLPGDALAAGRLPDVLAPQYPWQSNDMSMNMLPPNHSSDFLLEPPGHNKENEDDVEIMSTDSSSSSSESD	111	250	407	157
3996	HUMAN07649	Q9Y287	2	52	VKVTFNSALAQKEAKKDEPKSGEEALIIPPDAVAVDCKDPDDVVPVGQRRA	50	1	70	69
3997	HUMAN07651	P06400	1	52	MPPKTPRKTAATAAAAAAEPPAPPPPPPPEEDPEQDSGPEDLPLVRLEFEET	51	37	174	137
3998	HUMAN07651	P06400	580	644	EGPTDHLESACPLNLPLQNNHTAADMYLSPVRSPKKKGSTTRVNSTANAETQATSAFQTQKPLKS	64	1144	1272	128
3999	HUMAN07651	P06400	855	928	SDRVLKRSAEGSNPPKPLKKLRFDIEGSDEADGSKHLPGESKFQQKLAEMTSTRTRMQKQKMNDSMDTSNKEEK	73	1700	1885	185
4000	HUMAN07652	P43657	305	344	KNWSVRRSDFRFSEVHGAENFIQHNLQTLKSKIFDNESAA	39	392	437	45
4002	HUMAN07657	O43193	266	296	LYGLIGRELWSSRRPLRGPAASGRERGHRQT	30	300	334	34
4003	HUMAN07657	O43193	374	412	KSRPRGFHRSRDTAGEVAGDTGGDTVGYTETSANVKTMG	38	421	474	53
4004	HUMAN07658	Q9BWV3	477	514	GAYGLEQNEPERRENGVLRPVPQKEEQHQDKKLRLGIH	37	627	675	48
4006	HUMAN07661	Q96T68	64	125	SSTSIKGASQKEVNAQSSDPMPVTQKEQENKSNAFPSTSCENSFPEDCTFLTTENKEILSLE	61	129	280	151
4007	HUMAN07662	Q9UIL8	167	211	QSAKFSGVKRKRGRKKPLSGNHVQPPETMKCNTFIRQVKEEHGRH	44	197	291	94
4008	HUMAN07665	Q9BY08	1	33	MGAEWELGAEAGGSLLLCAALLAAGCALGLRLG	32	70	127	57
4009	HUMAN07674	Q6UYE1	29	117	GWGDGPVAPGNPRDPDHVSTAPARRSGPPRARPGPGREERGGGVGTRSRRTAARANSPEEEVVRGAEGGAELLPFPRDRGPCTLAQMAM	88	28	118	90
4010	HUMAN07675	Q5TBB1	236	312	EPSASLPNPPSKKIKLSDEPVEAKEDYTKFNTKDLKTEKKNSKMTAAQKALAKVDKSGMKSIDTFFGVKNKKKIGKV	76	427	578	151
4011	HUMAN07677	A0A1B0GVH6	107	147	KPHRTQGISSTSSKSSKGGKKTPVRSTPKEIKKATPKKYSQ	40	209	265	56
4012	HUMAN07680	Q9UL03	472	515	GSVGKKVVQETGIKVRSRSHGLSMAYRKDFQQLLQGISEDVPHR	43	846	946	100
4013	HUMAN07689	Q6NSX1	191	233	LWEEERAFWMENNGHIAGEQMLEDGPHNANRGQRLLAFSRGRA	42	217	262	45
4014	HUMAN07689	Q6NSX1	1	37	MATPPFRLIRKMFSFKVSRWMGLACFRSLAASSPSIR	36	6	45	39
4015	HUMAN07690	P35670	1413	1465	SPRATPWDQVSYVSQVSLSSLTSDKPSRHSAAADDDGDKWSLLLNGRDEEQYI	52	2502	2568	66
4016	HUMAN07690	P35670	216	252	PLSLGPIDIERLQSTNPKRPLSSANQNFNNSETLGHQ	36	735	778	43
4017	HUMAN07690	P35670	432	483	STNPLGNHSAGNSMVQTTDGTPTSVQEVAPHTGRLPANHAPDILAKSPQSTR	51	985	1072	87
4020	HUMAN07693	Q5TAP6	735	766	DVGYQSSSRSDLPVIQRNPKRITTRHNKEEKL	31	1882	1931	49
4025	HUMAN07698	Q8WWK9	509	618	KSQEKANLGENMEKSCASKEEVKEVSIEDTGVDVDPEKLEMESKLHRNLLFQDCEKEQDNKTKDPTHDVKTPNTETRTSCLIKYNVSTTPYLQSVKKKVQFDGTNSAFKE	109	768	957	189
4027	HUMAN07700	Q9Y2Z0	126	167	TSSDPPALDSQSAGITGADANFSVWIKRCQEAQNGSESEVWT	41	348	522	174
4028	HUMAN07701	O75829	1	63	MTENSDKVPIALVGPDDVEFCSPPAYATLTVKPSSPARLLKVGAVVLISGAVLLLFGAIGAFY	62	68	142	74
4029	HUMAN07701	O75829	213	258	RREVVRKIVPTTTKRPHSGPRSNPGAGRLNNETRPSVQEDSQAFNP	45	335	411	76
4031	HUMAN07703	Q6UX06	1	65	MRPGLSFLLALLFFLGQAAGDLGDVGPPIPSPGFSSFPGVDSSSSFSSSSRSGSSSSRSLGSGGS	64	40	233	193
4032	HUMAN07704	P86496	1	174	MEEPRPSKRLRSMAPNQASGGPPPEPGCCVADPEGSVEADGPAQPAQPAKPIAYVKPFRRQPPARPESPPPAERGRRRGGSRRPGRGRGRRAGPRGDAGQRQGAEGLMAPDVHIQLDHHGEPGHQGEPEITETAAFSLSETGPPPGTVQEGPGPDVAQPELGFQEPPAAPGPQA	173	0	179	179
4033	HUMAN07705	P86479	1	174	MEEPRPSKRLRSMAPNQASGGPPPEPGCCVADPEGSVEADGPAQPAQPAKPIAYVKPFRRQPPARPESPPPAERGRRRGGSRRPGRGRGRRAGPRGDAGQRQGAEGLMAPDVHIQLDHHGEPGHQGEPEITETAAFSLSETGPPPGTVQEGPGPDVAQPELGFQEPPAAPGPQA	173	0	193	193
4034	HUMAN07706	P86481	1	174	MEEPRPSKRLRSMAPNQASGGPPPEPGCCVADPEGSVEADGPAQPAQPAKPIAYVKPFRRQPPARPESPPPAERGRRRGGSRRPGRGRGRRAGPRGDAGQRQGAEGLMAPDVHIQLDHHGEPGHQGEPEITETAAFSLSETGPPPGTVQEGPGPDVAQPELGFQEPPAAPGPQA	173	0	177	177
4035	HUMAN07709	O14917	750	813	PQLGGGKGKKKKINKNDIMLVQSEVEERNAMNVMNVVSSPSLATSPMYFDYQTRLPLSSPRSEV	63	807	890	83
4039	HUMAN07714	Q8N6Y1	1	60	MRGRGNARSSQALGVSWCPATWHPRLDMGRLHRPRSSTSYRNLPHLFLFFLFVGPFSCLG	59	7	77	70
4040	HUMAN07714	Q8N6Y1	916	951	GEKHPREDENLEVQIPLKGKIDLHMRERKPMDISNI	35	958	1000	42
4042	HUMAN07717	Q9NR64	1	187	MSGSGRKDFDVKHILRLRWKLFSHPSPSTGGPAGGGCLQQDGSGSFEHWGPSQSRLLKSQERSGVSTFWKKPSSSSSSSSSPSSSSSSFNPLNGTLLPVATRLQQGAPGQGTQQPARTLFYVESLEEEVVPGMDFPGPHEKGLVLQELKVEPDNSSQATGEGCGHRLSSTGHSMTPQSDLDSSSSEE	186	13	243	230
4045	HUMAN07718	Q9UI36	643	757	VQLEKTELKMDFLRERELRETLEKQLAMEQKNRAIVQKRLKKEKKAKRKLQEALEFETKRREQAEQTLKQAASTDSLRVLNDSLTPEIEADRSGGRTDAERTIQDGRLYLKTTVM	114	816	982	166
4046	HUMAN07724	Q8WXW3	1	74	MSRKISKESKKVNISSSLESEDISLETTVPTDDISSSEEREGKVRITRQLIERKELLHNIQLLKIELSQKTMMI	73	5	213	208
4047	HUMAN07724	Q8WXW3	533	598	LEKELDEIIMQTAEIENEDEAERVLFSYGYGANVPTTAKRRLKQSVHLARRVLQLEKQNSLILKDL	65	909	1023	114
4050	HUMAN07725	Q13887	1	95	MATRVLSMSARLGPVPQPPAPQDEPVFAQLKPVLGAANPARDAALFPGEELKHAHHRPQAQPAPAQAPQPAQPPATGPRLPPEDLVQTRCEMEKY	94	98	224	126
4052	HUMAN07727	O60343	1	32	MEPPSCIQDEPFPHPLEPEPGVSAQPGPGKPS	31	155	235	80
4055	HUMAN07736	Q96CX2	131	204	APQQPGPGPPPSRRGVHKEGSLGDELLPLGYSEPEQQEGASAGAPSPTLELASRSPSGGAAGPLLTPSQSLDGS	73	235	328	93
4056	HUMAN07736	Q96CX2	1	30	MALADSTRGLPNGGGGGGGSGSSSSSAEPP	29	13	113	100
4057	HUMAN07745	Q9UKT7	1	32	MKRGGRDSDRNSSEEGTAEKSKKLRTTNEHSQ	31	11	111	100
4062	HUMAN07757	O43597	1	172	MEARAQSGNGSQPLLQTPRDGGRQRGEPDPRDALTQQVHVLSLDQIRAIRNTNEYTEGPTVVPRPGLKPAPRPSTQHKHERLHGLPEHRQPPRLQHSQVHSSARAPLSRSISTVSSGSRSSTRTSTSSSSSEQRLLGSSFSSGPVADGIIRVQPKSELKPGELKPLSKEDLG	171	31	276	245
4063	HUMAN07758	Q96PX8	646	683	RKRSKRRDANSSASEINSLQTVCDSSYWHNGPYNADGA	37	865	904	39
4064	HUMAN07759	Q9H5Y7	274	303	EEHEDPSGSLHLAATSSINDSRMSTKTTSI	29	320	351	31
4065	HUMAN07759	Q9H5Y7	554	605	KKELKALNSEILCPGLVNNPSMPTQTSYLMVTTPATTTNTADTILRSLTDAV	51	604	656	52
4066	HUMAN07759	Q9H5Y7	636	779	RRRYKKKQVDEQMRDNSPVHLQYSMYGHKTTHHTTERPSASLYEQHMVSPMVHVYRSPSFGPKHLEEEEERNEKEGSDAKHLQRSLLEQENHSPLTGSNMKYKTTNQSTEFLSFQDASSLYRNILEKERELQQLGITEYLRKNI	143	687	858	171
4067	HUMAN07760	O94991	1	37	MHTCCPPVTLEQDLHRKMHSWMLQTLAFAVTSLVLSC	36	67	104	37
4068	HUMAN07760	O94991	311	354	ASVNSVATSSSAVYKPPLKPPKGTRQPNKPRVRPTSRQPSKDLG	43	377	422	45
4070	HUMAN07761	P78333	347	377	RPVRTPTQSPRCSFDQSKEKHGMKTTTRNSE	30	600	654	54
4071	HUMAN07761	P78333	474	572	PKPDKWELLQLGSGGGMVEQVSGDCDDEDGCGGSGSGEVKRTLKITDWMPDDMNFSDVKQIHQTDTGSTLDTTGAGCAVATESMTFTLISVVMLLPGIW	98	782	952	170
4072	HUMAN07762	Q9Y625	340	378	GCGQPKPAPALRSARSAPENFNTRFRPYNPEERPTTAAG	38	395	457	62
4074	HUMAN07766	Q9Y651	74	244	DYKYRPRRKPKTLLKKDKFAFPVPYGLGGVADAEHPALKAGAGLHAGAGGGLVPESLLANPEKAAAAAAAAAARVFFPQSAAAAAAAAAAAAAGSPYSLLDLGSKMAEISSSSSGLPYASSLGYPTAGAGAFHGAAAAAAAAAAAAGGHTHSHPSPGNPGYMIPCNCSAWP	170	124	335	211
4075	HUMAN07767	O15439	632	693	KKDNEESEQPPVPGTPTLRNRTFSESSVWSQQSSRPSLKDGALESQDTENVPVTLSEENRSE	61	1961	2109	148
4078	HUMAN07772	Q13217	1	30	MVAPGSVTSRLGSVFPFLLVLVDLQYEGAE	29	60	186	126
4079	HUMAN07774	Q8IZP7	1	118	MDERFNKWLLTPVLTLLFVVIMYQYVSPSCTSSCTNFGEQPRAGEAGPPAVPGPARRAQAPPEEWERRPQLPPPPRGPPEGPRGAAAPEEEDEEPGDPREGEEEEEEDEPDPEAPENG	117	25	155	130
4080	HUMAN07774	Q8IZP7	426	459	EHQRDRQKRREERRLQREHRDHQWPKEDGAAEGT	33	482	544	62
4081	HUMAN07776	Q5VZF2	244	273	IKAAQHQANQAAVAAQAAAAAATVMAFPPG	29	517	566	49
4082	HUMAN07787	Q8IZP6	1	175	MAAPPSPGRTADQADQVCTFLFKKPGRKGAAGLRKRPACDPEHGESSSSGDEGDTVAQPPRVAPRPRGLHSWQKAAHGDRRGEEAAPESLDVVYRSTRSAKPVGPEDMGATADFEQDTEKEHHTPTILKCSQRVQEALRGREHDHIYRGIHSYLRYLKPKDTSMGNSSSGMARKG	174	79	328	249
4083	HUMAN07788	Q9Y6E0	344	397	KDPKNLENGALQPSDLDRNKMKDIPKRPFSQCLSTIISPLFAELKEKSQACGGN	53	455	596	141
4084	HUMAN07794	Q8NBM4	219	302	EPIFSSSEPTSEARIGMGATLDIQRQQRMELLDRQLMFSQFAQGRRQRQQQGGMINWNRLFPPLRQRQNVNYQGGRQSEPAAPP	83	404	600	196
4085	HUMAN07798	P32249	324	361	KRQVSVSISSAVKSAPEENSREMTETQMMIHSKSSNGK	37	348	396	48
4086	HUMAN07800	Q8N0X4	1	40	MALRLLRRAARGAAAAALLRLKASLAADIPRLGYSSSSHH	39	173	280	107
4088	HUMAN07803	Q96T25	567	618	SLRKHMKIHCKSPPPSPGPLGYSSVGTPVGAPLSPVLDPARSHSSTLSPQVT	51	741	809	68
4089	HUMAN07803	Q96T25	630	663	GAPSHLHTPSSNGTTSETEDEEIYGNPEVVRTIH	33	820	863	43
4091	HUMAN07804	O95409	400	528	KSYTHPSSLRKHMKVHESSPQGSESSPAASSGYESSTPPGLVSPSAEPQSSSNLSPAAAAAAAAAAAAAAAVSAVHRGGGSGSGGAGGGSGGGSGSGGGGGGAGGGGGGSSGGGSGTAGGHSGLSSNFN	128	591	740	149
4092	HUMAN07805	P05165	1	34	MAGFWVGTAPLVAAGRRGRWPPQQLMLSAALRTL	33	132	177	45
4095	HUMAN07817	Q5VZV1	1	55	MDVCLSSAQQPGRRGEGLSSPGGWLEAEKKGAPQKDSTGGVLEESNKIEPSLHSL	54	48	141	93
4097	HUMAN07822	P28715	221	288	AMPEESDDFSQYQLKGLLKKNYLNQHIEHVQKEMNQQHSGHIRRQYEDEGGFLKEVESRRVVSEDTSH	67	1569	1765	196
4099	HUMAN07824	Q12908	1	33	MNDPNSCVDNATVCSGASCVVPESNFNNILSVV	32	133	288	155
4100	HUMAN07824	Q12908	316	348	GKNKAEIPESKENGTEPESSFYKANGGFQPDEK	32	663	710	47
4101	HUMAN07829	P52799	167	283	DASSAGSTRNKDPTRRPELEAGTNGRSSTTSPFVKPNPGSSTDGNSAGHSGNNILGSEVALFAGIASGCIIFIVIIITLVVLLLKYRRRHRKHSPQHTTTLSLSTLATPKRSGNNNG	116	238	377	139
4103	HUMAN07830	Q9NWB6	239	273	KLEQERQRQQKEEQKIILGKGKSRPKLSFSLKTQD	34	728	792	64
4104	HUMAN07832	B1AL88	369	421	LTNDEPECCDVRREEKSNNPSKGTVEKSGSCHRTSLTVSSATRLCNSRLKLCV	52	427	486	59
4105	HUMAN07832	B1AL88	67	153	ARDKEHQQQQRQQQQQQQQQRQRQQQQQQRRQQEPSWPALLASMGESSPAAQAHRLLSASSSPTLPPSPGDGGGGGGKGNRGKDDRG	86	84	193	109
4107	HUMAN07838	Q9Y4H2	1261	1317	EPGLPPQPQPPPPPLPQPGDKSSWGRTRSLGGLISAVGVGSTGGGCGGPGPGALPPA	56	1680	1743	63
4108	HUMAN07838	Q9Y4H2	148	182	AAAGDAPPAAAPAASCSASLPGALGGSAGAAGAED	34	307	357	50
4112	HUMAN07843	Q8IW45	1	46	MVTRAGAGTAVAGAVVVALLSAALALYGPPLDAVLERAFSLRKAHS	45	12	116	104
4113	HUMAN07850	Q9NXR5	265	390	KNSSSVSNTLTNGCVINGHLDFPSTTPLSGMESRNGQCLTGTNGISSGLAPGQPFPSSQGSLCISGTEEPEKTLRANPELCGSLHLNGSPSSCIASRPSWVEDIGDNLYYGHYHGFGDTAESIPEL	125	359	511	152
4114	HUMAN07858	Q8N6K0	87	151	KEKAIPVDVALPQKSSEKAELASSSSKLGLKPASPGPPSAGPSMKSDEDKDDVTGTITEAEETED	64	116	189	73
4115	HUMAN07860	Q96KW9	22	195	TELRPRTVIPGSPTEIPFSSKQEDMSELLDEILVQEILDLNKTTPSEMPSTASTLSTPLHAGIDENYQAGGSENYHELLENLQFSPGIEVKISNDEANANANLHGDPSENYRGPQVSPGSEKSVSSKEKNSKNTQYENLSILDQILQNIGRSSGNIFHKEQQRTSAQRRSQGSQ	173	38	239	201
4117	HUMAN07869	O15068	552	628	ASLKKLAARQTRPVQPVAPRPEALAKSPCPSPGIRRGSENSSSEGGALRRGPYRRAKSEMSESRQGRGSAGEEEESL	76	1199	1364	165
4119	HUMAN07882	P00742	175	228	QTLERRKRSVAQATSSSGEAPDSITWKPYDAADLDPTENPFDLLDFNQTQPERG	53	286	413	127
4120	HUMAN07885	Q13619	1	40	MADEAPRKGSFSALVGRTNGLTKPAALAAAPAKPGGAGGS	39	16	226	210
4121	HUMAN07886	P11279	186	216	RGETRCEQDRPSPTTAPPAPPSPSPSPVPKS	30	405	491	86
4122	HUMAN07896	Q14186	21	113	NLSPGKGVVSLVAVHPSTVNPLGKQLLPKTFGQSNVNIAQQVVIGTPQRPAASNTLVVGSPHTPSTHFASQNQPSDSSPWSAGKRNRKGEKNG	92	26	127	101
4123	HUMAN07896	Q14186	341	410	TVGGVFITTAGSTSNGTRFSASDLTNGADGMLATSSNGSQYSGSRVETPVSYVGEDDEEDDDFNENDEDD	69	355	445	90
4124	HUMAN07900	Q8WV15	1	45	MQPPVPGPLGLLDPAEGLSRRKKTSLWFVGSLLLVSVLIVTVGLA	44	7	101	94
4125	HUMAN07900	Q8WV15	258	306	EPVPTCSSYPLPLQPCSRFPVAPSSALASSEDLQPPSPSSSGSGLPGQA	48	484	580	96
4127	HUMAN07906	Q9H1J1	188	217	EEKTSANPETLLGEMEAKTRELIARRTTPL	29	333	368	35
4128	HUMAN07906	Q9H1J1	1	65	MRSEKEGAGGLRAAVAARGPSGREKLSALEVQFHRDSQQQEAETPPTSSSGCGGGAGKPREEKRT	64	81	186	105
4131	HUMAN07910	A6NI47	362	508	EKQILKVSSENSNPEQDLKLTSEEESQRLKGSENSQPEEMSQEPEINKGGDRKVEEEMKKHGSTHMGFPENLPNGATADNGDDGLIPPRKSRTPESQQFPDTENEQYHSDEQNDTQKQLSEEQNTGILQDEILIHEEKQIEVAENEF	146	363	510	147
4132	HUMAN07912	Q6S5H5	363	508	KQMLKVSSENSNPEQDLKLTSEEESQRLKGSENSQPEEMSQEPEINKGGDRKVEEEMKKHGSTHMGFPENLPNGATADNGDDGLIPPRKSRTPESQQFPDTENEQYHSDEQNDTQKQLSEEQNTGILQDEILIHEEKQIEVAENEF	145	382	528	146
4133	HUMAN07912	Q6S5H5	68	126	CFPWCRGSSKSNVGTSGDHDDSAMKTLRSKMGKWCCHCFPCCRGSGKSKVGPWGDYDDS	58	67	126	59
4134	HUMAN07933	Q9NPC3	167	277	RNRQYQKLQGLYDSLRLRNITIANHEGTLEPSMIAQSGVLGFPLGNNSKFPLDNTPVRNRGDGDGDFQFRPFFAGSPTAPEPSNSFFSFVSPSRELEQQQVSSRAFKVKRI	110	260	469	209
4137	HUMAN07964	Q9NP94	130	159	AAGGSTVQDEEWGGAHIFELHSHGHLPSPS	29	346	532	186
4138	HUMAN07964	Q9NP94	1	35	MEQLLGIKLGCLFALLALTLGCGLTPICFKWFQID	34	63	201	138
4139	HUMAN07965	Q9UN36	320	364	SCMTRLSRSRTASLTSAASVDGNRSRSRTLSQSSESGTLSSGPPG	44	783	947	164
4140	HUMAN07967	P59282	136	170	ESGKGKGIAGREEMTDNTGYVSGYKGSGTYDKKTK	34	276	325	49
4141	HUMAN07974	Q8TER5	1430	1519	AGPSLPGLSPGACSLPARVEEEAWDLDVKQISLAPETLDSSGDVSPGPRNSPSLQPPHPGSSTPTLASRGILGLSRQSHARALSDPTTPL	89	2324	2428	104
4144	HUMAN07977	P0C7T8	168	217	SQSLHYQELQEGFSELEEVPGLENGPTVASTGANERVGQREQTRAALLPP	49	215	269	54
4145	HUMAN07977	P0C7T8	31	60	HLLVLAVSQLWLAVVVVPLAVSVACLNSDC	29	71	101	30
4148	HUMAN07980	Q96KN7	441	543	LKLEVTNILQKHKQEVELLQNAATISQPPDRQSEPATHPAVLQENTQIEPSEPKNQEEKKLSQVLNELQVSHAETTLELEKTRDMLILQRKINVCYQEELEAM	102	616	772	156
4149	HUMAN07980	Q96KN7	578	616	ILRSHDLPTSEQLKDVAYGTRPLSLCLETLPAHGDEDKV	38	806	858	52
4153	HUMAN07987	Q9HCK8	1390	1439	SKNNLVIDTPRVRKQTRHFSTLKDDDLVEFSDLESEDDERPRSRRHDRHH	49	1747	1809	62
4154	HUMAN07987	Q9HCK8	1663	1736	PDDKAIAAEHRVLDNFSDIVEGVDFDKDCEDPEYKPLQGPPKDQDDEGDPLMMMDEEISVIDGDEAQVTQQPGH	73	2054	2138	84
4155	HUMAN07987	Q9HCK8	1744	1781	ALTARLRRLVTAYQRSYKREQMKIEAAERGDRRRRRCE	37	2145	2183	38
4158	HUMAN07989	Q8WUD1	181	213	EANGIKIGPQQSISTSVGPSASQRNSRDIGSNS	32	340	394	54
4160	HUMAN07994	Q86U44	164	243	KGPGEVAGTVTGQKRRAEQDSTTVAAFASSLVSGLNSSASEPAKEPAKKSRKHAASDVDLEIESLLNQQSTKEQQSKKVS	79	280	422	142
4161	HUMAN07994	Q86U44	1	73	MSDTWSSIQAHKKQLDSLRERLQRRRKQDSGHLDLRNPEAALSPTFRSDSPVPTAPTSGGPKPSTASAVPELA	72	50	175	125
4162	HUMAN08040	A0A0B4J265	1	30	MKLVTSITVLLSLGIMGDAKTTQPNSMESN	29	0	33	33
4163	HUMAN08121	Q8NGC5	317	347	AVLRSRLSSNKDHQGRACSSPPCVYSVKLQC	30	316	352	36
4164	HUMAN08127	P50281	1	30	MSPAPRPPRCLLLPLLTLGTALASLGSAQS	29	0	55	55
4165	HUMAN08130	Q7Z4F1	536	687	MTPGGGPGARRRQRGRLMRRLVRRLRRWGLLPRTNTPARASEARSQVTPSAAPLEALDGGTGPAREGGAVGGQDGEQAPPLPIKAPLPSASTSPAPTTVPEAPGPLPSLPLEPSLLSGVVQALRGRLLPSLGPPGPTRSPPGPHTAVLALED	151	679	903	224
4166	HUMAN08131	Q8IYK8	1	111	MHTDLDTDMDMDTETTALCPSGSRRASPPGTPTPEADATLLKKSEKLLAELDRSGLPSAPGAPRRRGSMPVPYKHQLRRAQAVDELDWPPQASSSGSSDSLGSGEAAPAQK	110	3	191	188
4168	HUMAN08132	Q86U06	378	420	GIQLPSTAAAAAAAAAQAAALQLNGAVPLGALNPAALTALSPA	42	713	803	90
4169	HUMAN08139	Q9H972	464	518	KHGTKANRVYGPPSDRLPSAEAQLLPPELYNPNFQEEEDEGGDENAPGSPSFDQP	54	524	590	66
4171	HUMAN08140	P28074	1	37	MALASVLERPLPVNQRGFFGLGGRADLLDLGPGSLSD	36	101	212	111
4172	HUMAN08143	A5LHX3	253	300	EPEPEEDASHAHPEPATAHRAAEDRELSVGPGEVTPGDSRMPAGTETV	47	351	407	56
4173	HUMAN08144	Q86UP0	1	38	MWGLVRLLLAWLGGWGCMGRLAAPARAWAGSREHPGPA	37	23	67	44
4174	HUMAN08148	Q9NWQ9	1	30	MPLESSSSMPLSFPSLLPSVPHNTNPSPPL	29	0	97	97
4175	HUMAN08149	A0A1B0GTW7	1	57	MLLLLLLLLLLPPLVLRVAASRCLHDETQKSVSLLRPPFSQLPSKSRSSSLTLPSSR	56	0	104	104
4177	HUMAN08151	Q9UHI5	1	33	MEEGARHRNNTEKKHPGGGESDASPEAGSGGGG	32	26	100	74
4178	HUMAN08151	Q9UHI5	498	535	VERGSGTEEANEDMEEQQQPMYQPTPTKDKDVAGQPQP	37	844	945	101
4179	HUMAN08153	A8MTL3	114	300	DKELSVLRKENGELKKFLAILKESPSRYQGSRSITPRPVGITSPSQSVTPRPSFQHSSQVVSRSSSAESIPYREAGFGSLGQGGRGLQGRRTPRDSYNETPSPASTHSLSYRTSSASSGQGIFSFRPSPNGHSGHTRVLTPNNFAQRESTTTLESLPSFQLPVLQTLYQQRRHMGLPSGREAWTTSR	186	138	371	233
4180	HUMAN08155	Q9H7J1	1	84	MSRERPPGTDIPRNLSFIAALTERAYYRSQRPSLEEEPEEEPGEGGTRFGARSRAHAPSRGRRARSAPAGGGGARAPRSRSPDT	83	75	189	114
4181	HUMAN08159	Q86U42	1	159	MAAAAAAAAAAGAAGGRGSGPGRRRHLVPGAGGEAGEGAPGGAGDYGNGLESEELEPEELLLEPEPEPEPEEEPPRPRAPPGAPGPGPGSGAPGSQEEEEEPGLVEGDPGDGAIEDPELEAIKARVREMEEEAEKLKELQNEVEKQMNMSPPPGNAGPV	158	1	205	204
4182	HUMAN08159	Q86U42	250	301	NRPGISTTDRGFPRARYRARTTNYNSSRSRFYSGFNSRPRGRVYRGRARATS	51	324	408	84
4184	HUMAN08162	Q9H293	1	83	MRERPRLGEDSSLISLFLQVVAFLAMVMGTHTYSHWPSCCPSKGQDTSEELLRWSTVPVPPLEPARPNRHPESCRASEDGPLN	82	3	111	108
4185	HUMAN08164	P13533	1908	1939	AEERADIAESQVNKLRAKSRDIGAKQKMHDEE	31	2248	2326	78
4187	HUMAN08168	Q9C0A1	1	106	MATLNSASTTGTTPSPGHNAPSLPSDTFSSSTPSDPVTKDPPAASSTSENMRSSEPGGQLLESGCGLVPPKEIGEPQEGPDCGHFPPNDPGVEKDKEQEEEEEGLP	105	0	130	130
4188	HUMAN08168	Q9C0A1	2357	2439	APPAVFGPQLQGAYFQQLYGMKKGLFPMNPMIPQTLIGLLPNALLQPPPQPPEPTATAPPKPPELPAPGEGEAGEVDELLTGS	82	2639	2730	91
4189	HUMAN08168	Q9C0A1	2517	2572	SAHRRKAAPPQGGPPISITNAATAASAAVAFAKEEARLPHTDSNPKTTTTSTLLAL	55	2807	2866	59
4191	HUMAN08181	Q8ND23	789	820	AEGHNKMLSNVAERVTVPRNFIRGALLEQAGQ	31	1124	1158	34
4193	HUMAN08183	P54845	1	136	MALPPSPLAMEYVNDFDLMKFEVKREPSEGRPGPPTASLGSTPYSSVPPSPTFSEPGMVGATEGTRPGLEELYWLATLQQQLGAGEALGLSPEEAMELLQGQGPVPVDGPHGYYPGSPEETGAQHVQLAERFSDAA	135	44	272	228
4194	HUMAN08188	Q8TEB1	1	130	MGSRNSSSAGSGSGDPSEGLPRRGAGLRRSEEEEEEDEDVDLAQVLAYLLRRGQVRLVQGGGAANLQFIQALLDSEEENDRAWDGRLGDRYNPPVDATPDTRELEFNEIKTQVELATGQLGLRRAAQKHS	129	67	277	210
4195	HUMAN08188	Q8TEB1	515	546	AEYFQDDMPESEECASAPAPVPQSSTPFSSPQ	31	867	957	90
4196	HUMAN08191	Q06323	50	99	NEANLSNLKAPLDIPVPDPVKEKEKEERKKQQEKEDKDEKKKGEDEDKGP	49	61	138	77
4197	HUMAN08198	Q00978	121	198	SGQPGTQKVPSKRQHSSVSSERKEEEDAMQNCTLSPSVLQDSLNNEEEGASGGAVHSDIGSSSSSSSPEPQEVTDTTE	77	188	352	164
4199	HUMAN08200	O95072	326	356	RAHCWECPMVQPPERTIRGPAELFRTPTLSG	30	598	636	38
4200	HUMAN08200	O95072	371	486	QPPPKALRRELPEEAAAEEERRKIEVPSEIEVPREALEPSVPLMVSLEISLEAAEEEKSRISLIPPEERWAWPEVEAPEAPALPVVPELPEVPMEMPLVLPPELELLSLEAVHRAV	115	651	893	242
4201	HUMAN08202	Q8TEX9	627	658	DGSSSFLLFDDESDGEEEEELMDEDVEEEDDS	31	1709	1830	121
4202	HUMAN08216	Q9BSI4	179	381	PGVSITSSLAWRQYGVDMGWLLPECSVTDSVNLAEPMEQNPPQQQRLALHNPLPKAKPGTHLPQGPSSRTHPEPLAGRHFNLAPLGRRRVQSQWASTRGGHKERPTVMLFPFRNLGSPTQVISKPESKEEHAIYTADLAMGTRAASTGKSKSPCQTLGGRALKENPVDLPATEQKENCLDCYMDPLRLSLLPPRARKPVCPPS	202	199	417	218
4203	HUMAN08217	P22735	1	103	MMDGPRSDVGRWGGNPLQPPTTPSPEPEPEPDGRSRRGGGRSFWARCCGCCSCRNAADDDWGPEPSDSRGRGSSSGTRRPGSRGSDSRRPVSRGSGVNAAGDG	102	41	228	187
4205	HUMAN08223	Q15722	307	352	GTGSEASSTRRGGSLGQTARSGPAALEPGPSESLTASSPLKLNELN	45	522	581	59
4207	HUMAN08226	Q9Y572	309	428	RSSNRRFSIPESGQGGTEMDGFRRTIENQHSRNDVMVSEWLNKLNLEEPPSSVPKKCPSLTKRSRAQEEQVPQAWTAGTSSDSMAQPPQTPETSTFRNQMPSPTSTGTPSPGPRGNQGAE	119	395	518	123
4208	HUMAN08226	Q9Y572	473	518	ALPTWGLAPSGKGRGLQHPPPVGSQEGPKDPEAWSRPQGWYNHSGK	45	565	616	51
4209	HUMAN08230	Q9P2P1	210	333	GISDSHSDPEVLICPPQQQKEAPAMVSVGESPGPFVDMGTLQNRGPENSKRLSSLGATGSLITAQSTPQEAANQLVRVGSNNQDGMDSAQEEGTVQATSSQDSTNHTQALLKQRQVQKIEDKLL	123	212	421	209
4211	HUMAN08230	Q9P2P1	948	1042	NRLDTDIGNFLKVWKTLPPSSASVTELSDDADSGPLESLPNMEEVREEKEERQDEEQRQGQGTQKAAEEDDLDSSLASVFRVECPSLSEEILRCL	94	1132	1288	156
4212	HUMAN08231	Q6UW01	1	32	MLGAKPHWLPGPLHSPGLPLVLVLLALGAGWA	31	44	87	43
4214	HUMAN08233	O15037	595	628	ARTQGSSKAQHPSRGFAEHGKQQQGREEEKGSGG	33	1554	1700	146
4215	HUMAN08246	P51513	127	169	VAKTEPVSILQPQTTVNPDRIKQTLPSSPTTTKSSPSDPMTTS	42	442	486	44
4216	HUMAN08246	P51513	1	46	MMAAAPIQQNGTHTGVPIDLDPPDSRKRPLEAPPEAGSTKRTNTGE	45	193	358	165
4217	HUMAN08246	P51513	344	419	ALAAAAASANPAAAAANLLATYASEASASGSTAGGTAGTFALGSLAAATAATNGYFGAASPLAASAILGTEKSTDG	75	834	1024	190
4218	HUMAN08248	P55316	1	179	MLDMGDRKEVKMIPKSSFSINSLVPEAVQNDNHHASHGHHNSHHPQHHHHHHHHHHHPPPPAPQPPPPPQQQQPPPPPPPAPQPPQTRGAPAADDDKGPQQLLLPPPPPPPPAAALDGAKADGLGGKGEPGGGPGELAPVGPDEKEKGAGAGGEEKKGAGEGGKDGEGGKEGEKKNGKY	178	54	300	246
4219	HUMAN08248	P55316	346	489	TQNSLGNNHSFSTANGLSVDRLVNGEIPYATHHLTAAALAASVPCGLSVPCSGTYSLNPCSVNLLAGQTSYFFPHVPHPSMTSQSSTSMSARAASSSTSPQAPSTLPCESLRPSLPSFTTGLSGGLSDYFTHQNQGSSSNPLIH	143	467	690	223
4220	HUMAN08257	O43405	126	159	GKSSTQEATGQAVSTAHPPTGKRLKKTPEKKTGN	33	363	461	98
4221	HUMAN08259	Q13033	1	69	MDELAGGGGGGPGMAAPPRQQQGPGGNLGLSPGGNGAAGGGGPPASEGAGPAAGPELSRPQQYTIPGIL	68	215	432	217
4225	HUMAN08277	Q13023	1194	1284	KESETLNVIDPGLMDLNGMSEDALEWDEMDISNKLISLNEESNDLDQELQPVIPSLKLGETSNEDPGYDEEADNHGGSQYASNITAPSSPH	90	1514	1645	131
4227	HUMAN08277	Q13023	1	57	MLTMSVTLSPLRSQDLDPMATDASPMAINMTPTVEQGEGEEAMKDMDSDQQYEKPPP	56	28	135	107
4228	HUMAN08286	Q56P03	1	134	MNRLPDDYDPYAVEEPSDEEPALSSSEDEVDVLLHGTPDQKRKLIRECLTGESESSSEDEFEKEMEAELNSTMKTMEDKLSSLGTGSSSGNGKVATAPTRYYDDIYFDSDSEDEDRAVQVTKKKKKKQHKIPTN	133	8	226	218
4229	HUMAN08292	Q9NRL2	1014	1073	RYELLSEENKENGIIKTVNEDVEEMEIDEQTKVIVKDRLLGIKTETPSTVSTNASTPQSV	59	2259	2460	201
4231	HUMAN08292	Q9NRL2	144	182	HQNGFANGHVNSVDGETIIISDSDDSETQSCSFQNGKKK	38	348	427	79
4233	HUMAN08292	Q9NRL2	667	774	IRKRKEEKLKEQEQKMKEKQEKLKEDEQRNSTADISIGEEEREDFDTSIESKDTEQKELDQDMVTEDEDDPGSHKRGRRGKRGQNGFKEFTRQEQINCVTREPLTADE	107	1384	1614	230
4234	HUMAN08292	Q9NRL2	832	877	LTEDMLLPRPSSFQNNVQSQDPQVSTKTGEPLMSESTSNIDQGPRD	45	1789	2019	230
4236	HUMAN08305	O15091	52	111	SPQNTKATNLIAKARYLRKDEGSNKQVYSVPHFFLAGAAKERSQMNSQTEDHALAPVRNT	59	72	183	111
4237	HUMAN08309	P25963	1	62	MFQAAERPQEWAMEGPRDGLKKERLLDDRHDSGLDSMKDEEYEQMVKELQEIRLEPQEVPRG	61	40	180	140
4238	HUMAN08310	Q96T92	484	520	IREKHRLWHAVREELLLPALAGAPPETSGPSGPSDGS	36	610	661	51
4239	HUMAN08313	Q5PSV4	1	61	MPVHSRGDKKETNHHDEMEVDYAENEGSSSEDEDTESSSVSEDGDSSEMDDEDCERRRMEC	60	60	148	88
4240	HUMAN08314	Q9NS73	95	137	EENTTAVEEIGRTEMGNKNEVNDKFSIGDLQEEEKHKESDLRD	42	128	177	49
4241	HUMAN08319	O15522	1	88	MATSGRLSFTVRSLLDLPEQDAQHLPRREPEPRAPQPDPCAAWLDSERGHYPSSDESSLETSPPDSSQRPSARPASPGSDAEKRKKRR	87	1	159	158
4242	HUMAN08320	P55771	115	341	YNVPSVSSISRILRNKIGNLAQQGHYDSYKQHQPTPQPALPYNHIYSYPSPITAAAAKVPTPPGVPAIPGSVAMPRTWPSSHSVTDILGIRSITDQVSDSSPYHSPKVEEWSSLGRNNFPAAAPHAVNGLEKGALEQEAKYGQAPNGLPAVGSFVSASSMAPYPTPAQVSPYMTYSAAPSGYVAGHGWQHAGGTSLSPHNCDIPASLAFKGMQAAREGSHSVTASAL	226	200	447	247
4243	HUMAN08322	Q8TD10	181	216	VMSRLQLAIEERDEAIARAKHMEMSLKVLENINPEE	35	355	391	36
4245	HUMAN08322	Q8TD10	329	391	YKKLEEEIQTLRVYYSLHKSLSQEENLKDQFNYTLSTYEEALKNRENIVSITQQQNEELATQL	62	511	576	65
4246	HUMAN08323	P55317	1	168	MLGTVKMEGHETSDWNSYYADTQEAYSSVPVSNMNSGLGSMNSMNTYMTMNTMTTSGNMTPASFNMSYANPGLGAGLSPGAVAGMPGGSAGAMNSMTAAGVTAMGTALSPSGMGAMGAQQAASMNGLGPYAAAMNPCMSPMAYAPSNLGRSRAGGGGDAKTFKRSYPH	167	31	255	224
4247	HUMAN08323	P55317	263	389	QKRFKCEKQPGAGGGGGSGSGGSGAKGGPESRKDPSGASNPSADSPLHRGVHGKTGQLEGAPAPGPAASPQTLDHSGATATGGASELKTPASSTAPPISSGPGALASVPASHPAHGLAPHESQLHLK	126	349	519	170
4248	HUMAN08323	P55317	406	454	MSSSEQQHKLDFKAYEQALQYSPYGSTLPASLPLGSASVTTRSPIEPSA	48	537	597	60
4249	HUMAN08327	P30872	1	54	MFPNGTASSPSSSPSPSPGSCGEGGGSRGPGAGAADGMEEPGRNASQNGTLSEG	53	42	133	91
4250	HUMAN08327	P30872	345	391	NAAEEPVDYYATALKSRAYSVEDFQPENLESGGVFRNGTCTSRITTL	46	479	555	76
4251	HUMAN08328	Q86T13	276	490	GFELGKDGRSCVTSGEGQPTLGGTGVPTRRPPATATSPVPQRTWPIRVDEKLGETPLVPEQDNSVTSIPEIPRWGSQSTMSTLQMSLQAESKATITPSGSVISKFNSTTSSATPQAFDSSSAVVFIFVSTAVVVLVILTMTVLGLVKLCFHESPSSQPRKESMGPPGLESDPEPAALGSSSAHCTNNGVKVGDCDLRDRAEGALLAESPLGSSDA	214	295	519	224
4252	HUMAN08336	Q9H307	1	165	MAVAVRTLQEQLEKAKESLKNVDENIRKLTGRDPNDVRPIQARLLALSGPGGGRGRGSLLLRRGFSDSGGGPPAKQRDLEGAVSRLGGERRTRRESRQESDPEDDDVKKPALQSSVVATSKERTRRDLIQDQNMDEKGKQRNRRIFGLLMGTLQKFKQESTVATE	164	55	288	233
4254	HUMAN08337	Q96PC5	1	64	MAKFGVHRILLLAISLTKCLESTKLLADLKKCGDLECEALINRVSAMRDYRGPDCRYLNFTKGE	63	0	64	64
4256	HUMAN08340	Q7Z6M2	1	65	MLLFLSVPQPRPPGARTRAGAARVARWRRLRLQQLRRLRGLLRVLRGRPGAGSRRRGRMALCGQA	64	0	216	216
4257	HUMAN08341	Q96NI6	384	415	TNHIHEPDPGSSDISTSTKSGSNTSSSNGDTK	31	514	553	39
4260	HUMAN08346	Q86UA1	602	634	DSLKRKAENGSEEPEEKKAHTEDTTSSSTQMID	32	1567	1670	103
4261	HUMAN08348	Q00688	74	108	GTESISKVSEQVKNVKLNEDKPKETKSEETLDEGP	34	144	216	72
4262	HUMAN08350	Q8IYD8	1	63	MSGRQRTLFQTWGSSISRSSGTPGCSSGTERPQSPGSSKAPLPAAAEAQLESDDDVLLVAAYE	62	14	124	110
4263	HUMAN08350	Q8IYD8	647	757	YEPEKPSRNLQRKSSIFSYRDGMRQSSLKKDWFLSEEEFKLWNRLYRLRDSDEIKEITLPQVQFSSLQNEENKPAQESTTGIHQLSLSEWRLWQDHPLPTHQVDHSDRCRH	110	813	938	125
4265	HUMAN08351	Q6P0N0	276	375	ADEQFQNTNAETLSTNCIPIKNGSLLMVSDSERTTEGTSQQKVKEGNGKTVPGETGLPGSMKDTCKIVLATPRLHITIPRRSKRNISKLSPPRIFQTVTN	99	587	705	118
4267	HUMAN08360	Q969Q0	1	63	MVNVPKTRRTFCKKCGKHQPHKVTQYKKGKDSLYAQGRRRYDRKQSGYGGQTKPIFRKKAKTT	62	99	206	107
4268	HUMAN08362	Q9NVR5	207	252	GVIPARPDGEPKGPLPDFPYPYQYPAAPGPRAPSPPEAALQPAPTE	45	269	334	65
4269	HUMAN08362	Q9NVR5	354	517	RREPAVAVAAAAPEESADRSGTDGQACASAREGEAGPARSRAEDGGHDTCVAGAAGSGVTTLGDPEVAPPPAAAGEERVPKPGEQDLSRHAGSPPGSVEEPSPGGENSPGGGGSPCLSSRSLAWGSSAGRESARGDSSVETREESEGTGGQRSACAMGGPGTKS	163	438	616	178
4270	HUMAN08362	Q9NVR5	674	794	SNSDQLQGKEERVNEESHLTEKEYIEHCNTPTTDSDSSIAVKALQIDSFGLVTCFQQESLDVSQMILGKSQQPESKMQSEFIKEKSATCSNEEKDNLNESVITEEKETDGDHLSSLLNKTT	120	825	999	174
4271	HUMAN08368	O60524	415	455	LLSEEEDDDVDGDVNVEKNETEPPKGKKKKQKNKQLQKPQK	40	1862	1948	86
4274	HUMAN08373	Q9H9P8	1	45	MVPALRYLVGACGRARGLFAGGSPGACGFASGRPRPLCGGSRSAS	44	290	451	161
4275	HUMAN08380	Q00532	296	357	DLAKEHNKPTRKTLRKSRKHHCFTETSKLQYLPQLTGSSILPALDNKKYYCDTKKLNYRFPN	61	595	818	223
4277	HUMAN08382	Q8WXF7	1	30	MAKNRRDRNSWGGFSEKTYEWSSEEEEPVK	29	88	191	103
4279	HUMAN08385	Q8N4C6	1328	1428	LQGKIEKLQESVVQRCDCCLWEASLENLEIEPDGNILQLNQTLEECVPRVRSVHHVIEECKQENQYLEGNTQLLEKVKAHEIAWLHGTIQTHQERPRVQNQ	100	1568	1696	128
4280	HUMAN08385	Q8N4C6	1584	1697	IKNQQLDLENTELSQKNSQNQEKLQELNQRLTEMLCQKEKEPGNSALEEREQEKFNLKEELERCKVQSSTLVSSLEAELSEVKIQTHIVQQENHLLKDELEKMKQLHRCPDLSD	113	1913	2033	120
4281	HUMAN08385	Q8N4C6	256	288	SASTPYRQLKRHLSMQSFDESGRRTTTSSAMTS	32	316	359	43
4282	HUMAN08385	Q8N4C6	476	633	SLKENSRLENELLENAEKLAEYENLTNKLQRNLENVLAEKFGDLDPSSAEFFLQEERLTQMRNEYERQCRVLQDQVDELQSELEEYRAQGRVLRLPLKNSPSEEVEANSGGIEPEHGLGSEECNPLNMSIEAELVIEQMKEQHHRDICCLRLELEDKV	157	607	813	206
4283	HUMAN08385	Q8N4C6	80	177	SNEEHFQEPDCSLEAQPKYVRGGKRYGRRSLPEFQESVEEFPEVTVIEPLDEEARPSHIPAGDCSEHWKTQRSEEYEAEGQLRFWNPDDLNASQSGSS	97	108	236	128
4285	HUMAN08389	Q9C026	42	120	PESESPQSHRAAGSGVSDYDYLDLDKMSLYSEADSGYGSYGGFASAPTTPCQKSPNGVRVFPPAMPPPATHLSPALAPV	78	178	414	236
4286	HUMAN08390	Q9H3N1	210	280	KRRRPQPYPYPSKKLLSESAQPLKKVEEEQEADEEDVSEEEAESKEGTNKDFPQNAIRQRSLGPSLATDKS	70	413	594	181
4287	HUMAN08391	Q96NE9	326	550	NLQPVLRHIRKLEENEEKKQYRESYISDNLDLDMDQLEKRSRASGSSAGSMKHKRLSRHSTASHSSSHTSGIEADTKPRDTGPEDSYSSSAIHRKLKTCSSMTSHGSSHTSGVESGGKDRLEEDLQDDEIEMLVDDPRDLEQMNEESLEVSPDMCIYITEDMLMSRKLNGHSGLIVKEIGSSTSSSSETVVKLRGQSTDSLPQTICRKPKTSTDRHSLSLDDIRL	224	350	600	250
4288	HUMAN08399	Q14112	352	439	TKPLEESSTLDPHTKEGTSLGEVGGPDLKGQVEPWDERETRSPAPPEVDRDSLAPSWETPPPYPENGSIQPYPDGGPVPSEMDVPPAH	87	749	944	195
4289	HUMAN08400	Q13258	233	299	QRHPRSCTRDCAEPRADGREASPQPLEELDHLLLLALMTVLFTMCSLPVIYRAYYGAFKDVKEKNRT	66	270	343	73
4290	HUMAN08402	Q9P2K2	757	825	SQRGTRKVPKCMKETDVQENDKEQHEDKSAVRKEPIETLRIKHWNRSNWFKEAEKSFRRDKELGCSKVN	68	1017	1130	113
4291	HUMAN08403	Q8N3F9	1	39	MRVSVPGPAAAAAPAAGREPSTPGGGSGGGGAVAAASGA	38	7	58	51
4292	HUMAN08403	Q8N3F9	364	429	LGSSREGSLPNSQSLGWYGTMTGCGSSSYTVTPHLNGPMTDTAPLLFTCSNLDLNNHHSLYVTPQN	65	447	551	104
4293	HUMAN08408	Q8WUJ0	184	223	SPLQIERSLSVHSGTTGSLKRTHEEEDDFGTMQVATAQNG	39	251	336	85
4294	HUMAN08410	Q96AC1	141	178	LKKPRDPTKKKKKKLDDQSEDEALELEGPLITPGSGSI	37	276	356	80
4295	HUMAN08411	Q8NEL9	1	155	MNYPGRGSPRSPEHNGRGGGGGAWELGSDARPAFGGGVCCFEHLPGGDPDDGDVPLALLRGEPGLHLAPGTDDHNHHLALDPCLSDENYDFSSAESGSSLRYYSEGESGGGGSSLSLHPPQQPPLVPTNSGGGGATGGSPGERKRTRLGGPAARH	154	0	235	235
4296	HUMAN08411	Q8NEL9	204	247	RPQGGDRDGDHVCSPTGPASSSGEDDDEDRACGFCQSTTGHEPE	43	305	397	92
4297	HUMAN08411	Q8NEL9	561	606	QKEEELPDERWMSYEERHLLDELYITKRRLKEIEERLHGLKASSMT	45	787	857	70
4298	HUMAN08411	Q8NEL9	700	839	PSFLNPAKEPTSVSENEGISTIPSPVTSPVLSRRHYGESITNIGKASILGAASIGKGLGGMLFSRFGRSSTTQSSETSKDSMEDEKKPVASPSATTVGTQTLPHSSSGFLDSAYFRLQESFFNLPQLLFPENVMQNKDNA	139	959	1187	228
4299	HUMAN08412	P12644	1	49	MIPGNRMLMVVLLCQVLLGGASHASLIPETGKKKVAEIQGHAGGRRSGQ	48	62	180	118
4300	HUMAN08418	Q99675	233	270	NNNFTPSNNSSSEEKNTDRSLLEKVGLSESEVEPSEEN	37	345	410	65
4301	HUMAN08420	Q9UPU9	195	323	DSGICINASNWQDKSMGCENGHVPLYSSSSVPTTINTIGTSTSTILSGQAHHSPLKRSVSLTPPMNVPNQPLGHGWMSHEDLRARGPQCLPSDHAPLSPQSSVASSGSGGSEHLEDQTTARNTFQEEGS	128	285	468	183
4302	HUMAN08420	Q9UPU9	419	482	SSPSTTPEARRREPQAPRQPSLMGPESQSPDCKDGAAATGATATPSAGASGGLQPHQLSSCDGE	63	566	650	84
4305	HUMAN08424	O75717	1060	1129	EERKVWANKAKGETASEGTEAKKRKRVVDESDETENQEEKAKENLNLSKKQKPLDFSTNQKLSAFAFKQE	69	3095	3299	204
4311	HUMAN08429	Q15398	1	117	MSSSHFASRHRKDISTEMIRTKIAHRKSLSQKENRHKEYERNRHFGLKDVNIPTLEGRILVELDETSQGLVPEKTNVKPRAMKTILGDQRKQMLQKYKEEKQLQKLKEQREKAKRGI	116	28	153	125
4312	HUMAN08429	Q15398	539	612	NNMNHNMNKNVFRKKVVSGIASKPKQDDAGRIAARNRLAAIKNAMRERIRQEECAETAVSVIPKEVDKIVFDAG	73	889	1008	119
4315	HUMAN08431	Q6ZNE5	404	471	SMEFVDPGVAGESDESGDERVSDEETDLGTDWENLPSPRFCDIPSQSVEVSQSQSTQASPPIASSSAG	67	879	1051	172
4316	HUMAN08432	Q6SJ96	1	195	MASAPWPERVPRLLAPRLPSYPPPPPTVGLRSMEQEETYLELYLDQCAAQDGLAPPRSPLFSPVVPYDMYILNASNPDTAFNSNPEVKETSGDFSSVDLSFLPDEVTQENKDQPVISKHETEENSESQSPQSRLPSPSEQDVGLGLNSSSLSNSHSQLHPGDTDSVQPSPEKPNSDSLSLASITPMTPMTPISEC	194	6	252	246
4317	HUMAN08433	Q86UP2	1279	1357	VAGDLHKAQQSLELIQSKIVKAAGDTTVIENSDVSPETESSEKETMSVSLNQTVTQLQQLLQAVNQQLTKEKEHYQVLE	78	2152	2339	187
4322	HUMAN08449	A4IF30	489	521	EKKSEEHVDDVTDPSIHLRGRGRANGTVSIPLA	32	904	955	51
4324	HUMAN08456	P29374	116	169	ESETLDQLPLTNPEHFGTPVIAKKTNRGRRSSLPVTEDEKEEESSEEEDEDKRR	53	198	254	56
4325	HUMAN08456	P29374	1203	1257	LKSEVATIDRRRKRLKKKDREVSHAGASMSSASSDTGMSPSSSSPPQNVLAVECR	54	1864	1936	72
4326	HUMAN08456	P29374	270	307	EILESSSSDDEDGPAEENDEEKEKEAKKTEEEVPEEEL	37	360	427	67
4329	HUMAN08462	Q9Y4D1	1043	1078	GEVFDKDLSKLKRNRKRITNQMTDSSRERPITKLNF	35	3210	3319	109
4331	HUMAN08462	Q9Y4D1	997	1032	KEEEERRARMEAQLKEQRERERKMRKAKENSEESGE	35	3054	3190	136
4332	HUMAN08463	Q8IZ08	1	95	MEEPQPPRPPASMALLGSQHSGAPSAAGPPGGTSSAATAAVLSFSTVATAALGNLSDASGGGTAAAPGGGGLGGSGAAREAGAAVRRPLGPEAAP	94	0	189	189
4333	HUMAN08463	Q8IZ08	408	494	TRNVDAFLPSQGPGLQARSRSRLRNRYANRLGACNRMSSSNPASGVAGDVAMWARKNPVVLFCREGPPEPVTAVTKQPKSEAGDTSL	86	531	638	107
4335	HUMAN08470	Q63HM2	777	846	GMKENVHNTENKGKAPLMLPALNTLPPPKSPEDIDSLNSETFNDWSDDNIFDDEPTIKKVIEEKHQLKDL	69	1123	1325	202
4336	HUMAN08476	Q8N1H7	133	180	PFSREYYEKKREHEEIQSRVLACTEQLKMNETIFMKFRVPAPFPSLTK	47	197	245	48
4338	HUMAN08477	O95475	179	246	RRQRDRAAAAKNRLQQQVLSQGSGRALRAEGDGTPEVLGVATSPAASLSSKAATSAISITSSDSECDI	67	287	417	130
4339	HUMAN08480	Q9UIU6	197	237	ARGRPLGAVDKYRLRRKFPLPRTIWDGEETVYCFKEKSRNA	40	267	310	43
4340	HUMAN08480	Q9UIU6	1	103	MSSSSPTGQIASAADIKQENGMESASEGQEAHREVAGGAAVGLSPPAPAPFPLEPGDAATAAARVSGEEGAVAAAAAGAAADQVQLHSELLGRHHHAAAAAAQ	102	19	174	155
4341	HUMAN08481	P51948	201	237	HKDRSTQLEMQLEKPKPVKPVTFSTGIKMGQHISLAP	36	421	479	58
4342	HUMAN08482	Q32P41	476	509	NQTRNPENHEDPPLKRQRTAEAFSDEKTQIVSNT	33	1354	1487	133
4343	HUMAN08485	Q8IZM9	1	44	MEASWGSFNAERGWYVSVQQPEEAEAEELSPLLSNELHRQRSPG	43	59	228	169
4345	HUMAN08493	Q16533	229	368	DRKNPSLKSKTNDGEEKMEGNSQETERCERAESLAKIKSKAFSVVIQASKSRRHRQVKLDSSDSDSASGQGQVKATRKKEKKERLKPAGRKMSLRNKGNVQNIHKEDKPLSLSMPVITEEEENESLSGTEFTASKKRRKH	139	282	468	186
4347	HUMAN08496	Q8NCM2	137	188	PIEDDSTKGWTKFARLTRALTNSRSVLQQLTPMNKTEVVHKHSRLAEVLQLG	51	247	369	122
4349	HUMAN08500	Q16537	1	42	MSSAPTTPPSVDKVDGFSRKSVRKARQKRSQSSSQFRSQGKP	41	335	519	184
4350	HUMAN08501	Q96FK6	353	387	IEKTFTKKESMKIASSVHQRVRVHSNDSYKRRKKQ	34	866	972	106
4351	HUMAN08502	Q9BX95	33	117	PRRSADRREDEKAEAPLAGDPRLRGRQPGAPGGPQPPGSDRNQCPAKPDGGGAPNGVRNGLAAELGPASPRRAGALRRNSLTGEE	84	165	363	198
4352	HUMAN08503	Q8WXH0	1008	1105	SQKSQQEVKRLLKDYEQKIERLLKCASEIHMTLQPTAGGTSKNEGTITTSENRGGDPHSEAPFAKSDNQPSTEKAMEPTMKFSLASVLRPLQEESIME	97	1234	1363	129
4353	HUMAN08503	Q8WXH0	2353	2393	MECCLNSILKSKRSTEKKGKFTLPGREKQATSDVQESTQES	40	3151	3200	49
4354	HUMAN08503	Q8WXH0	3917	3946	EIFDFSPEEHLKHGEVILENIRPMKKTIAE	29	5353	5385	32
4356	HUMAN08505	Q92731	218	261	GSRRERCGYRLVRRQRSADEQLHCAGKAKRSGGHAPRVRELLLD	43	307	375	68
4357	HUMAN08505	Q92731	95	144	LSHLYAEPQKSPWCEARSLEHTLPVNRETLKRKVSGNRCASPVTGPGSKR	49	156	232	76
4358	HUMAN08510	P24278	373	435	GKSYRYNRCQRFGNALAQRFQPYCDSWSDVSLKSSRLSQEHLDLPCALESELTQENVDTILVE	62	526	609	83
4360	HUMAN08514	Q96LQ0	383	422	EENTKSFGRYPSLMENNNMRIQDTLDLVMKTLSSHTSCPK	39	616	730	114
4361	HUMAN08516	A1L390	1154	1219	SPTAGLEESSGQGPSSPVALLGQVQDFQQSAECQPKEEGSRDPADPSQQGRVRNLREKFQALNSVG	65	2002	2136	134
4365	HUMAN08518	P11277	1	35	MTSATEFENVGNQPPYSRINARWDAPDDELDNDNS	34	5	42	37
4366	HUMAN08528	P49356	1	38	MASPSSFTYYCPPSSSPVWSEPLYSLRPEHARERLQDD	37	32	184	152
4367	HUMAN08536	Q9BYC5	1	34	MRPWTGSWRWIMLILFAWGTLLFYIGGHLVRDND	33	39	199	160
4368	HUMAN08537	A0A1B0GTZ2	1	169	MTSGANSSGSYLPSEIRSSKIDDNYLKELNEDLKLRKQELLEMLKPLEDKNNLLFQKLMSNLEEKQRSLQIMRQIMAGKGCEESSVMELLKEAEEMKQNLERKNKMLRKEMEMLWNKTFEAEELSDQQKAPQTKNKADLQDGKAPKSPSSPRKTESELEKSFAEKVKEI	168	13	205	192
4369	HUMAN08537	A0A1B0GTZ2	217	278	LSLYLQQNFEPMQAFLNLPGSQGTMGITTMDRVTTGRNEHHVRILGTKIYTEQQGTKGSQLD	61	269	349	80
4370	HUMAN08542	Q8N9W8	179	257	AKVSKVSEVSSLSGITNSTDITGSMDVTDVTTFTAILTPYMYAGTGPEHVRDSIDFPEFTDITDITDVTDLPENEVPEV	78	185	271	86
4371	HUMAN08542	Q8N9W8	356	403	SEANTSKEMKDKTSEEKMPDFQSTALKAEESRSLRTESNTSVLSPHIK	47	380	437	57
4372	HUMAN08545	Q8N3R9	1	31	MTTSHMNGHVTEESDSEVKNVDLASPEEHQK	30	31	73	42
4373	HUMAN08545	Q8N3R9	422	459	TIEEDKEPEKSGKLWCAKKNKKKRKKVLYNANKNDDYD	37	600	655	55
4374	HUMAN08545	Q8N3R9	42	85	DLGTRMMPIRRSAQLERIRQQQEDMRRRREEEGKKQELDLNSSM	43	83	133	50
4375	HUMAN08546	Q9Y5K8	208	247	KKKILKEKSEKDLEQRRAAGEVLEPANLLAEEKDEDLLFE	39	462	651	189
4377	HUMAN08550	Q9ULM0	1331	1364	NPPTNPPGACQLWELDGRQFFSSVSCATKGPTLL	33	3526	3724	198
4379	HUMAN08562	Q68DK2	1754	1807	ADPETLPRSPSAEFSPAAPPGISSIHSPSLRERSFPPTQPSQEFVPPATPPARH	53	2798	2883	85
4380	HUMAN08562	Q68DK2	591	667	PEPHLPEDYAEDDDIEGKSPSGLRSPSESPQHIAHPERKSERGSLGVPKTLAYTMPSHVKAEPKDSYPGPHRHSFLD	76	814	950	136
4381	HUMAN08562	Q68DK2	747	821	HRSEEQPSRRYQPATRHPSLRRGRRTRRSQADGRDRGSNPSLESTSSELSTSTSEGSLSAMSGRNELHSRLHPHP	74	1067	1205	138
4382	HUMAN08564	O15315	351	384	SVTQAELNWAPEILPPQPPEQLGLQMCHHTQLIF	33	657	848	191
4383	HUMAN08568	Q07352	180	324	EERRALAGARDLSADRPRLQHSFSFAGFPSAAATAAATGLLDSPTSITPPPILSADDLLGSPTLPDGTNNPFAFSSQELASLFAPSMGLPGGGSPTTFLFRPMSESPHMFDSPPSPQDSLSDQEGYLSSSSSSHSGSDSPTLDNS	144	470	644	174
4384	HUMAN08568	Q07352	1	114	MTTTLVSATIFDLSEVLCKGNKMLNYSAPSAGGCLLDRKAVGTPAGGGFPRRHSVTLPSSKFHQNQLLSSLKGEPAPALSSRDSRFRDRSFSEGGERLLPTQKQPGGGQVNSSR	113	221	405	184
4386	HUMAN08575	Q9NVH0	297	348	MSRLGEEVNGEATESQQKPRNKKSKMDGMVPGNHQGRDPRKHKRKPLGVGYS	51	630	710	80
4387	HUMAN08575	Q9NVH0	31	66	RRRSKTSPVTQQPQQKVLGSRELPPPEDDQLHSSAP	35	98	184	86
4388	HUMAN08576	Q8N428	1	69	MRKIRANAIAILTVAWILGTFYYLWQDNRAHAASSGGRGAQRAGRRSEQLREDRTIPLIVTGTPSKGFD	68	114	224	110
4389	HUMAN08579	Q9NUM3	268	307	GIGHSHKPDATGGRGLSRLEVAALVLGCLIPLILSVGHQH	39	954	1133	179
4391	HUMAN08580	A6NEE1	254	287	KKKTLEMLEENENHLQTLANQSEQPPPSGGLHSN	33	368	420	52
4392	HUMAN08580	A6NEE1	413	506	EAKMPVIMKNSVYIHKAATRRIKSCRFHRRRSSTSWNDMKPSQSFMTSQLDANNMEELKEVAKRLSRDQRFRESIYHIMATQPGAPSALSRGGK	93	595	779	184
4394	HUMAN08582	Q92537	144	303	PKLKSFHHSRRDQGVSGDQVSIMVDGVQVALPSYEEAVYGSSGHCVPPADPRVQIVLSEGSGPSGRSVPREQQLPDQGACSSAGGEDEAPGQSGLCEAWGSRASETVMVHQATTSSWVAGSGNRQLAHKETADSENSDIQSLLSLTSEEYTDDIPLLKEA	159	264	486	222
4395	HUMAN08583	Q13243	180	272	SKRHSRSRSRSRSRTRSSSRSRSRSRSRSRKSYSRSRSRSRSRSRSKSRSVSRSPVPEKSQKRGSSSRSKSPASVDRQRSRSRSRSRSVDSGN	92	384	588	204
4396	HUMAN08585	Q14973	313	349	PKDKTKMIYTAATTEETIPGALGNGTYKGEDCSPCTA	36	705	780	75
4397	HUMAN08586	Q9H4F8	284	314	STRYVMPSCESDARAKTTEADDPFKDRELPG	30	1059	1135	76
4398	HUMAN08587	P57103	1	49	MAWLRLQPLTSAFLHFGLVTFVLFLNGLRAEAGGSGDVPSTGQNNESCS	48	0	57	57
4399	HUMAN08593	Q9UKJ8	1	30	MAVDGTLVYIRVTLLLLWLGVFLSISGYCQ	29	26	56	30
4400	HUMAN08593	Q9UKJ8	683	722	FLPLIVIPSLSVLTFLFTVGLLMYLRQCSGPKETKAHSSG	39	734	797	63
4401	HUMAN08596	Q92623	1	48	MERKGSAAGAKGNPSPPAAGEGQRPPPPLCVPGGGGGAPARGQVGAAA	47	125	240	115
4402	HUMAN08597	P80192	1	51	MEPSRALLGCLASAAAAAPPGEDGAGAGAEEEEEEEEEAAAAVGPGELGCD	50	6	70	64
4404	HUMAN08598	Q96RV3	888	967	GCDMSLVNFEPAARRASNICDTDSHVSSSTSVRFYPHDVLSLPQIRLNRLLTIDTDLLEQQDIDLSPDLAATYGPTEEAA	79	1103	1198	95
4408	HUMAN08601	O43166	356	406	RRNTTTGASAAAVASLVSGPLSHSASFSSPMGSTEDLNSKGSLSMDQGDDK	50	481	543	62
4409	HUMAN08602	P49758	209	255	CVNTTEMDIRKCRRLKNPQKVKKSVYGVTEESQAQSPVHVLSQPIRK	46	490	545	55
4410	HUMAN08607	Q8WV16	1	62	MNKSRWQSRRRHGRRSHQQNPWFRLRDSEDRSDSRAAQPAHDSGHGDDESPSTSSGTAGTSS	61	44	207	163
4413	HUMAN08613	O95428	583	615	SARGDHRGERGDPRGDQGTHLSALGPAPSLQQP	32	934	973	39
4414	HUMAN08613	O95428	809	839	HGPRRPQPGASGRSTHTDGGGSSPAGEQEPS	30	1240	1306	66
4416	HUMAN08615	Q86WZ0	106	190	PQIRKARPQKPVSFKFLGSSSPLTGDTSLAVKTESSANPEKKLKKSKPASTVREAPRPLIHHPCMHPDMLGRPPSLDVNLEEREA	84	134	294	160
4419	HUMAN08623	Q6PJG2	679	714	TIPAPPPITPKSAHRTLLRTNSAEVTPPVLSVMGEA	35	1074	1110	36
4420	HUMAN08623	Q6PJG2	882	1035	RNGTLTFGDVDTSDEKSAQEEVEVDIKTSQKFPRVPLPRRESPSEERLEPKREVKEPRKEGEEEVPEIQEKEEQEEGRERSRRAAAVKATQTLQANESASDILILRSHESNAPGSAGGQASEKPREGTGKSRRALPFSEKKKKTETFSKTQNQE	153	1279	1467	188
4421	HUMAN08636	Q8ND07	1	106	MPSKGKDKKKGKSKGKDTKKLIKTDESVVDRAKANASLWEARLEVTELSRIKYRDTSRILAKSNEDLKKKQCKMEKDIMSVLSYLKKQDQEKDNMIEKLKQQLNET	105	6	182	176
4422	HUMAN08636	Q8ND07	459	529	GCPSRKYNQSSRPPVPDYVVSDSGETKEFGDESKLQDKIFITQQIAISDSSGEVVLPTIPKEPQESDTGTF	70	714	889	175
4423	HUMAN08638	Q02252	1	36	MAALLAAAAVRARILQVSSKVKSSPTWYSASSFSSS	35	214	457	243
4424	HUMAN08645	Q9H8Y1	359	397	TCPALPPREVLGMEELEKLPEEQVAEEELECSALAVSSP	38	406	467	61
4425	HUMAN08645	Q9H8Y1	451	496	KPAPALSAAGTPQLASVGEGAVIPWKSEAEEGAGNATGEDPPAPGE	45	521	576	55
4426	HUMAN08645	Q9H8Y1	553	618	RGLSKLQVPVPTLGKGGQEAEEKQEKEAGRDVTAVMAPPVGASSEDVEGGPSREGALQEGATAQGQ	65	635	751	116
4427	HUMAN08646	A6NDD5	190	221	AISKGDFRLASTTSRRALFLATLAIAVGAGLY	31	294	326	32
4428	HUMAN08646	A6NDD5	1	156	MESLSELQNPLLPRSPAHLHGPYPYPETPPSWSCQEKLYSYLLGGAGPAGAHQLLDPGSLQLAVEAWYRPSCLLGRDKVKEPRAGSCETSFTEDREPQEGPPEQPTGPGQAAENVTIQTVSYGVQEELRDQEDDQEEEESDATSTESESEDNFLTL	155	21	261	240
4429	HUMAN08651	Q86U28	1	47	MAAAWGSSLTAATQRAVTPWPRGRLLTASLGPQARREASSSSPEAGE	46	17	149	132
4430	HUMAN08652	Q14767	233	296	RLAPRRWAERSPNLRRSSAAGEGTLARAQPPAPQSPPAPQSPPAGTLSGLSQTHPSQQHVGLSR	63	514	625	111
4431	HUMAN08652	Q14767	45	165	PAGGDANRLRRPGGSYPAAAAAKVYSLFREQDAPVAGLQPVERAQPGWGSPRRPTEAEARRPSRAQQSRRVQPPAQTRRSTPLGQQQPAPRTRAAPALPRLGTPQRSGAAPPTPPRGRLTG	120	279	438	159
4432	HUMAN08653	O15033	1	41	MFYVIGGITVSVVAFFFTIKFLFELAARVVSFLQNEDRERR	40	344	430	86
4433	HUMAN08655	Q9Y324	1	50	MGKQKKTRKYATMKRMLSLRDQRLKEKDRLKPKKKEKKDPSALKEREVPQ	49	56	251	195
4435	HUMAN08657	P49750	2006	2068	AAIEEVEMEDFDANIEEQKEEKKDAEEEESELGYIPKSKWEMDTSEAKLDKLDGLRTGTKRKR	62	3094	3159	65
4439	HUMAN08664	P49763	1	36	MPVMRLFPCFLQLLAGLALPAVPPQQWALSAGNGSS	35	4	62	58
4442	HUMAN08674	Q8TD19	1	48	MSVLGEYERHCDSINSDFGSESGGCGDSSPGPSASQGPRAGGGAAEQE	47	156	217	61
4443	HUMAN08674	Q8TD19	317	350	EKVTLLNAPTKRPRSSTVTEAPIAVVTSRTSEVY	33	822	868	46
4444	HUMAN08674	Q8TD19	731	807	KTIRSNSSGLSIGTVFQSSSPGGGGGGGGGEEEDSQQESETPDPSGGFRGTMEADRGMEGLISPTEAMGNSNGASSS	76	1312	1415	103
4445	HUMAN08674	Q8TD19	818	961	NAEFIPMPDSPSPLSAAFSESEKDTLPYEELQGLKVASEAPLEHKPQVEASSPRLNPAVTCAGKGTPLTPPACACSSLQVEVERLQGLVLKCLAEQQKLQQENLQIFTQLQKLNKKLEGGQQVGMHSKGTQTAKEEMEMDPKPD	143	1425	1612	187
4446	HUMAN08681	Q16520	92	125	LCSVLAASTPSPPEVVYSAHAFHQPHVSSPRFQP	33	126	168	42
4447	HUMAN08683	Q9UPI3	1	74	MVNEGPNQEESDDTPVPESALQADPSVSVHPSVSVHPSVSINPSVSVHPSSSAHPSALAQPSGLAHPSSSGPED	73	29	230	201
4448	HUMAN08683	Q9UPI3	495	526	KANKETLENKLQEEEEESNTSKVPTAVSEDHL	31	868	953	85
4449	HUMAN08687	Q96FT9	1	123	MEDLLDLDEELRYSLATSRAKMGRRAQQESAQAENHLNGKNSSLTLTGETSSAKLPRCRQGGWAGDSVKASKFRRKASEEIEDFRLRPQSLNGSDYGGDIPIIPDLEEVQEEDFVLQVAAPPS	122	4	232	228
4450	HUMAN08691	P10600	255	310	NEDDHGRGDLGRLKKQKDHHNPHLILMMIPPHRLDNPGQGGQRKKRALDTNYCFRN	55	349	412	63
4452	HUMAN08695	O95718	171	207	EGVRLDRVRGGRQKYKRRLDSESSPYLSLQISPPAKK	36	456	504	48
4454	HUMAN08697	Q7L8A9	1	54	MPGGKKVAGGGSSGATPTSAAATAPSGVRRLETSEGTSAQRDEEPEEEGEEDLR	53	16	108	92
4455	HUMAN08697	Q7L8A9	306	357	GKGTGPPSPTKDRKKDVSSPQRAQSSPHRRNSRSERRPSGDKKTSEPKAMPD	51	372	426	54
4457	HUMAN08702	Q0VAA2	1	77	MHIQFPSKPTLPRACWEGRITAGSPGMPPDEIEIEPVRQSSDKMLYCEAESPPTVEKVKPARENSETDLEIEDDEKF	76	83	238	155
4463	HUMAN08717	Q6PL24	1	153	MSDLQAAEGPGSWSPTARPGSAGGVGDCQGVEGSQAAASENEDLENKDTSLLASATDPEPCSSPHRPQMVSPVSKDATEDLRKATGPLEAQALVKQDLLPADQAQVLNEMAKYQVPQRSGDIVMIQSEHTGAIDVLSADLESADLLGDHRKVS	152	0	212	212
4464	HUMAN08717	Q6PL24	228	271	STDITVQVSDSSDDEDEEEEEEEEIEEPVPAGDVERGSRSSLRG	43	287	347	60
4466	HUMAN08722	O95433	165	201	LPTMNGESVDPVGQPALKTEERKAKPAPSKTQARPVG	36	482	597	115
4468	HUMAN08729	Q13686	350	389	DQNFPLEPIEDEKRDISTEGFCHLDDQNSEVKRARINPDS	39	653	707	54
4470	HUMAN08746	Q6ZU80	237	266	LVERRQDQLGLMSLQLQEALKKQEAKADEH	29	395	429	34
4471	HUMAN08746	Q6ZU80	951	1094	LQDRVIALETSTQVALDHLESVPEKLSLLEDFKDFRDSCSSSERTDGRYSKYRVRRNSLQHHQDDTKYRTKSFKGDRTFLEGSHTRGLDHSSSWQDHSRFLSSPRFSYVNSFTKRTVAPDSASNKEDATMNGTSSQPKKEEYGS	143	1188	1423	235
4475	HUMAN08755	O43155	366	403	GLPLFTPAPSTASPTTQPPTLSIPNPSRSYTPPTPTTS	37	371	423	52
4476	HUMAN08755	O43155	502	599	RAVEDTICSEATTHASYLNNGSNTASSHEQTTSHSMGSPFLLAGLIGGAVIFVLVVLLSVFCWHMHKKGRYTSQKWKYNRGRRKDDYCEAGTKKDNSI	97	536	642	106
4480	HUMAN08770	Q05BV3	600	671	KDAVHIAPQESLADSHSDESDSDLSDVPELDSEIEQETQLTYRRQVYKEDLPQLKEQCKEKQKSATSKRRER	71	1211	1312	101
4481	HUMAN08774	O00409	1	112	MGPVMPPSKKPESSGISVSSGLSQCYGGSGFSKALQEDDDLDFSLPDIRLEEGAMEDEELTNLNWLHESKNLLKSFGESVLRSVSPVQDLDDDTPPSPAHSDMPYDARQNPN	111	102	245	143
4485	HUMAN08782	P62191	1	79	MGQSQSGGHGPGGGKKDDKDKKKKYEPPVPTRVGKKKKKTKGPDAASKLPLVTPHTQCRLKLLKLERIKDYLLMEEEFI	78	126	368	242
4487	HUMAN08783	Q9H7Z3	273	304	GIYDQSTTHWLQGQGPPEQESKQPDAQPDSES	31	1108	1204	96
4488	HUMAN08785	Q86TV6	621	686	NPSDSGRGSSLLDRTIADRRQLNTITLPDFSDPETGSVHATSVAASRVEQALSEVASSLQSSAPKQ	65	1076	1307	231
4490	HUMAN08795	Q15743	309	365	TCSRTGRAREAYPLGAPEASGKSGAQGEEPELLTKLHPAFQTPNSPGSGGFPTGRLA	56	341	452	111
4497	HUMAN08804	Q15643	1812	1950	VRREEMEQLFHDDQGGVTRWMTGWLGGGSKSVPNTPLRPNQQSVVNSSFSELFVKFLETESHPSIPPPKLSVHDMKPLDSPGRRKRDTNAPESFKDTAESRSGRRTDVNPFLAPRSAAVPLINPAGLGPGGPGHLLLKP	138	2026	2184	158
4499	HUMAN08804	Q15643	590	642	DQLNKSQESNVSIQKENLELKEHIRQNEEELSRIRNELMQSLNQDSNSNFKDT	52	662	717	55
4500	HUMAN08804	Q15643	836	904	QALRKNEILRQTIEEKDRSLGSMKEENNHLQEELERLREEQSRTAPVADPKTLDSVTELASEVSQLNTI	68	926	1007	81
4501	HUMAN08804	Q15643	968	1011	LQKTIEQIKTQLHEERQDIQTDNSDIFQETKVQSLNIENGSEKH	43	1083	1128	45
4503	HUMAN08808	Q9P2I0	649	694	EEGELKDDGEDSEMQVEAPSDSSVIAQQKAMKSLFGDDEKETGEES	45	2167	2323	156
4504	HUMAN08809	Q8NFF2	1	78	MALRGTLRPLKVRRRREMLPQQVGFVCAVLALVCCASGLFGSLGHKTASASKRVLPDTWRNRKLMAPVNGTQTAKNCT	77	3	241	238
4506	HUMAN08810	Q8TB24	181	218	DSSLNPPQERGKPAEPPRDRAPGFPLVSSLRPTAHDAN	37	410	456	46
4507	HUMAN08810	Q8TB24	1	46	MIRHAGAPARGDPTGPVPVVGKGEEEEEEDGMRLCLPANPKNCLPH	45	23	268	245
4510	HUMAN08814	Q8TBA6	445	489	LINSLKEGSGFEGLDSSTASSMELEELRHEKEMQREEIQKLMGQI	44	729	794	65
4511	HUMAN08814	Q8TBA6	566	665	EIQKLRNQLTNKTLSNSSQSELENRLHQLTETLIQKQTMLESLSTEKNSLVFQLERLEQQMNSASGSSSNGSSINMSGIDNGEGTRLRNVPVLFNDTETN	99	878	1054	176
4513	HUMAN08816	Q13572	324	414	STAMAATGDVALLRHSKLLAEPAGGLVGERTCSASPGCCGSMMGQDAPWKAEADAGGTAKLPHQRLGCNAGVSPSFQQHCVASLATKASSQ	90	807	956	149
4514	HUMAN08821	Q9BXV9	54	100	GEVQHRVAAAPDEDLDGDDEDDAEDENNIDNRTNFDGPSAKRPKTPS	46	53	104	51
4515	HUMAN08823	Q9P203	1032	1132	QPPQRSDFPLAAPENASTGPAHVRGRTAVETDLTFGLTPNRPSLSACSSEAPEERSGRRLADSESLGHGAQRNTDLEREDSISRGRRSPSKPDFLYKKSAL	100	1173	1293	120
4516	HUMAN08823	Q9P203	1	77	MGANASNYPHSCSPRVGGNSQAQQTFIGTSSYSQQGYGCESKLYSLDHGHEKPQDKKKRTSGLATLKKKFIKRRKSN	76	0	83	83
4518	HUMAN08825	Q9P2D8	463	494	REHELNRRRQLGLSSSHHSLDNADFDNKDDDK	31	847	922	75
4519	HUMAN08825	Q9P2D8	721	804	QRKSRVSELAGNLASRRVSVASDPGRRVQHNMLSPFHSPFQSPFRSPLRSPFRSPFKNFGHPGGRTIDFDCEDDEMNLNCFILM	83	1248	1405	157
4521	HUMAN08826	Q7Z4L0	1	37	MPLLRGRCPARRHYRRLALLGLQPAPRFAHSGPPRQR	36	0	39	39
4522	HUMAN08827	Q86XR5	120	153	RKPLRKDENGTSVAEYPMSASQSNKGVDVNNAVV	33	214	256	42
4523	HUMAN08827	Q86XR5	36	82	EPQKSCSKVTDSCRHVCQCRPPPPLPPPPPPPPPPRLLSAPAPNSTS	46	111	175	64
4524	HUMAN08828	Q8N9Y4	111	259	SQKYSRLPRGLPGRAAEPYLKRGSEDRPRRLLLDLGPDSSPGGGGGCKEKVLRNPYREECLAKEQLPQRQHPEAAQPGQVPMRKRQLPASFWEEPRPTHSYHVGLEGGLGPREGPPYEGKKNCKGLEPLGPETTLVSMSPRALAEKEPL	148	173	359	186
4525	HUMAN08828	Q8N9Y4	1	33	MPLEERRSSGERNDAAPTNHRRPGEKRASTAKQ	32	14	96	82
4526	HUMAN08833	Q9GZR7	261	383	RNAAPPPSNTEAPPGETRTEAGAETRSPGKAEAESDALPDDTVIESEALPSDIAAEARAKTGGTVSDQALLFGDDDAGEGPSSLIREKPVPKQNENEEENLDKEQTGNLKQELDDKSATCKAY	122	1106	1322	216
4529	HUMAN08834	Q96BM0	1	30	MGKESGWDSGRAAVAAVVGGVVAVGTVLVA	29	14	55	41
4530	HUMAN08837	P40305	1	50	MEASALTSSAVTSVAKVVRVASGSAVVLPLARIATVVIGGVVAMAAVPMV	49	0	61	61
4531	HUMAN08839	Q9H2X8	1	130	MMKRAAAAAVGGALAVGAVPVVLSAMGFTGAGIAASSIAAKMMSAAAIANGGGVSAGSLVATLQSVGAAGLSTSSNILLASVGSVLGACLGNSPSSSLPAEPEAKEDEARENVPQGEPPKPPLKSEKHEE	129	33	175	142
4533	HUMAN08845	P08185	2	36	PLLLYTCLLWLPTSGLWTVQAMDPNAAYVNMSNHH	34	145	190	45
4534	HUMAN08848	Q86U17	2	44	GPAWLWLLGTGILASVHCQPLLAHGDKSLQGPQPPRHQLSEPA	42	4	120	116
4535	HUMAN08852	P29622	1	47	MHLIDYLLLLLVGLLALSHGQLHVEHDGESCSNSSHQQILETGEGSP	46	45	101	56
4536	HUMAN08853	P05154	1	39	MQLFLLLCLVLLSPQGASLHRHHPREMKKRVEDLHVGAT	38	71	234	163
4537	HUMAN08855	P01011	1	44	MERMLPLLALGLLAAGFCPAVLCHPNSPLDEENLTQENQDRGTH	43	86	150	64
4538	HUMAN08857	Q9UPY3	1079	1175	GVGVRSLPADFRYPNLDFGWKKSIDSKSFISISNSSSAENDNYCKHSTIVPENAAHQGANRTSSLENHDQMSVNCRTLLSESPGKLHVEVSADLTAI	96	3191	3374	183
4539	HUMAN08857	Q9UPY3	1406	1443	CMLANGKLDEDYEEEDEEEESLMWRAPKEEADYEDDFL	37	4119	4184	65
4540	HUMAN08857	Q9UPY3	1600	1632	EKALCPTRENFNSQQKNLSVSCAAASVASSRSS	32	4500	4559	59
4541	HUMAN08858	Q96JQ2	148	182	SRNSPSSSLSPGSGGTDSDSSFPPTPTAERSVAIS	34	194	234	40
4543	HUMAN08861	Q6ZMZ3	759	801	MEVDSGKKMVFTNNIPKSGFLINPMDPIPRHRRRANLLQEEEG	42	952	1177	225
4544	HUMAN08861	Q6ZMZ3	890	933	KDSGHLLTQSSPGEPTGFQKTRRWRGLGSLFRRACCVALPLQLL	43	1386	1453	67
4545	HUMAN08862	Q86SX6	1	40	MSGSLGRAAAALLRWGRGAGGGGLWGPGVRAAGSGAGGGG	39	14	101	87
4546	HUMAN08871	P30411	1	44	MFSPWKISMFLSVREDSVPTTASFSADMLNVTLQGPTLNGTFAQ	43	69	127	58
4547	HUMAN08871	P30411	354	391	GGCRSEPIQMENSMGTLRTSISVERQIHKLQDWAGSRQ	37	441	484	43
4548	HUMAN08875	Q96BY7	1008	1047	SAVHYDEESGSEEETLQYFSTVDPNYRSRRKKKLDSQNKN	39	1821	1891	70
4549	HUMAN08875	Q96BY7	109	144	ATGSEPMYWSSFMTSSMQLAKECLSQKLTDEQGEGS	35	250	319	69
4550	HUMAN08875	Q96BY7	1371	1483	TPNKADMKPGAFQRRSKVDSSGRSSSRGPVLPEADQQMLRDLMSDAMEEIDMQQGTSSVKPQANGVLDEKSQIQEPCCSDLFLFPDESGNVSQESGPTYASFSHHFISDAMTG	112	2419	2655	236
4551	HUMAN08875	Q96BY7	1570	1599	PTSPAKSYISPHSSPSHTPTRHGRNTVCGG	29	2771	2895	124
4553	HUMAN08875	Q96BY7	238	276	KSSPVCSTAPVETEPKLSPSWNPKIIYEPHPQLTRNLPE	38	547	626	79
4555	HUMAN08875	Q96BY7	867	900	EEEEENDGHYQEEEEGGAHSLKDVCDLRRPAPSP	33	1614	1659	45
4558	HUMAN08885	Q52M58	1	95	MHRKEPGARLEATRGAARPHKQGTKPMITRPSVSQLGEGKCPSSQHLQSLRHNKQHALTLTKARCCGECSTCFCTEEKSECQRHEETSPGSCNHQ	94	0	95	95
4559	HUMAN08887	Q86TU7	497	594	APLPKYEESNLGLLESSVGDSRLPLVLRNLEEEAGVQDALNIREAISKAKATENGLVNGENSIPNGTRSENESLNQESKRAVEDAKGSSSDSTAGVKE	97	982	1136	154
4562	HUMAN08892	Q96JK4	608	671	PKTRSTPRPTARAPTRAPRRGRPTAAPPAPTPRPARPTQQPGSRRGGGRRRGRLNSASRAFRDG	63	981	1164	183
4565	HUMAN08916	A6NKG5	1252	1282	LQDTSQDKQDNDVQEAPPSHTAATHPPRPRH	30	1817	1851	34
4567	HUMAN08938	Q9UQ07	289	419	RKTEKRALGSHRKAGFPEHPVAPEPLSNSCQISKEGRKQKQSLKQEEDRPKRRGPAYVMELPKLKLSGVVRLSSYSSPTLQSVLGSGTNGRVPVLRPLKCIPASKKTDPQKDLKPAPQQCRLPTIVRKGGR	130	462	687	225
4569	HUMAN08945	Q9UKL0	1	102	MPAMVEKGPEVSGKRRGRNNAAASASAAAASAAASAACASPAATAASGAAASSASAAAASAAAAPNNGQNKSLAAAAPNGNSSSNSWEEGSSGSSSDEEHGG	101	44	180	136
4571	HUMAN08945	Q9UKL0	445	485	GKEETNGPSNQKPVKSPDNSIKMPEEEDEAPVLDVRYASAS	40	679	757	78
4572	HUMAN08946	Q13114	1	31	MESSKKMDSPGALQTNPPLKLHTDRSAGTPV	30	43	106	63
4573	HUMAN08947	Q9BXJ7	378	438	VAPPLLRRAGRLRWRRHEAAAPAGAPLGFRNPVFDVTASEELPLPRRLSLVPKAAADSTSH	60	611	762	151
4576	HUMAN08950	A0A0U1RRK4	1	108	MSTPRPAPPQPGAAEGAGGPEGKAVAGAWEKGPRLGQRLPSIVVEPSEADPVESGELRWPLESAQRGPSQSRAAAAPSPSLPGEPGKAADNAGSECACSEDPAAPARG	107	0	111	111
4578	HUMAN08953	Q03169	1	77	MSEASSEDLVPPLEAGAAPYREEEEAAKKKKEKKKKSKGLANVFCVFTKGKKKKGQPSSAEPEDAAGSRQGLDGPPP	76	50	162	112
4580	HUMAN08956	P55010	387	425	EESSGGEEEDEDENIEVVYSKAASVPKVETVKSDNKDDD	38	923	1072	149
4581	HUMAN08963	Q07866	159	197	DDISPSEDKDTDSTKEPLDDLFPNDEDDPGQGIQQQHSS	38	372	444	72
4582	HUMAN08967	Q96IL0	1	59	MLPCAAGARGRGAMVVLRAGKKTFLPPLCRAFACRGCQLAPERGAERRDTAPSGVSRFC	58	0	125	125
4583	HUMAN08978	Q96KQ4	142	174	IENQQQMLVAKEQRLHFLKQQERRQQQSISENE	32	231	300	69
4584	HUMAN08978	Q96KQ4	228	267	VQTAILRVDQLSQQLEDLKKGKLNGFQSYNGKLTGPAAVE	39	363	415	52
4586	HUMAN08978	Q96KQ4	86	123	PTENSEQGGRQTQEQRTQRNVINVPGEKRTENGVGNPR	37	170	213	43
4588	HUMAN08984	P0DJH9	131	198	DRGSEQEDLEDSGSMDCSAPSVIQGDSSKRADKDEIPTISSYVDKNTKDRFPVFSHRIWNLPYYHPSS	67	148	235	87
4592	HUMAN08989	Q6ZVK1	203	233	DLLDSLIHEKELLLARPSPRTSFQEEKSAVI	30	288	326	38
4594	HUMAN09000	P31749	111	142	KKQEEEEMDFRSGSPSDNSGAEEMEVSLAKPK	31	275	426	151
4597	HUMAN09004	Q8IVF2	1	135	MCDCFHMVLPTWPGTPGSVSGRQLQPGEPGAETEDDHSVTEGPADEGIRPRPQGSSPVYEYTTEAADFGLQEDAPGRQGSAGRRRSWWKRDSGDSRTFFRMSRPEAVQEATEVTLKTEVEAGASGYSVTGGGDQG	134	0	158	158
4598	HUMAN09006	Q96F83	1	142	MQGRRELGGEPLSDLQEEAASASLRVAPERLSDDSLEWRRTCPDLLLSDGKASISMPREGGSTCTARCPDPGEHSSTWGEFEGFRESSAKSGQFSQSLELLEGPTEPQPPRTTSAPKECSSHQPCQGGPWVTGTSAVPPSEP	141	22	228	206
4599	HUMAN09007	Q9BXL8	184	226	VDSPYYDLDTVLTGMMGGARPGPCEGLEGLAPATPGPSSSCKS	42	316	364	48
4600	HUMAN09007	Q9BXL8	76	176	DGTWRTVAPQAAERAPLDRLVSTEILCRAAWGQEGAHPAPGLGDGHTQGPVSDLCPVTSAQAPRHLQSSAWEMDGPRENRGSFHKSLDQIFETLETKNPSC	100	123	309	186
4601	HUMAN09008	Q9UNW8	1	37	MCPMLLKNGYNGNATPVTTTAPWASLGLSAKTCNNVS	36	10	78	68
4602	HUMAN09008	Q9UNW8	328	380	EWSMKTDVTRLTHSRDTEELQSPVALADHYTFSRPVHPPGSPCPAKRLIEESC	52	420	498	78
4603	HUMAN09010	Q9Y219	1107	1238	RKRRKERERSRLPREESANNQWAPLNPIRNPIERPGGHKDVLYQCKNFTPPPRRADEALPGPAGHAAVREDEEDEDLGRGEEDSLEAEKFLSHKFTKDPGRSPGRPAHWASGPKVDNRAVRSINEARYAGKE	131	1922	2148	226
4605	HUMAN09016	Q96KE9	1	59	MAAELYAPASAAAADLANSNAGAAVGRKAGPRSPPSAPAPAPPPPAPAPPTLGNNHQES	58	104	205	101
4607	HUMAN09019	C9J3V5	1	89	MDSRKLSPRGKKLESHLSQEHRRPPLGLIAAWGQPSIQSSVQQGLQTQDWVCEPPERRRPGRRWSVSIDERRRLATLGGRERPGAAGTQ	88	5	104	99
4608	HUMAN09020	Q13330	342	389	LKAAEAESKLKQVYIPNYNKPNPNQISVNNVKAGVVNGTGAPGQSPGA	47	653	756	103
4610	HUMAN09020	Q13330	665	707	TRKIRKLLSSSETKRAARRPYKPIALRQSQALPPRPPPPAPVN	42	1511	1657	146
4611	HUMAN09027	Q9BTD3	273	319	DFPPPALSLELQPPPPQRNSVPPPPPPLHGPPGRPHMSSPTRDPLDT	46	330	400	70
4614	HUMAN09127	H3BUK9	1	90	MVAEVCSMPAASAVKKPFDLRSKMGKWCHHRFPCCRGSGTSNVGTSGDHDDSFMKTLRSKMGKWCCHCFPCCRGSGKSNVGTWGDYDDSA	89	0	91	91
4615	HUMAN09127	H3BUK9	325	503	EKQMLKISSENSNPEQDLKLTSEEESQRLKVSENSQPEKMSQEPEINKDCDREVEEEIKKHGSNPVGLPENLTNGASAGNGDDGLIPQRKSRKPENQQFPDTENEEYHSDEQNDTQKQLSEEQNTGISQDEILTNKQKQIEVAEKEMNSELSLSHKKEEDLLRENSMLREEIAKLRLEL	178	337	563	226
4616	HUMAN09133	A0JP26	363	543	KQMLKISSENSNPEQDLKLTSEEESQRLKVSENSQPEKMSQEPEINKDCDREVEEEIKKHGSNPVGLPENLTNGASAGNGDDGLIPQRKSRKPENQQFPDTENEEYHSDEQNDTQKQLSEEQNTGISQDEILTNKQKQIEVAEKEMNSKLSLSHKKEEDLLRENSMLREEIAMLRLELDET	180	362	566	204
4617	HUMAN09133	A0JP26	76	125	GTSNVGTSGDHDNSFMKTLRSKMGKWCCHCFPCCRGSGKSNVGTWGDYDD	49	75	125	50
4618	HUMAN09138	A0A0A6YYL3	1	90	MVAEVCSMPAASAVKKPFDLRSKMGKWCHHRFPCCRGSGTSNVGTSGDHDDSFMKTLRSKMGKWCCHCFPCCRGSGKSNVGTWGDYDDSA	89	0	90	90
4619	HUMAN09138	A0A0A6YYL3	325	503	EKQMLKISSENSNPEQDLKLTSEEESQRLKVSENSQPEKMSQEPEINKDCDREVEEEIKKHGSNPVGLPENLTNGASAGNGDDGLIPQRKSRKPENQQFPDTENEEYHSDEQNDTQKQLSEEQNTGISQDEILTNKQKQIEVAEKEMNSELSLSHKKEEDLLRENSMLREEIAKLRLEL	178	324	518	194
4621	HUMAN09146	Q8N8Q9	310	360	PVSFRKDEKAMNGNLSNMYEVLNNNEESLTCGIEQHTGENVSRRNGNLTAF	50	537	666	129
4623	HUMAN09155	H3BPF8	1	120	MAEETRQSKLAAAKRKLKEYWQRNSPGVPAGAKRNRKTNGSIHETATSGGCHSPGDSATGIHGESPTSSATLKDLESPCQELAVVPDSRSVKVSQLKNTIKSLKQQKKQVVHQLEEEKKA	119	12	208	196
4627	HUMAN09161	Q99608	1	93	MSEQSKDLSDPNFAAEAPNSEVHSSPGVSEGVPPSATLAEPQSPPLGPTAAPQAAPPPQAPNDEGDPKALQQAAEEGRAHQAPSAAQPGPAPP	92	0	105	105
4629	HUMAN09164	Q9Y675	1	40	MERARDRLHLRRTTEQHVPEVEVQVKRRRTASLSNQECQL	39	21	71	50
4630	HUMAN09166	Q05086	169	226	KVKQHTKEELKSLQAKDEDKDEDEKEKAACSAAAMEEDSEASSSRIGDSSQGDNNLQK	57	788	960	172
4631	HUMAN09166	Q05086	389	423	DTNHNEEDDEEPIPESSELTLQELLGEERRNKKGP	34	1179	1240	61
4635	HUMAN09173	P31644	1	43	MDNGMFSGFIMIKNLLLFCISMNLSSHFGFSQMPTSSVKDETN	42	142	237	95
4636	HUMAN09173	P31644	354	421	KKALEAAKIKKKREVILNKSTNAFTTGKMSHPPNIPKEQTPAGTSNTTSVSVKPSEEKTSESKKTYNS	67	634	864	230
4637	HUMAN09174	Q99928	1	41	MAPKLLLLLCLFSGLHARSRKVEEDEYEDSSSNQKWVLAPK	40	31	75	44
4638	HUMAN09174	Q99928	344	399	RKPTTTKKTTSLLHPDSSRWIPERISLQAPSNYSLLDMRPPPTAMITLNNSVYWQE	55	452	527	75
4640	HUMAN09179	O95714	1355	1384	YNEEKDEDHCSSPGGTPASKSRLCSHRRAL	29	2542	2650	108
4642	HUMAN09179	O95714	2417	2458	ESTHPSSPGFEDCSSSEATTPVAVQHIRPARVKRRKQSPVPA	41	4917	5072	155
4643	HUMAN09179	O95714	2509	2547	QVTELSDADTVSDEYSDEEVVEDVDDAAYSMSTGAVVTE	38	5149	5284	135
4644	HUMAN09179	O95714	3357	3399	DADSSAASNKISGASNSKPNRPSLAKILLSLDGNLAKQQALSH	42	6602	6759	157
4646	HUMAN09179	O95714	4800	4834	ALTGEPAADDSSDDSDNEDVDSFASDSTQDYLTGH	34	9470	9533	63
4647	HUMAN09179	O95714	960	999	EAKKEAQKEKEIDEQEANASTFHRSRTPLDKDLINTGICE	39	1710	1805	95
4649	HUMAN09183	H3BSY2	1	121	MAEETQHNKLAAAKKKLKEYWQKNSPRVPAGANRNRKTNGSIPQTATSGGCQPPGDSATGFHREGPTSSATLKDLESPCQERAVVLDSRSVEISQLKNTIKSLKQQKKQVEHQLEEEKKAN	120	0	121	121
4651	HUMAN09184	A0A1B0GV03	1	82	MMSEKTQQRKLAGTKKKFTDYHQWNSAGVGTGATDTKKKKINHGANPETTTSGGCHSPEDKQQNRAQLKEENKASHQHQQAL	81	39	121	82
4653	HUMAN09185	Q99767	392	423	IRMMQAQEAVSRVKRMQKAAKIKKKANSEGDA	31	701	736	35
4654	HUMAN09186	O60320	1	58	MPPAGGPRAPRPAALPRSLSRLRECPGRSRIVLALGATQMALGCLIVAVSFAALALTT	57	7	89	82
4656	HUMAN09187	Q96MG7	1	81	MLQKPRNRGRSGGQAERDRDWSHSGNPGASRAGEDARVLRDGFAEEAPSTSRGPGGSQGSQGPSPQGARRAQAAPAVGPRS	80	12	155	143
4658	HUMAN09191	A6NMD2	1	125	MAEETQHNKLAAAKKKLKEYWQKNSPRVPAGANRNRKTNGSIPEKATSGGCQPPRDSATGFHREGPTSSATLKDLESPCQERAVVLDSRSVEISQLKNTIKSLKQQKKQVEHQLEEEKKANNKKQ	124	12	147	135
4659	HUMAN09193	Q494W8	259	337	GEDKVRPACQHKQRRCSLASVEMSAVAPPPASNGNLLYIGFRGLDGVHCVPTPDSGVVCGRMACSPTHDEHLLHGGQPP	78	601	810	209
4660	HUMAN09196	P0CJ92	1	127	MAEETQHNKLAAAKKKLKEYWQKNSPRVPAGANRNRKTNGSVPEKATSGGCQPPGDSATGFHREGPTSSATLKDLESPCQERAVVLDSRSVEISQLKNTIKSLKQQKKQVEHQLEEEKKANNKKQKA	126	0	196	196
4662	HUMAN09200	Q9NXD2	1	30	MFSLKPPKPTFRSYLLPPPQTDDKINSEPK	29	13	92	79
4663	HUMAN09200	Q9NXD2	572	626	SFKRTKKSYSSTLRGMPSALKNGIISDQELLPRRNSLILKPKPDPAQQTDSQNSD	54	799	861	62
4664	HUMAN09203	Q9Y2Y9	239	288	SDHLTKHARRHANFHPGMLQRRGGGSRTGSLSDYSRSDASSPTISPASSP	49	336	433	97
4665	HUMAN09203	Q9Y2Y9	26	164	GPREGPESRPEGAAVAATPTLPRVEERRDGKDSASLFVVARILADLNQQAPAPAPAERREGAAARKARTPCRLPPPAPEPTSPGAEGAAAAPPSPAWSEPEPEAGLEPEREPGPAGSGEPGLRQRVRRGRSRADLESPQ	138	65	257	192
4667	HUMAN09204	Q8TE49	77	113	VFNEGRGPKQPEREPQPGHKVERPCLQRQDDIAQEKR	36	80	130	50
4669	HUMAN09212	F8WBI6	180	214	LESALSAVIATEKKKANQLSSCSKAHTEWELEQSL	34	179	214	35
4670	HUMAN09212	F8WBI6	1	122	MAEETQHNKLAAAKKKLKEYWQKNRPRVPAGVNRNRKTNGSIPETATSGGCQPPGDSATGFHREGPTSSATLKDLESPCQERAVVLDSTSVKISRLKNTIKSLKQQKKQVEHQLEEEKKANN	121	0	122	122
4673	HUMAN09214	P05408	1	212	MVSRMVSTMLSGLLFWLASGWTPAFAYSPRTPDRVSEADIQRLLHGVMEQLGIARPRVEYPAHQAMNLVGPQSIEGGAHEGLQHLGPFGNIPNIVAELTGDNIPKDFSEDQGYPDPPNPCPVGKTADDGCLENTPDTAEFSREFQLHQHLFDPEHDYPGLGKWNKKLLYEKMKGGERRKRRSVNPYLQGQRLDNVVAKKSVPHFSDEDKDPE	211	54	276	222
4674	HUMAN09216	O60565	1	85	MSRTAYTVGALLLLLGTLLPAAEGKKKGSQGAIPPPDKAQHNDSEQTQSPQQPGSRNRGRGQGRGTAMPGEEVLESSQEALHVTE	84	74	193	119
4676	HUMAN09217	Q68DA7	1384	1419	SVSKLTSEKKVETKKINPTASLKERLRQKEASVTTN	35	1502	1538	36
4677	HUMAN09217	Q68DA7	31	85	GFSYKGTVTLDRSNKGFHNCYQVREESDIISLSQEPDEHPGDIFFKQTPTKDILT	54	30	85	55
4678	HUMAN09222	Q9NQS1	1	113	MQAERGARGGRGRRPGRGRPGGDRHSERPGAAAAVARGGGGGGGGDGGGRRGRGRGRGFRGARGGRGGGGAPRGSRREPGGWGAGASAPVEDDSDAETYGEENDEQGNYSKRK	112	11	177	166
4679	HUMAN09222	Q9NQS1	205	347	GTVPLEVPQVKPKRTDDGKGLGMQLKGPLGPGGRGPIFELKSVAAGCPVLLGKDNPSPGPSRDSQKPTSPLQSAGDHLEEELDLLLNLDAPIKEGDNILPDQTSQDLKSKEDGEVVQEEEVCAKPSVTEEKNMEPEQPSTSKN	142	277	483	206
4681	HUMAN09224	Q9NPA0	177	242	VLLPKVVNTSDPDMRREMEQSMNMLNSNHELPDVSEFMTRLFSSKSSGKSSSGSSKTGKSGAGKRR	65	343	462	119
4682	HUMAN09224	Q9NPA0	1	38	MAAALWGFFPVLLLLLLSGDVQSSEVPGAAAEGSGGSG	37	59	132	73
4683	HUMAN09225	Q96DM1	1	80	MSNPRKRSIPMRDSNTGLEQLLAEDSFDESDFSEIDDSDNFSDSALEADKIRPLSHLESDGKSSTSSDSGRSMKWSARAM	79	0	243	243
4684	HUMAN09225	Q96DM1	499	535	KPGQQHLRGRPCSDDVTPLRLSGRHFPKSIPATSGKQ	36	718	796	78
4685	HUMAN09226	Q9H079	1	138	MASETHNVKKRNFCNKIEDHFIDLPRKKISNFTNKNMKEVKKSPKQLAAYINRTVGQTVKSPDKLRKVIYRRKKVHHPFPNPCYRKKQSPGSGGCDMANKENELACAGHLPEKLHHDSRTYLVNSSDSGSSQTESPSS	137	0	152	152
4686	HUMAN09228	Q5J8M3	24	62	PGGGSRGRSDRGSGQGDSLYPVGYLDKQVPDTSVQETDR	38	83	174	91
4689	HUMAN09233	Q643R3	1	56	MSQGSPGDWAPLDPTPGPPASPNPFVHELHLSRLQRVKFCLLGALLAPIRVLLAFI	55	0	112	112
4690	HUMAN09233	Q643R3	491	524	HTSRGTSQTPNASSPGNPTALANGTVQAPKQKGD	33	597	639	42
4692	HUMAN09236	Q9UKL4	106	191	ERRYSTVFLALDRDPPESIGGPGGTGGGGSGGGKREDKKLQNAIVNGVLQNTENTSKETEPDCLEVKELTPHPSGLRTASKSKLRR	85	136	237	101
4693	HUMAN09236	Q9UKL4	289	321	AKRKSIYEIRNKDLPRVSVPNFGRTQSSDSAYV	32	336	403	67
4695	HUMAN09240	Q6IQ21	514	565	QSAHLKRHEQTHNEKSPYASLCQVEFGNFNNLSNHSGNNVNYNASQQCQAPG	51	542	604	62
4696	HUMAN09241	Q6NSW7	147	186	RMKSKRWQKNNWPKNSNGVTQKASAPTYPSLYSSYHQGCL	39	149	191	42
4697	HUMAN09241	Q6NSW7	1	98	MSVDPACPQSLPCFEESDCKESSPMPVICGPEENYPSLQMSSAEMPHTETVSPLPSSMDLLIQDSPDSSTSPKGKQPTSAENSVAKKEDKVPVKKQKT	97	0	101	101
4698	HUMAN09246	O14770	177	291	SCLKGKMPIDLVIDERDGSSKSDHEELSGSSTNLADHNPSSWRDHDDATSTHSAGTPGPSSGGHASQSGDNSSEQGDGLDNSVASPGTGDDDDPDKDKKRQKKRGIFPKVATNIM	114	176	349	173
4699	HUMAN09246	O14770	1	79	MAQRYDELPHYGGMDGVGVPASMYGDPHAPRPIPPVHHLNHGPPLHATQHYGAHAPHPNVMPASMGSAVNDALKRDKDA	78	0	79	79
4700	HUMAN09246	O14770	326	366	WFINARRRIVQPMIDQSNRAGFLLDPSVSQGAAYSPEGQPM	40	383	428	45
4701	HUMAN09246	O14770	397	477	PMGMSMAQPSYTPPQMTPHPTQLRHGPPMHSYLPSHPHHPAMMMHGGPPTHPGMTMSAQSPTMLNSVDPNVGGQVMDIHAQ	80	458	551	93
4702	HUMAN09246	O14770	98	147	LATCTPREPGVAGGDVCSSDSFNEDIAVFAKQVRAEKPLFSSNPELDNLM	49	97	147	50
4703	HUMAN09248	Q8N6Q1	1	224	MEISRLAQSKRNIISLNMDLERDTQRIDEANQKLLLKIQEREDKIQRLESEIIQTRGLVEDEEWEKENRTTMERERALQELEEETARLERKNKTLVHSITELQQKLTRKSQKITNCEQSSPDGALEETKVKLQQLEASYACQEKELLKVMKEYAFVTQLCEDQALYIKKYQETLKKIEEELEALFLEREVSKLVSMNPVEKEHTSQNNEGTPTQKTARLFSKKI	223	21	263	242
4705	HUMAN09253	Q8NAA6	1	33	MELQGAQEDLGISLSSPRRNHETRPGSKAKGRS	32	0	33	33
4706	HUMAN09255	Q8NA03	132	261	KQRREKEIKKQGLEMRIKLWEEIKSAKYSEAWQSKEEMENTKKFLSLTAVSEETVGPSHEEEDTFSSVFHTQIPPEEYEMQMQKLNKDFTCDVERNESLIKSGKKPFSNTEKIELRGKHNQDFIKRNIEL	129	274	461	187
4707	HUMAN09255	Q8NA03	1	111	MDIIKGNLDGISKPASNSRIRPGSRSSNASLEVLSTEPGSFKVDTASNLNSGKEDHSESSNTENRRTSNDDKQESCSEKIKLAEEGSDEDLDLVQHQIISECSDEPKLKEL	110	23	254	231
4708	HUMAN09255	Q8NA03	285	410	DLDEKDSGLSSSEGDQSGWVVPVKGYELAVTQHQQLAEIDIKLQELSAASPTISSFSPRLENRNNQKPDRDGERNMEVTPGEKILRNTKEQRDLHNRLREIDEKLKMMKENVLESTSCLSEEQLKC	125	484	631	147
4709	HUMAN09255	Q8NA03	418	581	KQKSIIKLSSERKKEDIEDVTPVFPQLSRSIISKLLNESETKVQKTEVEDADMLESEECEASKGYYLTKALTGHNMSEALVTEAENMKCLQFSKDVIISDTKDYFMSKTLGIGRLKRPSFLDDPLYGISVSLSSEDQHLKLSSPENTIADEQETKDAAEECKEP	163	638	849	211
4710	HUMAN09256	Q14439	343	433	SRRNVVSTGSGMAEASLEPSIRSGSQLLEMFHIGQQQIFKPTEDEEESEAKYIGSADFQAKEIFSTCLEGEQGPQFAPSAPPLSTVDSVSQ	90	449	590	141
4711	HUMAN09257	Q9P2K8	1496	1526	DERNGREASDNLAVQNLKGSFSNASGLFEIH	30	3793	3893	100
4712	HUMAN09257	Q9P2K8	189	260	EKKRKEMAKQERLEIASLSNQDHTSKKDPGGHRTAAILHGGSPDFVGNGKHRANSSGRSRRERQYSVCNSED	71	996	1193	197
4713	HUMAN09259	P37108	93	136	GLKKRDKKNKTKKTKAAAAAAAAAPAAAATAPTTAATTAATAAQ	43	225	320	95
4714	HUMAN09261	Q96LC9	1	144	MEPSQCVEELEDDVFQPEDGEPVTQPGSLLSADLFAQSLLDCPLSRLQLFPLTHCCGPGLRPTSQEDKATQTLSPASPSQGVMLPCGVTEEPQRLFYGNAGYRLPLPASFPAVLPIGEQPPEGQWQHQAEVQIARKLQCIADQF	143	87	286	199
4716	HUMAN09268	Q00722	1153	1185	EAKDKPERACECPPELCEQDPLIAKADAQESRL	32	1591	1648	57
4717	HUMAN09268	Q00722	461	537	KNKKNQFSGPTSSSKDTGGEAEGSSPPSAPAGEGTVWAGEEGTELEEEEVEEEEEEESGNLDEEEIKKMQSDEGTAG	76	501	686	185
4719	HUMAN09269	C9JTQ0	179	218	RAAAAAAARGSNSDSPPGRPAPAASPEHRRPSPRRLPRPL	39	292	336	44
4720	HUMAN09269	C9JTQ0	226	380	AGGHGGEAGSAGKNSGRHRAQGSERPELGRSMSLALGAVTEEEAARLRAGALMALPNSPQSSGTGRWRSQEVLEGAPPTLAQAPIGLSPHPEGGPGSGRLGLRRRSTAPDIPSLVGEAPGPESGPELEANALSVSVPGPNPWQAGTEAVVLRAQR	154	343	509	166
4722	HUMAN09271	C9JFL3	1	82	MDPGPKGHCHCGGHGHPPGHCGPPPGHGPGPCGPPPHHGPGPCGPPPGHGPGPCGPPPHHGPGPCGPPPGHGPGHPPPGPHH	81	0	170	170
4725	HUMAN09272	A7MBM2	236	272	LELNSSSSHNTLRPAPRGSAQESAVRPRRMVEPLEDR	36	429	488	59
4727	HUMAN09282	Q8TBE0	461	587	HAGTTCGGCPYKMPFAAEGCRSLGQLEFPLPEAGHPASPAHPLLGCPVPSVPPAAEPVPHLQTPTSEPQTVARACPQSAKPPSGSKSGLRTGSSCRHTARSKAARRPSHPKQPRVQRPRPRRRRRRR	126	672	818	146
4728	HUMAN09283	Q8NCH0	1	100	MFPRPLTPLAAPNGAEPLGRALRRAPLGRARAGLGGPPLLLPSMLMFAVIVASSGLLLMIERGILAEMKPLPLHPPGREGTAWRGKAPKPGGLSLRAGDA	99	54	200	146
4730	HUMAN09287	Q8IZ73	421	495	AKQSLDVLDLCEGDLSPGLTDSTAPSSELGKDDLEELAAAAQKMEEVAEAAPQELDTIALASEKAVETDVMNQET	74	1003	1225	222
4732	HUMAN09292	Q96TC7	129	234	HMEENQRVARRRRFPFVRERSDSTGSSSVYFTASSGATFTDAESEGGYTTANAESDNERDSDKESEDGEDEVSCETVKMGRKDSLDLEEEAASGASSALEAGGSSG	105	168	318	150
4733	HUMAN09295	Q9NVM6	103	169	RERQAQAQESEEEEESRSTRTLEQEIERLREEGSRQLEEQQRLIREQIRQERDQRLRGKAENTEGQG	66	280	397	117
4734	HUMAN09298	A8K5M9	1	142	METWRKGSFRNASFFKQLSLGRPRRLRRQSSVLSQASTAGGDHEEYSNREVIRELQGRPDGRRLPLWGDEQPRATLLAPPKPPRLYRESSSCPNILEPPPAYTAAYSATLPSALSLSSALHQHSEKGLVDTPCFQRTPTPDL	141	8	165	157
4736	HUMAN09299	Q96K21	1	102	MNYDSQQPPLPPLPYAGCRRASGFPALGRGGTVPVGVWGGAGQGREGRSWGEGPRGPGLGRRDLSSADPAVLGATMESRCYGCAVKFTLFKKEYGCKNCGRA	101	0	156	156
4737	HUMAN09303	O43278	1	47	MAPARTMARARLAPAGIPAVALWLLCTLGLQGTQAGPPPAPPGLPAG	46	68	129	61
4738	HUMAN09308	Q9NR61	600	652	LDKSNCGKQQNHTLDYNLAPGPLGRGTMPGKFPHSDKSLGEKAPLRLHSEKPE	52	1012	1136	124
4740	HUMAN09310	Q9ULG1	401	505	RKRDMGHDGIQEEILRKLEDSSTQRQIDIGGGVVVNITQEDYDSNHFKAQALKNAENAYHIHQARTRSFDEDAKESRAAALRAANKSGTGFGESYSLANPSIRAG	104	1442	1642	200
4741	HUMAN09314	O43482	1	65	MAAQPLRHRSRCATPPRGDFCGGTERAIDQASFTTSMEWDTQVVKGSSPLGPAGLGAEEPAAGPQ	64	36	111	75
4743	HUMAN09317	Q9Y375	1	76	MALVHKLLRGTYFLRKFSKPTSALYPFLGIRFAEYSSSLQKPVASPGKASSQRKTEGDLQGDHQKEVALDITSSEE	75	27	133	106
4745	HUMAN09318	Q92541	582	654	ESHNMKNQQMDPFTRRQCKPTIVSNSRDPAVQAAILAQLNAKYGSGVLPDAPKEMSKGQGKDKDLNSKSASDL	72	1757	1997	240
4747	HUMAN09320	P29376	244	287	DRGRTQASPEKLENRSEAPGSGGRGGAAGGGGGWTSRAPSPQAG	43	270	342	72
4748	HUMAN09320	P29376	797	864	PTPEEEGTSGLGNRSLECLRPPQPQELSPEKLKSWGGSPLGPWLSSGLKPLKSRGLQPQNLWNPTYRS	67	944	1022	78
4750	HUMAN09321	Q9BWH6	242	321	EILQEQQRLLAQLDPSLVAFLRSHSHTQEQTGETASEEQRPGGPSANVTKEEPLMSAFASEPRKRDKLEPEAPALALPVT	79	1199	1440	241
4752	HUMAN09322	Q06418	856	890	LAEQPGQAEHQPESPLNETQRLLLLQQGLLPHSSC	34	1499	1549	50
4754	HUMAN09324	Q8IWI9	2935	2964	KDSLLSNKKAIDGGKNTSGLPAEPESVSSP	29	3527	3558	31
4755	HUMAN09324	Q8IWI9	2974	3065	ENSNSTDTLWRPMPKLAPLGLKVANPSSDADGQSLKVMPCLAPIAAKVGSVGHKMNLTGNDQEGRESKVMPTLAPVVAKLGNSGASPSSAGK	91	3567	3670	103
4757	HUMAN09326	O60336	1	35	MAVEGSTITSRIKNLLRSPSIKLRRSKAGNRREDL	34	18	60	42
4758	HUMAN09330	Q9NRC6	1	36	MAGQPHSPRELLGAAGHRSRRPSTELRVPPSPSLTM	35	14	219	205
4761	HUMAN09330	Q9NRC6	815	845	ASLFTVNSALSPPGESLRNPGPWSEASCHPG	30	1147	1284	137
4762	HUMAN09338	Q8NBN3	474	555	LSEEEEEDEQKEPMLKESFEGMKMRSTKQEPNGNSKVNKAQEDDLKWVEENVPSSVTDVALPALLDSDEERMITHFERSKME	81	732	830	98
4764	HUMAN09344	P20807	581	647	SEEVENTISVDRPVKKKKTKPIIFVSDRANSNKELGVDQESEEGKGKTSPDKQKQSPQPQPGSSDQE	66	1092	1221	129
4766	HUMAN09357	Q9P2P6	296	329	FSSCQSLNSSVSNGGDSGILSSPSGTSSGGAPSR	33	319	354	35
4768	HUMAN09357	Q9P2P6	4370	4477	LRIHQKIISQLLKEEDKLHTLANSSSLCTSSNGSLSSGMTSGYNSSPALSGQLQFPENMGHTNLPDSRDVWIGDERGGHSAVRKNSAYSHRASLGSCCCSPSSLSSLG	107	5486	5658	172
4771	HUMAN09362	Q8IWV7	992	1076	SCLIVATTSGSESIKNDEITHDKEKAERKRKAEAARLHRQKIMAQMSALQKNFIETHKLMYDNTSEMPGKEDSIMEEESTPAVSD	84	2818	2937	119
4772	HUMAN09366	Q0P6H9	1	51	MAAVLALRVVAGLAAAALVAMLLEHYGLAGQPSPLPRPAPPRRPHPAPGPG	50	108	266	158
4773	HUMAN09367	O95273	200	229	PYSGLLNDTEENNSDNHNHEDDVLGFPSNQ	29	337	381	44
4775	HUMAN09374	Q9UGJ1	209	247	PSSGNVSAQPEEDEEDLGIGGLTGKQLRELQDLRLIEEE	38	664	754	90
4777	HUMAN09383	P12532	1	41	MAGPFSRLLSARPGLRLLALAGAGSLAAGFLLRPEPVRAAS	40	0	67	67
4778	HUMAN09395	Q9HB65	118	282	SIPAPSSVQGHNLTEDARHPESWQNTGGYSEGDAVSQPQMALEEVSVSDPLASNQGQSLPGSSREHMAQWEVRSQTHVPNREPVQALPSSASRKRLDKKRSVPVATVELEEKRFRTLPLVPSPLQGLTNQDLQEGEDWEQEDEDMDPRLEHSSSVQEDSESPSPE	164	141	338	197
4779	HUMAN09403	Q9NX55	1	84	MRRRGEIDMATEGDVELELETETSGPERPPEKPRKHDSGAADLERVTDYAEEKEIQSSNLETAMSVIGDRRSREQKAKQEREKE	83	57	178	121
4786	HUMAN09412	O75822	212	249	KQEKQSKAKKKKKGVVPGGGLKATMKDDLADYGGYDGG	37	564	662	98
4788	HUMAN09417	C9JE40	213	256	LDDYYYQEYYQKLEKKQADEELLGRRNRVESLKLVTPYIPKAEA	43	519	571	52
4789	HUMAN09421	Q86WT6	1	31	MEVSTNPSSNIDPGDYVEMNDSITHLPSKVV	30	127	179	52
4790	HUMAN09422	Q8NHR7	111	157	HFLIEKHDEVTPNEIKTLRENSELATEHKKELSKSPEKHFIRTPVVE	46	126	180	54
4791	HUMAN09427	Q1HG44	288	320	DCSQERGGSPLILGDPLHKQAALPDLKCITTNL	32	409	562	153
4792	HUMAN09436	O43868	1	66	MEKASGRQSIALSTVETGTVNPGLELMEKEVEPEGSKRTDAQGHSLGDGLGPSTYQRRSRWPFSKA	65	18	119	101
4793	HUMAN09442	O14863	54	105	GSEAPERPVNGAHPTLQADDDSLLDQDLPLTNSQLSLKVDSCDNCSKQREIL	51	138	221	83
4794	HUMAN09443	Q9UL45	1	43	MSVPGPSSPDGALTRPPYCLEAGEPTPGLSDTSPDEGLIEDLT	42	13	116	103
4795	HUMAN09447	Q9Y6N5	1	39	MVPLVAVVSGPRAQLFACLLRLGTQQVGPLQLHTGASHA	38	99	317	218
4796	HUMAN09449	Q8NFY4	538	662	QGSCGRVTPGMLAEGYEQDTEFGNTAHLGDCHEILPTSTTPDYKIFGGPTSDMEVSSSSVTTMASIPEITPKVIDTWRPKLTSSRKFVVQDDPNTSDFTDPLSGIPKGVRWEVQSGESNQMVHMN	124	591	747	156
4798	HUMAN09451	Q71RS6	235	266	LAKAMERSEQQPLMGWEDEGQPFIRRQSRTDS	31	442	501	59
4799	HUMAN09454	P0C2S0	1	45	MSSTYCGNSSAKMSVNEVSAFSLTLEQKTGFAFVGILCIFLGLLI	44	17	69	52
4800	HUMAN09455	Q13621	141	171	NVAVTPSSADRVANGDGIPGDEQAENKEDDQ	30	282	328	46
4801	HUMAN09455	Q13621	1	94	MSLNNSSNVFLDSVPSNTNRFQVSVINENHESSAAADDNTDPPHYEETSFGDEAQKRLRISFRPGNQECYDNFLQSGETAKTDASFHAYDSHTN	93	0	236	236
4802	HUMAN09455	Q13621	833	904	RLEQERLALEATIKDNECEEESGGIRGLFKKAGKLNITKTTPKKDGSINTSQSMHVGEFNQKLVEASTQFKK	71	1271	1389	118
4806	HUMAN09463	Q6S5L8	21	177	HPGMLHRAKYSRFRNESITSLDEGSSGGSVGNKGSPQPPHPALAPHLPTEDATLPSQESPTPLCTLIPRMASMKLANPATLLSLKNFCLGTKEVPRLKLQESRDPGSSGPSSPETSLSRSGTAPPPQQDLVGHRATALTPDSCPLPGPGEPTLRSRQ	156	21	223	202
4807	HUMAN09463	Q6S5L8	470	511	ALQSTPGSAGNQRSAQPLGSPWHCGKAPETVQPGATAQPASS	41	584	643	59
4808	HUMAN09464	Q9Y6B2	1	108	MSEMAELSELYEESSDLQMDVMPGEGDLPQMEVGSGSRELSLRPSRSGAQQLEEEGPMEEEEAQPMAAPEGKRSLANGPNAGEQPGQVAGADFESEDEGEEFDDWEDD	107	0	113	113
4811	HUMAN09468	P61201	1	30	MSDMEDDFMCDDEEDYDLEYSEDSNSEPNV	29	78	258	180
4812	HUMAN09473	Q96M60	106	145	KSMISETSSYRKLERYGEFLKKYHKKKKIMLSDEMETEKN	39	105	150	45
4813	HUMAN09473	Q96M60	310	376	TTTIHGSKKAPAKSVKERIADSQEHISTSIDFNIIKILNNPRAYTLPISKEESRLSRLATKSHYSST	66	314	396	82
4814	HUMAN09475	P21781	2	53	HKWILTWILPTLLYRSCFHIICLVGTISLACNDMTPEQMATNVNCSSPERHT	51	1	55	54
4815	HUMAN09476	Q8N5C7	165	195	RGKNDDPDKPSFKRKRTEEQEFCDLNDSKCK	30	338	397	59
4816	HUMAN09476	Q8N5C7	1	33	MSLNPPIFLKRSEENSSKFVETKQSQTTSIASE	32	49	151	102
4819	HUMAN09485	P40818	119	179	RKKLEEKDRQEEAQRLQQKRQETGREDGGTLAKGSLENVLDSKDKTQKSNGEKNEKCETKE	60	561	644	83
4821	HUMAN09486	A0A087X0L6	1	37	MTSQPSLPADDFDIYHVLAECTDYYDTLPVKEADGNQ	36	5	92	87
4823	HUMAN09489	Q96QT4	1827	1865	NDYTPDKIIFPQDEPSDLNLQPGNSTKESESTNSVRLML	38	2997	3132	135
4824	HUMAN09489	Q96QT4	543	614	NNRRSGRNTSSSTPQLRKSHESFGNRADKKEKMRHNHFIKTAQPYRPKIDTVMEEGKKKRTKDEIVDIDDPE	71	725	802	77
4825	HUMAN09489	Q96QT4	782	836	MSHIPQSQDAHQMTMDDSENNFQNITEEIPMEVFKEVRILDSNEGKNEMEIQMKS	54	989	1203	214
4826	HUMAN09491	Q9UPM8	1	31	MSDIVEKTLTALPGLFLQNQPGGGPAAAKAS	30	85	139	54
4828	HUMAN09492	Q5GJ75	1	109	MGKPRQNPSTLVSTLCEAEPKGKLWVNGYAGTQGTRDATLQTRLIPLSFHLQRGKGLAAPLSALSAPRLPERPADGRVAVDAQPAARSMDSDSGEQSEGEPVTAAGPDV	108	0	173	173
4830	HUMAN09495	Q6ZMI3	58	107	EQREDSALRSFLAELSRAPRGASAPPQDPASSARNKRSHSGEPAPHIRAE	49	173	323	150
4831	HUMAN09496	Q8TDJ6	1280	1321	FGDTEADSSNAEEAAMQDHSTFKSNMLARKSVVEGTAISDDV	41	1702	1761	59
4832	HUMAN09496	Q8TDJ6	1913	2032	KTSALSAKKDQPDFISHRMDDVPSHSKALSDGNGSSGIEWSNVTSSQYDWSQPIVKVDEEPLNLDWGEDHDSALDEEEDDAVGLVMKSTDAREKDKQSDQKASDPNMLLTPQEEDDPEGD	119	2586	2780	194
4833	HUMAN09496	Q8TDJ6	2095	2129	KEYSSKTYSKVESDLLDQEEMVDKPDIGSYERHQI	34	2903	2941	38
4834	HUMAN09496	Q8TDJ6	284	332	CETTTSSIASSLSHAGRHKDRIQHALETIHHLKNLRKGQRRSSVLVTHA	48	351	418	67
4835	HUMAN09496	Q8TDJ6	416	482	DKQVDHENDDADREDEEHSQEDRERGLHMKLDHDLSLDRESEAGTGSSEHEDGEREGSPRTYSRLSV	66	514	606	92
4836	HUMAN09496	Q8TDJ6	570	602	ATKDSHHTLLHQEGMSVGSPHGSQPHSRSHSTH	32	716	761	45
4837	HUMAN09496	Q8TDJ6	921	963	LAKASEGASSESLLSVPGQKNVDSSPETSPSVSPMPHSSSIAN	42	1231	1290	59
4839	HUMAN09497	Q8WXD2	204	270	EANNYEEDPNKPTSWTENQAGKIPEKVTPMAAIQDGLAKGENDETVSNTLTLTNGLERRTKTYSEDN	66	447	565	118
4840	HUMAN09497	Q8WXD2	344	402	EKNATDNISKLFPAPSEKSHEETDSTKEEAAKMEKEYGSLKDSTKDDNSNPGGKTDEPK	58	639	704	65
4841	HUMAN09498	Q8IV50	121	178	KPLLFNGLNSIDSPENETADNSFSQEEEPVVAGEDLPPPSPQESDVQPVQPEEVSARD	57	166	253	87
4842	HUMAN09498	Q8IV50	186	215	QIKLSTQAAKKLKEESRDEESPYATSLYHS	29	260	308	48
4843	HUMAN09498	Q8IV50	1	65	MADSSPALSLREGGPRAPRPSAPSPPPRSRSGSESEEAELSLSLARTKTRSYGSTASVRAPLGAG	64	16	111	95
4844	HUMAN09500	Q9NZR1	35	182	VLDDLDPESAMLPAGFRQKDQTQKAATGPFDREHLLMYLEKEALEQKDREDFVPFTGEKKGRVFIPKEKPIETRKEEKVTLDPELEEALASASDTELYDLAAVLGVHNLLNNPKFDEETANNKGGKGPVRNVVKGEKVKPVFEEPPNP	147	71	235	164
4845	HUMAN09501	Q9NYL9	26	184	ETELKQLETVLDDLDPENALLPAGFRQKNQTSKSTTGPFDREHLLSYLEKEALEHKDREDYVPYTGEKKGKIFIPKQKPVQTFTEEKVSLDPELEEALTSASDTELCDLAAILGMHNLITNTKFCNIMGSSNGVDQEHFSNVVKGEKILPVFDEPPNPT	158	232	416	184
4848	HUMAN09503	Q16659	323	434	MDEPISSHPFHIEDEVDDILLMDETHSHIYNWERYHDCQFSEHDWPVHNNFDIDEVQLDPRALSDVTDEEEVQVDPRKYLDGDREKYLEDPAFDTNYSTEPCWQYSDHHENK	111	371	495	124
4849	HUMAN09503	Q16659	483	525	SKEKSDKKGKSKCERNGLVKAQIALEEASQQLAGKEREKNQGF	42	544	618	74
4850	HUMAN09507	Q9NQX4	1037	1071	KDEKMQLQHLVEGEHVTSDGLKAEVARLSKQVKTI	34	1522	1633	111
4853	HUMAN09508	Q9Y4I1	596	631	EKAISPTSATSSGRTPLTRTPAKPTKGRPGQMAKEH	35	853	927	74
4855	HUMAN09518	Q8NB66	20	233	GMFTKKLGNTNKNKEYRQQKKDQDFPTAGQTKSPKFSYTFKSTVKKIAKCSSTHNLSTEEDEASKEFSLSPTFSYRVAIANGLQKNAKVTNSDNEDLLQELSSIESSYSESLNELRSSTENQAQSTHTMPVRRNRKSSSSLAPSEGSSDGERTLHGLKLGALRKLRKWKKSQECVSSDSELSTMKKSWGIRSKSLDRTVRNPKTNALEPGFSSS	213	22	246	224
4857	HUMAN09519	Q9UHA3	111	163	RLKKNKELQKVQDIKEVKQNIHLIRAPLAGKGKQLEEKMVQQLQEDVDMEDAP	52	152	350	198
4862	HUMAN09531	Q2VWP7	974	1075	KARKSSASKTAQNGTQQLPRTSASLASGNEVGKNLEGAVGNEESLMPMIMPNSFIDAKGGTDLIINSYGPIIKNNSKKKWFFFQDSKKIQVEQPQRRFTPAV	101	1455	1680	225
4865	HUMAN09538	Q8NEH6	1	49	MGSKRRNLSCSERHQKLVDENYCKKLHVQALKNVNSQIRNQMVQNENDN	48	59	164	105
4866	HUMAN09542	Q0VF96	1232	1302	LQRELEEQMDMNEHLQGQLNSMKKDLRLKKLPSKVLDDMDDDDDLSTDGGSLYEAPVSYTFSKDSTVASQI	70	1585	1668	83
4870	HUMAN09554	Q8NBR6	499	617	SDPETVYKGQQDQIDQDYLMALSLQQEQQSQEINWEQIPEGISDLELAKKLQEEEDRRASQYYQEQEQAAAAAAAASTQAQQGQPAQASPSSGRQSGNSERKRKEPREKDKEKEKEKNS	118	560	769	209
4873	HUMAN09558	O95067	1	109	MALLRRPTVSSDLENIDTGVNSKVKSHVTIRRTVLEEIGNRVTTRAAQVAKKAQNTKVPVQPTKTTNVNKQLKPTASVKPVQMEKLAPKGPSPTPEDVSMKEENLCQAF	108	54	281	227
4875	HUMAN09563	Q8TBF8	1	44	MENMHLRRVRTMPRHSQSLTMAPYSSVSLVEQLEDRILCHEKTT	43	9	130	121
4876	HUMAN09570	Q99853	93	325	CGDMFENGSFLRRRKRFKVLKSDHLAPSKPADAAQYLQQQAKLRLSALAASGTHLPQMPAAAYNLGGVAQPSGFKHPFAIENIIAREYKMPGGLAFSAMQPVPAAYPLPNQLTTMGSSLGTGWPHVYGSAGMIDSATPISMASGDYSAYGVPLKPLCHAAGQTLPAIPVPIKPTPAAVPALPALPAPIPTLLSNSPPSLSPTSSQTATSQSSPATPSETLTSPASALHSVAVH	232	92	341	249
4878	HUMAN09574	Q659A1	40	81	LKELRVLSNRRIGENLNASASSVENEPAVSSATQAKEKVKTT	41	118	243	125
4879	HUMAN09574	Q659A1	933	982	LDTTTQQKIGGTRMPTRSHRNPVSMETKSSCLPAQQVETEGVAPHKRKIT	49	1467	1525	58
4880	HUMAN09575	P35398	1	65	MESAPAAPDPAASEPGSSGADAAAGSRETPLNQESARKSEPPAPVRRQSYSSTSRGISVTKKTHT	64	2	146	144
4881	HUMAN09580	Q709C8	1047	1076	DQSISVAKEVQISTEKQQKNSTLPKAIVSS	29	2675	2715	40
4882	HUMAN09580	Q709C8	1375	1417	TEDLDKVKPRVQETGEIKEPLEISISQDVHDSKNTLTTGVEEI	42	3057	3108	51
4883	HUMAN09580	Q709C8	1561	1592	SEPSSSEKESELKPLVGESRSIAVKAVSSNIS	31	3259	3318	59
4884	HUMAN09580	Q709C8	1889	1929	ASSQPSPTQSVQETVRVRKVDVSSVPDHLKEQEDWTDSKLS	40	3889	4020	131
4885	HUMAN09580	Q709C8	2070	2099	QSPENVAKETQILPRQTATGKVKIEKDDSV	29	4362	4498	136
4886	HUMAN09580	Q709C8	838	904	SSAQSPERQVSSIPIISGGTKGLLGTSLLLDTVESESDDEYFDAEDGEPQTCKSMKGSELKKAAEVP	66	2093	2321	228
4888	HUMAN09582	A6NLJ0	42	242	PCTLESPIRAAAVPRRCAAESDLWPRAADEDAGRTDWDPRSQAALSLPHLPRVRTTYGFCALLESPHTRRKESLLLGGPPAPRPRAHSCGGGGGPDAPLGTLCGPRGPGPATPAAPGGPRLPQDALAAGPRRCRLLRVPDGLLSRALRAGRSRRLARVRSVSSGNEDEERRAGSESPARAPSSSPLSSRAPLPERLEAKGT	200	61	305	244
4889	HUMAN09593	P83111	251	286	EKEGKSNEKNDFTKFKTEQENEAKCRNSKPGKKKND	35	582	632	50
4890	HUMAN09596	Q92930	176	207	KMNDSNSAGAGGPVKITENRSKKTSFFRCSLL	31	264	318	54
4891	HUMAN09604	Q9Y6I4	120	153	NLENSAFTADRHKKRKLLENSTLNSKLLKVNGST	33	314	499	185
4892	HUMAN09609	Q15751	123	152	DKGKVKQQQHSPESSSGSADVHSVSERPRS	29	127	176	49
4893	HUMAN09609	Q15751	1311	1433	KNLELIQTRSSSRDRWISENQDSADVDPQEHSFTRTIDEEAEMEEQAERDREEGHPEPEDEEEEREHEVMTAGKIFQCFLSAREVARSRDRDRMNSGAGSGARADDPPPQSQQERRVSTDLPE	122	1453	1622	169
4894	HUMAN09609	Q15751	1458	1551	PVIDELQKRREEGQLQQPSTSASEGGGLMTRSESLTAESRLVHTSPNYRLIKSRSESDLSQPESDEEGYALSGRRNVDLDLAASHRKRGPMHSQ	93	1647	1798	151
4895	HUMAN09609	Q15751	2253	2287	QKLKKSRSVQSREENEMREEKESKEEEKGKHTRHG	34	2605	2663	58
4896	HUMAN09609	Q15751	2405	2496	DMGKQSTKRHEKKHRHESEEKGDVEQKPESESALDMRTGLTSDDVKSQSTTSSKSENEIASFSLDPTLPSVESQHQITEGKRKNHEHMSKNH	91	2794	3001	207
4897	HUMAN09609	Q15751	2610	2751	GGKIKQEIDQQAEESDPAQQAQTPVTTSPSASSTTSFMSSSLEDTTTATTPVTDTETVPASESPGVMPLSLLRQMFSSYPTTTVLPTRRAQTPPISSLPTSPSDEVGRRQSLTSPDSQSARPANRTALSDPSSRLSTSPPPP	141	3214	3435	221
4898	HUMAN09609	Q15751	2797	2931	GHEDEEEPQSGSTADSRPGAAVLGSGGKSNDPCYLQSPGDIPSADAAEMEEGFSESPDNLDHTENAASGSGPSARGRSAVTRRHKFDLAARTLLARAAGLYRSVQAHRNQSRREGISLQQDPGALYDFNLDEELE	134	3480	3698	218
4899	HUMAN09611	Q9UIK4	335	370	KVHLRPDEDLRNCESDTEEDIARRKALHPRRRSSTS	35	632	775	143
4901	HUMAN09621	P23284	1	37	MLRLSERNMKVLLAAALIAGSVFFLLLPGPSAADEKK	36	60	185	125
4902	HUMAN09633	Q15650	74	149	NDQELISDPLQQCFKKDEILDGQKSGDHLKRGRKKGRNRQEVPAFTEPDTTAEVKTPFDLAKAQENSNSVKKKTKF	75	190	380	190
4903	HUMAN09636	O15014	1	33	MSLSSGASGGKGVDANPVETYDSGDEWDIGVGN	32	0	34	34
4906	HUMAN09647	Q86UW2	57	100	RSIQASRKEKMQPPEKETPEVLHLDEAKDHNSLNNLRETLLSEK	43	71	128	57
4907	HUMAN09648	Q9NYN1	188	256	EKSPLTRPLFISEERALPHQAPLTARHGLASCTFNTLSTINLKEMPTVAQAKLVTVKSSRAQSKRKAPT	68	256	332	76
4908	HUMAN09650	F5GYI3	17	47	IGTEPLPGPELSVPACGEVLLGSMHDFSLER	30	16	51	35
4911	HUMAN09653	O76031	68	100	DGISKDGSGDGNKKSASEGSSKKSGSGNSGKGG	32	320	473	153
4912	HUMAN09654	O75339	1125	1184	GRQSAFQYLQSTPAQSPAAGTVQGRVPSRRQQRASRGGQRQGGVVASLRFPRVAQQPLIN	59	1264	1472	208
4913	HUMAN09656	Q8IVU1	1	30	MAVQRAASPRRPPAPLWPRLLLPLLLLLLP	29	31	116	85
4915	HUMAN09657	Q8TDY8	1140	1250	SASNGNPDLHLQDLEPEDPLPPEAPDLISGVGDPGQGAAWLDRELGGCELAAPGPDRLTCLPEAASASCSYPDLQPGEVLEETPGDSCQLKSPCPLGASPGLPRSPVSSSA	110	1478	1669	191
4916	HUMAN09657	Q8TDY8	982	1124	PHRESLPGLSSTATPGNPALYSRARLGPPSPPAAHELESLVHPHPQDWSPPPSDVEDRAEVHSLMGGGVSEGRSHSKRKISWAQPSGLSWAGSWAGCELPQAGPRPALTRALLPPAGTGQTLLLQALVYDAIKGNGRKKSPPA	142	1238	1460	222
4917	HUMAN09658	Q6V1X1	1	49	MWKRSEQMKIKSGKCNMAAAMETEQLGVEIFETADCEENIESQDRPKLE	48	0	157	157
4919	HUMAN09663	O60721	401	436	PAMLTTPSPSLTTALLPEELSPSPSVLPPSLPDLHP	35	651	687	36
4921	HUMAN09666	P62491	182	216	SDRRENDMSPSNNVVPIHVPPTTENKPKVQCCQNI	34	344	490	146
4922	HUMAN09672	Q9BVW5	150	301	LHEDFVSNNDEVAENNEHDVTSTELDPFLTNLSESEMFASELSRSLTEEQQQRIERNKQLALERRQAKLLSNSQTLGNDMLMNTPRAHTVEEVNTDEDQKEESNGLNEDILDNPCNDAIANTLNEEETLLDQSFKNVQQQLDATSRNITEAR	151	197	433	236
4923	HUMAN09672	Q9BVW5	1	66	MLEPQENGVIDLPDYEHVEDETFPPFPPPASPERQDGEGTEPDEESGNGAPVRVPPKRTVKRNIPK	65	30	107	77
4924	HUMAN09673	Q02750	1	32	MPKKKPTPIQLNPAPDGSAVNGTSSAETNLEA	31	24	271	247
4925	HUMAN09674	O75971	1	98	MLSRLQELRKEEETLLRLKAALHDQLNRLKVEELALQSMISSRRGDEMLSSHTVPEQSHDMLVHVDNEASINQTTLELSTKSHVTEEEEEEEEEESDS	97	0	107	107
4927	HUMAN09680	O43541	132	163	RDAAGAPRDASDPLAGAALEPAGGGRSREARS	31	168	218	50
4928	HUMAN09680	O43541	1	120	MFRSKRSGLVRRLWRSRVVPDREEGGSGGGGGGDEDGSLGSRAEPAPRAREGGGCGRSEVRPVAPRRPRDAVGQRGAQGAGRRRRAGGPPRPMSEPGAGAGSSLLDVAEPGGPGWLPESD	119	0	156	156
4929	HUMAN09680	O43541	284	320	PRDEYKPLDLSDSTLSYTETEATNSLITAPGEFSDAS	36	360	405	45
4932	HUMAN09690	Q13163	95	149	NGQLIEPLQIFPRACKPPGERNIHGLKVNTRAGPSQHSSPAVSDSLPSNSLKKSS	54	215	285	70
4933	HUMAN09697	Q96GE6	1	42	MAAEHLLPGPPPSLADFRLEAGGKGTERGSGSSKPTGSSRGP	41	24	68	44
4934	HUMAN09706	Q9UQ03	403	433	KSSKMVFKAPIKEKKSVVVNGIDLLENVPPR	30	635	823	188
4936	HUMAN09708	Q6UW49	137	212	EPYIENEEPEPEPEPAAKQTEAPRMLPVVTESSTSPYVTSYKSPVTTLDKSTGIGISTESEDVPQLSGETAIEKPE	75	169	305	136
4937	HUMAN09708	Q6UW49	50	119	GEPGREKKSNSPKHVYSIASKGSKFKELVTHGDASTENDVLTNPISEETTTFPTGGFTPEIGKKKHTEST	69	66	152	86
4938	HUMAN09710	O94923	39	98	FPRRSSSGFRVDGFEKRAAASESNNYMNHVAKQQSEEAFPQEQQKAPPVVGGFNSNVGSK	59	156	269	113
4939	HUMAN09714	P05386	64	114	GAGGPAPAAGAAPAGGPAPSTAAAPAEEKKVEAKKEESEESDDDMGFGLFD	50	144	278	134
4940	HUMAN09719	Q9BZF9	1331	1363	LKQALNGLSQLTYTSGNPTKRQSQLIDTLQHQV	32	1476	1520	44
4942	HUMAN09719	Q9BZF9	656	706	EHEKSLSEIRQLKRELENVKAKLAQHVKPEEHEQVKSRLEQKSGELGKKIT	50	756	817	61
4944	HUMAN09720	Q9BRS8	294	462	KPPKKKPAKDKNHDEEPTASIHLNKSLNKRVEELQYMGDESSANSSSDPESNPTSPMAGRRHAATNKLSPSGHQNLFLSPNASPCTSPWSSPLAQRKGVSRKSPLAEEGRLNCSTSPEIFRKCMDYSSDSSVTPSGSPWVRRRRQAEMGTQEKSPGTSPLLSRKMQTAD	168	632	879	247
4945	HUMAN09727	Q9P2Z0	67	256	SVIQKNLRFSQRLRLVAGAVPTLHRVPAPAPKRGEEGDQAGRLDTRGELQAARHSEAAPGPVSCTRPRAGKQAAASQITCENELVQTQPHADNPSNTVTSVPTHCEEGPVHKSTQISLKRPRHRSVGIQAKVKAFGKRLCNATTQTEELWSRTSSLFDIYSSDSETDTDWDIKSEQSDLSYMAVQVKEET	189	66	288	222
4946	HUMAN09728	Q6ZMP0	534	616	SPQVPPHRRPGEPFNGQMVTEGRSQEEGEQKGRNEEKEDLRGEAPEMFTSESAQTFPVRHPDRFSPHRPDNLVPPAPQPPRRS	82	937	1081	144
4948	HUMAN09733	Q9Y5X4	1	40	METRPTALMSSTVAAAAPAAGAASRKESPGRWGLGEDPTG	39	259	493	234
4951	HUMAN09736	Q8IUY3	182	321	PSSKKSLSVREFSGEPESLEVLIPEMKWRKVCPSSRSLSLPDNIPCIPPSSVDSTDSFFPSRKPPMSEKSRAQVASENGGRWAWPMPGWGPACPKKMPNCSPTAKNAVYEEDELEEEPRSTGELRLWDYRLLKVFFVLIC	139	274	450	176
4952	HUMAN09736	Q8IUY3	1	66	MTALSRSEATEEGGNQQMHRKTASLNSPVSCKEKPDRVEEPPDYSLHWPEGLKGEEIKKCGREGIT	65	57	157	100
4953	HUMAN09743	Q96J87	1	42	MAAAPGGSAQPAGPGPRLGFSTADSGVGMSGLNPGPAVPMKD	41	12	57	45
4954	HUMAN09743	Q96J87	274	312	AQMQHVAAFSLVAAPLLPAAAANSPPGSGPGTLPGLPAP	38	402	474	72
4955	HUMAN09748	A6NGA9	219	273	SPACDENVTVIPTERSRLGVGPVTTVSPAKDEGPRSEMESLSVREKNLPKSGLWW	54	248	309	61
4959	HUMAN09752	Q4VC39	1	32	MATLGFVTPEAPFESSKPPIFEGLSPTVYSNP	31	24	64	40
4960	HUMAN09761	Q92859	1054	1116	ADSSDKMPNDQASGSGGKGSRLPDLGSDYKPPMSGSNSPHGSPTSPLDSNMLLVIIVSVGVIT	62	1950	2078	128
4963	HUMAN09763	Q7Z4M0	151	199	GNIQELQLIPGPPRATESQGKDSAKSVPRQPGSHQHSEQQQVCVTAGTG	48	188	257	69
4964	HUMAN09764	Q9Y639	365	398	RPDEVPDDDEPAGPMKTNSTNNHKDKNLRQRNTN	33	475	516	41
4965	HUMAN09765	Q5ZPR3	492	534	IKQSCEEENAGAEDQDGEGEGSKTALQPLKHSDSKEDDGQEIA	42	547	599	52
4967	HUMAN09770	Q08397	232	307	ARYEEYGGGEELPEYPPQGFYPAPERPYVPPPPPPPDGLDRRYSHSLYSEGTPGFEQAYPDPGPEAAQAHGGDPRL	75	369	536	167
4968	HUMAN09770	Q08397	64	193	AGPQRSESSSRVLLAGAPQAQQRRSHGSPRRRQAPSLPLPGRVGSDTVRGQARHPFGFGQVPDNWREVAVGDSTGMARARTSVSQQRHGGSASSVSASAFASTYRQQPSYPQQFPYPQAPFVSQYENYDP	129	105	283	178
4969	HUMAN09771	Q9UBI4	1	47	MLGRSGYRALPLGDFDRFQQSSFGFLGSQKGCLSPERGGVGTGADVP	46	77	239	162
4970	HUMAN09771	Q9UBI4	227	287	QDSPAGPNLDSTLQQLALHFLGGSMNSMAGGAPSPGPADTVEMVSEVEPPAPQVGARSSPK	60	428	557	129
4971	HUMAN09772	P29590	1	50	MEPAPARSPRPQQDPARPQEPTMPPPETPSEGRQPSPSPSPTERAPASEE	49	10	67	57
4973	HUMAN09776	Q6UXK2	378	478	PKHAPGAGGEPDGQAPTSERKSTAKGRGNSVLPSKPEGKIKGQGLAKVSILGETETEPEEDTSEGEEAEDQILADPAEEQRCGNGDPSRYVSNHAFNQSAE	100	462	606	144
4974	HUMAN09776	Q6UXK2	623	745	KPYRLILRPQAPDPMEKRIAADFDPRASYLESEKSYPAGGEAGGEEPEDVQGEGLDEDAEQGDPSGDLQREESLAACSLVESQSKANQEEFEAGSEYSDRLPLGAEAVNIAQEINGNYRQTAG	122	783	992	209
4975	HUMAN09786	P05108	1	43	MLAKGLPPRSVLVKGCQTFLSAPREGLGRLRVPTGEGAGISTR	42	31	97	66
4976	HUMAN09787	O75326	1	47	MTPPPPGRAAPSAPRARVPGPPARLGLPLRLRLLLLLWAAAASAQGH	46	4	67	63
4978	HUMAN09788	Q96S82	96	173	EPDQKPEPVDKVAAMREFRVLHTALHSSSSYREAVFKMLSNKESLDQIIVATPGLSSDPIALGVLQDKDLFSVFADPN	77	189	282	93
4980	HUMAN09789	Q8IVW6	516	561	VVHLITGSAPQSLGSSASSSSSSHCSPSPTSSRGTPSAEPSTSWSL	45	703	787	84
4982	HUMAN09796	P04798	1	30	MLFPISMSATEFLLASVIFCLVFWVIRASR	29	82	163	81
4983	HUMAN09799	Q9HAT1	254	461	EPSPEVPPQPFLEMQQLRLARQLEGLWARLGLGTREDVTPKSDSEAQGEGERLFDLEETLGRHRRILQALRGLSKQLAQAERQWKKQLGPPGQARPDGGWALDASCQIPSTPGRGGHLSMSLNKDSAKVGALLHGQWTLLQALQEMRDAAVRMAAEAQVSYLPVGIEHHFLELDHILGLLQEELRGPAKAAAKAPRPPGQPPRASSCL	207	357	583	226
4984	HUMAN09801	Q8WVH0	1	158	MAFMVKTMVGGQLKNLTGSLGGGEDKGDGDKSAAEAQGMSREEYEEYQKQLVEEKMERDAQFTQRKAERATLRSHFRDKYRLPKNETDESQIQMAGGDVELPRELAKMIEEDTEEEEEKASVLGQLASLPGLNLGSLKDKAQATLGDLKQSAEKCHVM	157	22	193	171
4985	HUMAN09806	O15127	1	114	MSAFDTNPFADPVDVNPFQDPSVTQLTNAPQGGLAEFNPFSETNAATTVPVTQLPGSSQPAVLQPSVEPTQPTPQAVVSAAQAGLLRQQEELDRKAAELERKERELQNTVANLH	113	24	249	225
4986	HUMAN09814	Q5XKK7	1	138	MATAEPSGRALRLSTPGPRPSGARDRAPGAAGPPSGQIGNRALRLGERTPAAVEKRGPYMVTRAPSIQAKLQKHRDLAKAVLRRKGMLGASPNRPDSSGKRSVKFNKGYTALSQSPDENLVSLDSDSDGELGSRYSSG	137	16	181	165
4987	HUMAN09816	P20674	1	45	MLGAALRRCAVAATTRADPRGLLHSARTPGPAVAIQSVRCYSHGS	44	86	198	112
4988	HUMAN09818	Q9BUL9	147	199	RQPGYQPPNPHPGPSSPPAAPASKRSLGEPAAGEGSAKRSQPEPGVADEDQTA	52	181	259	78
4990	HUMAN09822	Q6ZRI6	927	996	DFDTEAGAVSSSEPTVARGEPESLALAQKSPAPKVRKPGRKPPTPGPEKAEAAAGEESCGASPTPATSAS	69	1288	1359	71
4992	HUMAN09830	Q96FI4	286	390	GPLAPKGRKSRKKKSKATQLSPEDRVEDALPPSKAPSRTRRAKRDLPKRTATQRPEGTSLQQDPEAPTVPKKGRRKGRQAASGHCRPRKVKADIPSLEPEGTSAS	104	415	632	217
4997	HUMAN09838	O95149	297	360	TKPDYAGHQLQQIMEHKKSQKEGMKEKLTHKASENGHYELEHLSTPKLKGSSHSPDHPGCLMEN	63	667	773	106
4998	HUMAN09840	Q8WV41	66	182	NHADYSSSPAGSPGAQVSLYNSPSVASPARSGGGSGFLSNQGSFEEDDDDDWDDWDDGCTVVEEPRAGGLGTNGHPPLNLSYPGAYPSQHMAFRPKPPLERQDSLASAKRGSVVGRN	116	84	236	152
4999	HUMAN09841	Q6UVK1	2181	2305	AARTEAGKPESSTPTGEPGPMASSPEPAVAKGGFLSFLEANMFSVIIPMCLVLLLLALILPLLFYLRKRNKTGKHDVQVLTAKPRNGLAGDTETFRKVEPGQAIPLTAVPGQGPPPGGQPDPELL	124	3023	3258	235
5000	HUMAN09843	Q8WVN8	116	198	LDVEMLDQPLPTGQNGTTEEVTSEEEEEEEEMAEDIEDLDHYEMKEEEPISGKKSEDEGIEKENLAILEKIRKTQRQDHLNGA	82	175	290	115
5001	HUMAN09846	Q8WWG1	86	115	GHFQRASSVQYDINLVETSSTSAHHSHEQH	29	104	135	31
5002	HUMAN09847	Q2M3C6	1	78	MAVAPSFNMTNPQPAIEGGISEVEIISQQVDEETKSIAPVQLVNFAYRDLPLAAVDLSTAGSQLLSNLDEDYQREGSN	77	5	86	81
5004	HUMAN09855	Q96A47	150	191	AAAGSPRSPGPLPGARGLHLPDAGSGRQPALRPHVHKQTEKT	41	238	315	77
5005	HUMAN09855	Q96A47	243	359	RCKDKKKSILMKQLQQQQHSDKTSLQGLTGTPLVAGSPIRHENAVQGSAVEVQTYQPPWKALSEFALQSDLDQPAFQQLVSFSESGSLGNSSGSDVTSLSSQLPDTPNSMVPSPVET	116	366	526	160
5008	HUMAN09859	Q14257	1	37	MRLGPRTAALGLLLLCAAAAGAGKAEELHYPLGERRS	36	64	232	168
5010	HUMAN09867	Q9H792	1407	1453	DPDDPEKDEDDMEETEEDAKGETDGKNPKPCSEAASSQKENQGVMSK	46	1823	1899	76
5012	HUMAN09868	Q9NP66	181	242	RKTQDRQKGKSHRQDAARQATHDHEKETEVKERSVFDIPIFTEEFLNHSKAREAELRQLRKS	61	334	444	110
5013	HUMAN09868	Q9NP66	1	102	MENLMTSSTLPPLFADEDGSKESNDLATTGLNHPEVPYSSGATSSTNNPEFVEDLSQGQLLQSESSNAAEGNEQRHEDEQRSKRGGWSKGRKRKKPLRDSNA	101	51	256	205
5014	HUMAN09869	Q96FE5	1	34	MQVSKRMLAGGVRSMPSPLLACWQPILLLVLGSV	33	76	111	35
5016	HUMAN09871	Q9UPU7	1	33	MPGAGARAEEGGGGGEGAAQGAAAEPGAGPARE	32	47	95	48
5017	HUMAN09871	Q9UPU7	436	507	LNEQLGMLMETIQAKDEVIIKLSEGEGNGPPPTVAPSSPSVVPVARDQLELDRLKDNLQGYKTQNKFLNKEI	71	639	717	78
5019	HUMAN09879	Q96GR2	1	71	MPRNSGAGYGCPHGDPSMLDSRETPQESRQDMIVRTTQEKLKTSSLTDRQPLSKESLNHALELSVPEKVNN	70	7	186	179
5020	HUMAN09893	P30532	1	41	MAARGSGPRALRLLLLVQLVAGRCGLAGAAGGAQRGLSEPS	40	75	157	82
5021	HUMAN09894	P32297	361	435	SNEGNAQKPRPLYGAELSNLNCFSRAESKGCKEGYPCQDGMCGYCHHRRIKISNFSANLTRSSSSESVDAVLSLS	74	413	596	183
5022	HUMAN09895	P30926	352	407	PDSSPARAFPPSKSCVTKPEATATSTSPSNFYGNSMYFVNPASAASKSPAGSTPVA	55	547	644	97
5023	HUMAN09898	Q9UKP4	188	239	APERLAQRGDSSAPSTCGVQVYPELESRRERWEQRQQWRRPRLRRLHQRSVS	51	478	547	69
5024	HUMAN09898	Q9UKP4	1	38	MPGGPSPRSPAPLLRPLLLLLCALAPGAPGPAPGRATE	37	128	295	167
5028	HUMAN09909	Q9UPX6	881	916	EAEFRRAKVCKIAALIAAAACTVILVIVVPICTMKS	35	1076	1117	41
5030	HUMAN09923	A0A1B0GTU2	1	59	MEEPTPEPVYVDVDKGLTLACFVFLCLFLVVMIIRCAKVIMDPYSAIPTSTWEEQHLDD	58	0	77	77
5031	HUMAN09924	Q9HBZ2	1	70	MATPAAVNPPEMASDIPGSVTLPVAPMAATGQVRMAGAMPARGGKRRSGMDFDDEDGEGPSKFSRENHSE	69	29	261	232
5033	HUMAN09925	Q6PCB6	49	84	QRGAGASAPAPAQATAAAAAAQPAPQQPEEGAGAGP	35	82	131	49
5034	HUMAN09927	Q14696	193	234	KGGGSKEKNKTKQDKGKKKKEGDLKSRSSKEENRAGNKREDL	41	255	325	70
5035	HUMAN09927	Q14696	1	54	MAASRWARKAVVLLCASDLLLLLLLLPPPGSCAAEGSPGTPDESTPPPRKKKKD	53	22	101	79
5037	HUMAN09932	Q14005	306	346	PPSLCSHLSPPLCRSLSSSTCITKDSSSFALESPSAPISTA	40	719	775	56
5039	HUMAN09937	Q6ZN04	1	60	MPSSLFADLERNGSGGGGGGSSGGGETLDDQRALQLALDQLSLLGLDSDEGASLYDSEPR	59	17	260	243
5040	HUMAN09937	Q6ZN04	244	320	NGTDVGFDLHHGSGGSGPGSLWSKPTPSITPTPGRKPFSSYRNDSSSSLGSASTDSYFGGGTSSSAAATQRLADYSP	76	519	616	97
5041	HUMAN09937	Q6ZN04	367	514	PAPPPGAPLIWAQFERSPGGGPAAPVSSSCSSSASSSASSSSVVFPGGGASAPSNANLGLLVHRRLHPGTSCPRLSPPLHMAPGAGEHHLARRVRSDPGGGGLAYAAYANGLGAQLPGLQPSDTSGSSSSSSSSSSSSSSSSGLRRKG	147	684	898	214
5042	HUMAN09939	Q7Z2Z2	438	501	IAQRRERARQRHAEKLAAAQGQAPLEPTQDGSAIETCPKGEEPRGDEQQVESMTPKPVLQEENN	63	1786	2036	250
5043	HUMAN09939	Q7Z2Z2	902	949	FEEQGASDLAKEGQEENETCSGGNENQELQDGCSEAFEKRTSQKGESP	47	3322	3500	178
5047	HUMAN09952	Q13367	1	31	MSAAPAYSEDKGGSAGPGEPEYGHDPASGGI	30	49	286	237
5048	HUMAN09952	Q13367	255	295	TQNESLLEENAEKAFYGSEEDEAKGAGSEETAAAAAPSRKP	40	745	952	207
5049	HUMAN09955	A1L4K1	29	158	SEDRLHLFPEENTRMRKVVQAEMANESRGAGDGKAQRDLQEEVDELVHLYGLEDDHELGDEFVDENIPRTGVSEYPPYMMKRRDPAREQRDWRLSGEAAEAEDLGFGGWGSAGQCQDLREAYRYTHGRAS	129	93	274	181
5051	HUMAN09956	Q8TF30	755	809	KVHPDLGPNPSSKPTSNRRTSDLERSIKAALQRIKRVSADSEEDSDEQDPGQWDG	54	1253	1340	87
5053	HUMAN09958	Q9BTL3	22	118	NDKEYQEYLKRPPESPPIVEEWNSRAGGNQRNRGNRLQDNRQFRGRDNRWGWPSDNRSNQWHGRSWGNNYPQHRQEPYYPQQYGHYGYNQRPPYGYY	96	32	194	162
5055	HUMAN09968	Q9Y3E1	93	203	GVKFTGYQAIQQQSSSETEGEGGNTADASSEEEGDRVEEDGKGKRKNEKAGSKRKKSYTSKKSSKQSRKSPGDEDDKDCKEEENKSSSEGGDAGNDTRNTTSDLQKTSEGT	110	108	235	127
5056	HUMAN09970	Q01954	941	994	GTFRAHYKTVHLRQLHKCKVPGCNTMFSSVRSRNRHSQNPNLHKSLASSPSHLQ	53	1176	1368	192
5057	HUMAN09973	P82987	1137	1169	QWRGIQEETPPAAQLRGETGSVSQSSHAKNSGK	32	1632	1758	126
5058	HUMAN09974	H0YL09	1	40	MGPAVLGQGQEGQPEARACSGLLQPPKRPIVFKEKLTMKT	39	0	41	41
5060	HUMAN09981	P08949	1	40	MARRAGGARMFGSLLLFALLAAGVAPLSWDLPEPRSRASK	39	4	46	42
5061	HUMAN09986	Q96L96	1829	1907	GPEAAHPQAKAKGSKSPSAGRKGSQLSPQPQKKGLPSPQGTRKSAPSSKATPQASEPVTTQLLGQPPTQEEGSKAQGMR	78	3112	3196	84
5064	HUMAN09989	O60658	1	64	MGCAPSIHISERLVAEDAPSPAAPPLSSGGPRLPQGQKTAALPRTRGAGLLESELRDGSGKKVA	63	0	151	151
5065	HUMAN09989	O60658	329	386	NNKAEKISECVQSDTHTDNQTGKHKDRRKGSLDVKAVASRATEVSSQRRHSSMARIHS	57	531	646	115
5066	HUMAN09989	O60658	429	481	SPQFGAKDDDPHANDLVGGLMSDGLRRLSGNEYVLSTKNTQMVSSNIITPISL	52	698	770	72
5068	HUMAN10001	Q9H2W6	1	41	MAAPVRRTLLGVAGGWRRFERLWAGSLSSRSLALAAAPSSN	40	76	203	127
5069	HUMAN10001	Q9H2W6	94	145	ENQRLAKKKADLHDEEDEQDILLAQDLEDMWEQKFLQFKLGARITEADEKND	51	257	339	82
5070	HUMAN10004	P82912	37	70	ARQLQDAAAKQKVEQNAAPSHTKFSIYPPIPGEE	33	77	121	44
5071	HUMAN10006	Q8WTP8	1	105	MVPREAPESAQCLCPSLTIPNAKDVLRKRHKRRSRQHQRFMARKALLQEQGLLSMPPEPGSSPLPTPFGAATATEAASSGKQCLRAGSGSAPCSRRPAPGKASGP	104	62	250	188
5072	HUMAN10006	Q8WTP8	283	325	TCPEDREPDSSTDMEQYMEDQYWPDDLAHGSRGGAREAQDRRN	42	437	484	47
5076	HUMAN10020	P54098	498	537	KKAKKVKKEPATASKLPIEGAGAPGDPMDQEDLGPCSEEE	39	1682	1834	152
5077	HUMAN10022	Q9UBD6	440	479	EGNSTVYIPEDPTFKPSGPSVPSVPMVSPLPMASSVPLVP	39	801	1017	216
5078	HUMAN10023	Q7Z2Z1	504	631	GASSDLMESFGLLQAASANKEESSKTEGELIHCLAELYQRKSREESTIAHQEDSKKKRGVPRTPVRQKMNTMCRSLKMLNVARLNVKAQKLHPDGSPDVAGEKGIQKIPSGRTVDKLEDRGRTLRSSK	127	566	706	140
5080	HUMAN10024	Q2M1P5	1052	1083	LDAAIEYKNEAITCRQRVLRASASLLSQCEMN	31	1858	1895	37
5082	HUMAN10026	O60240	107	186	YPPEKIASELKDTISTRLRSARNSISVPIASTSDKVLGAALAGCELAWGVARDTAEFAANTRAGRLASGGADLALGSIEK	79	230	310	80
5084	HUMAN10030	Q6P2C0	238	268	QLTSNPKKKVRQPQLNSLGPISADPLEMDAN	30	267	331	64
5085	HUMAN10031	Q9BRJ9	146	238	SLQRRCRQRGDAGSPRGCPLCPDDCPAQMQTRTQAEGQGQGRGLGLVSAVRAGASWGSPPACPGARAAPEPRDPPALFAEAACPEGQAMEPSP	92	152	258	106
5086	HUMAN10031	Q9BRJ9	1	89	MAQPLCPPLSESWMLSAAWGPTRRPPPSDKDCGRSLVSSPDSWGSTPADSPVASPARPGTLRDPRAPSVGRRGARSSRLGSGQRQSASE	88	0	92	92
5087	HUMAN10034	P15144	37	67	KNKNANSSPVASTTPSASATTNPASATTLDQ	30	129	243	114
5088	HUMAN10042	P48735	1	41	MAGYLRVVRSLCRASGSRPAWAPAALTAPTSQEQPRRHYAD	40	83	198	115
5089	HUMAN10043	Q9NPR2	677	797	DGVADQTDEGGSVPVIISTSRVSAPAGGKASWGADRSYWKEFLVMCTLFVLAVLLPVLFLLYRHRNSMKVFLKQGECASVHPKTCPVVLPPETRPLNGLGPPSTPLDHRGYQSLSDSPPGS	120	972	1122	150
5090	HUMAN10048	Q9NPE2	133	264	KLKQDQKVLKKAGLAHSLQHLRGSGNTSKLLPAGHSVSGSLLMPGHEASSKDPNHSTALKVIESDTHRTNTPRRRKGRNKEIQDLEESFVPVAAPLGHPRELQKYSSDSESPRGTGSGALPSGQKLEELKAE	131	185	373	188
5091	HUMAN10048	Q9NPE2	1	60	MAVTLSLLLGGRVCAAVTRCGFATRGVAGPGPIGREPDPDSDWEPEERELQEVESTLKRQ	59	14	113	99
5093	HUMAN10058	P54132	1290	1417	SPAEDSSPGISLSSSRGPGRSAAEELDEEIPVSSHYFASKTRNERKRKKMPASQRSKRRKTASSGSKAKGGSATCRKISSKTKSSSIIGSSSASHTSQATSGANSKLGIMAPPKPINRPFLKPSYAFS	127	1456	1594	138
5095	HUMAN10060	P09958	765	794	EAWQEECPSDSEEDEGRGERTAFIKDQSAL	29	1273	1312	39
5096	HUMAN10061	P07332	386	426	TKLEHLGPGEPPPVLLLQDDRHSTSSSEQEREGGRTPTLEI	40	477	545	68
5097	HUMAN10063	P49641	1	41	MKLKKQVTVCGAAIFCVAVFSLYLMLDRVQHDPTRHQNGGN	40	85	184	99
5099	HUMAN10071	Q7L1I2	1	91	MDDYKYQDNYGGYAPSDGYYRGNESNPEEDAQSDVTEGHDEEDEIYEGEYQGIPHPDDVKAKQAKMAPSRMDSLRGQTDLMAERLEDEEQL	90	55	154	99
5100	HUMAN10072	Q9UIG8	1	32	MQGKKPGGSSGGGRSGELQGDEAQRNKKKKKK	31	16	57	41
5101	HUMAN10072	Q9UIG8	291	327	PHSEPAMESEQAMLSEREYERPKPSNGVLRHPLEPDS	36	338	412	74
5102	HUMAN10072	Q9UIG8	653	710	KRYIKNHEGGLSTSEFFASTLTLDNLGRDPVPANQTHRTKFIYNLEDHEWCENMESVL	57	778	837	59
5103	HUMAN10073	Q92186	1	69	MQLQFRSWMLAALTLLVVFLIFADISEIEEEIGNSGGRGTIRSAVNSLHSKSNRAEVVINGSSSPAVVD	68	19	126	107
5104	HUMAN10074	Q3ZCQ3	1	159	MRAVPLPAPLLPLLLLALLAAPAARASRAESVSAPWPEPERESRPPPGPGPGNTTRFGSGAAGGSGSSSSNSSGDALVTRISILLRDLPTLKAAVIVAFAFTTLLIACLLLRVFRSGKRLKKTRKYDIITTPAERVEMAPLNEEDDEDEDSTVFDIKYR	158	6	175	169
5105	HUMAN10077	O14647	1051	1127	QRKKVEEEERQKELEEIYMLPRIRSSTKKAQTNDSDSDTESKRQAQRSSASESETEDSDDDKKPKRRGRPRSVRKDL	76	1962	2075	113
5109	HUMAN10086	P24468	1	74	MAMVVSTWRDPQDEVPGSQGSQASQAPPVPGPPPGAPHTPQTPGQGGPASTPAQTAAGGQGGPGGPGSDKQQQQ	73	78	327	249
5110	HUMAN10089	Q8N8A8	126	192	GNSEDVSRHARTSQNDRPRQPAPGDGSKERMCGEELEDTKDDPECGVEEEDAGLAGQPPGKLTRSSP	66	130	208	78
5112	HUMAN10093	O15061	786	824	EEEGYGESDVTFSVNQHRRTKQPQENTTHVEEVTEAGDS	38	1195	1248	53
5113	HUMAN10103	Q8TE56	170	227	QGPFSGREHLIRRKWSLTPSPSAEAQRPEQLCKVLTEKKKPTWGRPSRDWRERRNAIR	57	368	431	63
5114	HUMAN10103	Q8TE56	1	30	MCDGALLPPLVLPVLLLLVWGLDPGTAVGD	29	129	169	40
5115	HUMAN10106	Q8IU89	334	383	SIQDVRSDDEDYEEEEEEEEEEATKGKEMDCLKNGLRAERHLIPNGQHGH	49	413	474	61
5116	HUMAN10107	Q8NG48	549	700	ESKYDISICGCVPSLVQDQSSNQTIPHRLTAPHSHRDVCARHSWASDAPSEPLKAVMSKGAHTMCASSLSSPRASQSLVDYDSSDDSDVESTEQCLANSKQTSLHQQATKEIQDAAGTSRDKKEFSLEPPSRPLVLKEFDTAFSFDCEVAPN	151	675	887	212
5117	HUMAN10112	Q38SD2	1837	1901	DYCSMSSYSSSPPRQAARSPSSLPSSPASSSSVPFSTDCEDSDMLHTPGAASDRSEHDLTPMDGE	64	2450	2554	104
5118	HUMAN10113	Q86X52	1	68	MAARGRRAWLSVLLGLVLGFVLASRLVLPRASELKRAGPRRRASPEGCRSGQAAASQAGGARGDARGA	67	7	213	206
5119	HUMAN10116	P09661	164	195	GKRGAQLAKDIARRSKTFNPGAGLPTDKKKGG	31	349	539	190
5120	HUMAN10123	Q9BRN9	1	61	MAGGVLPLRGLRALCRVLLFLSQFCILSGGEQSQALAQSIKDPGPTRTFTVVPRAAESTEI	60	13	153	140
5121	HUMAN10125	A2RTX5	77	125	EERSRQATLESAELEAAQEAGAQPPPSQSQDKDMKKKKMKESEADSEVK	48	121	260	139
5123	HUMAN10135	P29372	1	77	MVTPALQMKKPKQFCRRMGQKKQRPARAGQPHSSSDAAQAPAEQPHSSSDAAQAPCPRERCLGPPTTPGPYRSIYFS	76	28	240	212
5124	HUMAN10136	Q12980	32	63	QEHPASQTSKPRSRYAASNTGDHADEQDGDSR	31	495	654	159
5127	HUMAN10146	Q9H0X4	1	63	MLDHKDLEAEIHPLKNEERKSQENLGNPSKNEDNVKSAPPQSRLSRCRAAAFFLSLFLCLFVV	62	67	137	70
5128	HUMAN10148	O94810	425	467	LEMKRRVFPFTWRPRHSSPSPALLPTPVEPTAACGPGGGDGVA	42	560	618	58
5129	HUMAN10151	Q13087	1	39	MSRQLLPVLLLLLLRASCPWGQEQGARSPSEEPPEEEIP	38	18	267	249
5132	HUMAN10156	Q9HCN3	1	33	MGRAGTGTGGEAVAAVVAGPLLLLLLARPPPAS	32	41	96	55
5134	HUMAN10166	O75154	625	693	LRKQLEHLQLLKLEAEQRRGRSSSMGLQEYHSRARESELEQEVRRLKQDNRNLKEQNEELNGQIITLSI	68	962	1032	70
5135	HUMAN10168	O75808	18	51	AGQRQCSICEAPRHKPDLNHILRLSVEEQKWPCA	33	163	198	35
5136	HUMAN10168	O75808	431	463	HCAACHTPQLLVAQRRGAAPLRRRESMHVEQRR	32	771	816	45
5138	HUMAN10177	Q96S21	206	281	VHLIDKLPLPVTIKSHLKSFSMANGMNAVMMHGRSYSLASGAGGGGSKGNSLKRSKSIRPPQSPPQNCSRSNCKIS	75	462	626	164
5139	HUMAN10185	Q9BUT9	1	90	MYTITKGPSKLVAQRRTGPTQQQVEGRLGELLKCRQPAPPTSQPPRAQPFAQPPGPWPLSSPGPRLVFNRVNGRRAPSTSPSFEGTQETY	89	8	164	156
5140	HUMAN10192	O75783	1	69	MGRVEDGGTTEELEDWDPGTSALPAPGIKQGPREQTGTGPLSQKCWEPEPDAPSQPGPALWSRGRARTQ	68	25	99	74
5142	HUMAN10200	Q9BQD7	202	235	GGQAGEAASSRIPIQAAPGPSSAPIPGGLISQAS	33	253	294	41
5144	HUMAN10203	A2IDD5	295	379	AARSYHKRLVDLSRRHEELLVAYRAPGNPQAIFDIASLDLEPLPVPLVTDFSHREDQHGGPGALLSSPKKRPGGASQGGTSEPQG	84	554	681	127
5145	HUMAN10212	Q13421	21	56	LLFLLFSLGWVQPSRTLAGETGQEAAPLDGVLANPP	35	62	113	51
5146	HUMAN10215	Q9UJJ7	258	292	PDPDPEDRGPRPGSPSALLPGPGRPPPPPTKPPET	34	542	584	42
5147	HUMAN10220	Q96S07	1	40	MARTDQKPPCRGGCWGQPGHPNTGGAAAHPTYHPMGHRPR	39	42	82	40
5148	HUMAN10220	Q96S07	336	366	GEAAQDPATRRTAPPRRTASPEPPAPGAPLP	30	386	419	33
5149	HUMAN10220	Q96S07	80	288	GRKTPACISELPTSSGTAQPLANAVCEVQTVPGPGLRPQGTPAMRAPSHKGTPPTPNPWGPEQPQNRHKHPKKGVTGGPSPPPPAASRYGQTPGREPRVQAPGLGPCGRPASGRLLSLHLEKGDGKGTRQRIPLTDAAVGGDRTDIPSAIAAGPARTPDRHGLPIPGSTPTPMVGSGRLGAPVGRSGGGASARSSRPSCANVLLRADAS	208	121	336	215
5150	HUMAN10221	Q96S06	1	41	MRPDSPTMAAPAESLRRRKTGYSDPEPESPPAPGRGPAGSP	40	30	213	183
5151	HUMAN10226	P35346	1	36	MEPLFPASTPSWNASSPGAASGGGDNRTLVGPAPSA	35	20	90	70
5152	HUMAN10226	P35346	324	364	GSGAKDADATEPRPDRIRQQQEATPPAHRAAANGLMQTSKL	40	401	446	45
5153	HUMAN10227	P60827	1	111	MAAPALLLLALLLPVGAWPGLPRRPCVHCCRPAWPPGPYARVSDRDLWRGDLWRGLPRVRPTIDIEILKGEKGEAGVRGRAGRSGKEGPPGARGLQGRRGQKGQVGPPGAA	110	0	158	158
5155	HUMAN10229	O95180	1564	1595	HQEAEEARRREEKRLRRLERRRRSTFPSPEAQ	31	3772	3835	63
5158	HUMAN10229	O95180	424	459	ETKQRESQLMREQRARHLSNDSTLASFSEPGSCYEE	35	1069	1126	57
5160	HUMAN10233	Q9BZJ3	1	34	MLLLAPQMLSLLLLALPVLASPAYVAPAPGQALQ	33	0	74	74
5162	HUMAN10237	Q9UJK0	1	53	MGRRRAARGPGAEGGRPRHLPTRSLEAFAEEVGAALQASVEPGAADGEGGPGP	52	44	179	135
5163	HUMAN10237	Q9UJK0	226	312	KESPQEEEIDPFDVDSGREFGNPNRPVASTRLPSDTDDSDASEDPGPGAERGGASSSCCEEEQTQGRGAEARAPAEVWKGIKKRQRD	86	367	594	227
5164	HUMAN10238	Q9UJJ9	1	56	MAAGLARLLLLLGLSAGGPAPAGAAKMKVVEEPNAFGVNNPFLPQASRLQAKRDPS	55	25	159	134
5165	HUMAN10238	Q9UJJ9	269	305	PYTRPTETSNLEHLGHETPRAKSPEQLRGDPGLRGSL	36	432	494	62
5166	HUMAN10245	Q4G0I0	1	46	MNRVLCAPAAGAVRALRLIGWASRSLHPLPGSRDRAHPAAEEEDDP	45	0	63	63
5168	HUMAN10249	Q96A99	111	259	LQRRGRKVDTRLRALDLTLGERSQQRARERKAHKAQRDALQDSLARLEGLVHSQGARLAALEGRLPVAHPGTAALGPALVPTPTQPEELGPTSLKLQRDRQELRAASEHRGPPQDSSAPLQGRREPPASGSHRVLSGTAPKDPRQQAWS	148	207	455	248
5169	HUMAN10249	Q96A99	1	41	MGCSWRKTLSFFLVFVPIYLHGASSQEAAPVGPRKPFFERL	40	33	110	77
5170	HUMAN10250	Q9Y4R8	442	507	SPQPAGDGASEAGTSLVPATAEPPAETPAEIVDGGVPQAQLAGSDSDLDSDDEFVPYDMSGDRELK	65	978	1156	178
5171	HUMAN10250	Q9Y4R8	627	688	GCLGRTPQPGSPSPNTPCLPEAAVSQPGSAVASDWRVVVEERIRSKTQRLSKGGPRQGPAGS	61	1325	1460	135
5172	HUMAN10254	Q96RY5	1231	1269	DYISRFNDLAQELSIAEPGRREALFDGGGGGPAVSDLSQ	38	1754	1796	42
5173	HUMAN10254	Q96RY5	1	160	MTVKLGDGGSGEDGLKKLGKRAADEESLEGEGAGGADAAEESSGTKRDEKTPRAGADGPPAPPGAPQAPSPPQGSPQDQHHFLRSSVRPQSKRPRKDPPSAVGSGNAGGSGPRGKGAEGGGSSSGNVSGVAPAAPAGGSRSSSRNLGSSGGEKEEGKKVR	159	132	356	224
5175	HUMAN10264	A4GXA9	1	63	MARVGPGRAGVSCQGRGRGRGGSGQRRPPTWEISDSDAEDSAGSEAAARARDPAGERRAAAEA	62	4	193	189
5176	HUMAN10265	Q6PJ21	1	89	MARRPRNSRAWHFVLSAARRDADARAVALAGSTNWGYDSDGQHSDSDSDPEYSTLPPSIPSAVPVTGESFCDCAGQSEASFCSSLHSAH	88	69	194	125
5177	HUMAN10265	Q6PJ21	321	355	CSRRKAPVSDPQAATSAHPSSREPRPCQRKRCRRT	34	470	538	68
5178	HUMAN10275	Q96QI5	1	85	MAGSGGLGGGAGGGQGAGAGQGAALRASRAPMLLVALVLGAYCLCALPGRCPPAARAPAPAPAPSEPSSSVHRPGAPGLPLASGP	84	0	138	138
5179	HUMAN10277	Q92901	1	35	MSHRKFSAPRHGHLGFLPHKRSHRHRGKVKTWPRD	34	117	152	35
5180	HUMAN10277	Q92901	378	407	RFQTAQEKRAFMGPQKKHLEKETPETSGDL	29	737	772	35
5181	HUMAN10280	P15880	1	57	MADDAGAAGGPGGPGGPGMGNRGGFRGGFGSGIRGRGRGRGRGRGRGRGARGGKAED	56	102	270	168
5182	HUMAN10283	Q2KHN1	209	245	EDTALLEGAPQEEAEAAPEGNVGAEVVGEPRANIPCK	36	251	299	48
5184	HUMAN10286	P55789	23	67	RSEMMDDLATDARGRGAGRRDAAASASTPAQAPTSDSPVAEDASR	44	74	206	132
5185	HUMAN10288	O43761	183	223	EQLSTGASQAYPGYPVGSGVEGTETYQSPPFTETLDTSPKG	40	306	353	47
5186	HUMAN10295	Q15599	245	337	EEHVEGPLPSPVTNGTSPAQLNGGSACSSRSDLPGSDKDTEDGSAWKQDPFQESGLHLSPTAAEAKEKARAMRVNKRAPQMDWNRKREIFSNF	92	425	550	125
5190	HUMAN10298	P49815	1755	1795	CEEAAYSNPSLPLVHPPSHSKAPAQTPAEPTPGYEVGQRKR	40	3393	3455	62
5191	HUMAN10298	P49815	922	978	LSFDDTPEKDSFRARSTSLNERPKSLRIARPPKQGLNNSPPVKEFKESSAAEAFRCR	56	1576	1678	102
5192	HUMAN10298	P49815	986	1029	VVRSRIQTSLTSASLGSADENSVAQADDSLKNLHLELTETCLDM	43	1685	1737	52
5194	HUMAN10301	P98161	3624	3661	PDEDDTLVESPAVTPVSARVPRVRPPHGFALFLAKEEA	37	6150	6191	41
5196	HUMAN10303	Q9ULW5	1	56	MSRKKTPKSKGASTPAASTLPTANGARPARSGTALSGPDAPPNGPLQPGRPSLGGG	55	36	114	78
5197	HUMAN10306	Q6Q0C0	1	116	MSSGKSARYNRFSGGPSNLPTPDVTTGTRMETTFGPAFSAVTTITKADGTSTYKQHCRTPSSSSTLAYSPRDEEDSMPPISTPRRSDSAISVRSLHSESSMSLRSTFSLPEEEEEP	115	30	214	184
5199	HUMAN10311	Q6PL45	1	57	MEPASCCAERPKPGPTGVKTKPSCGGWRAVSLLLLLLLLVLAAVGVVAGGLLGSAQG	56	11	79	68
5200	HUMAN10318	P42126	1	41	MALVASVRVPARVLLRAGARLPGAALGRTERAAGGGDGARR	40	23	138	115
5203	HUMAN10321	Q99758	848	891	DIQAIQLPALQYQHERRASDWAVDSNLCGAMDPSDGIGALIEEE	43	2155	2278	123
5207	HUMAN10335	Q9NXV2	1	40	MAENHCELLSPARGGIGAGLGGGLCRRCSAGLGALAQRPG	39	35	119	84
5209	HUMAN10342	Q8NF86	1	33	MRGVSCLQVLLLLVLGAAGTQGRKSAACGQPRM	32	18	120	102
5210	HUMAN10343	Q9Y6M0	1	35	MGARGALLLALLLARAGLRKPESQEAAPLSGPCGR	34	75	164	89
5211	HUMAN10345	Q9GZN4	1	46	MVVSGAPPALGGGCLGTFTSLLLLASTAILNAARIPVPPACGKPQQ	45	13	70	57
5212	HUMAN10347	Q96CP2	1	36	MPLPEPSEQEGESVKASQEPSPKPGTEVIPAAPRKP	35	10	53	43
5213	HUMAN10347	Q96CP2	49	140	KDSTKVAGAKRKGVHCVMSLGVPGPATLAKALLQTHPEAQRAIEAAPQEPEQKRSRQDPGTDRTEDSGLAAGPPEAAGENFAPCSVAPGKSL	91	65	165	100
5214	HUMAN10349	Q4VC44	1	35	MPLPEPSEQEGESVKAGQEPSPKPGTDVIPAAPRK	34	0	43	43
5215	HUMAN10349	Q4VC44	73	108	PATLASTLQILPVEEQGGVVQPALEMPEQKCSKLDA	35	81	136	55
5217	HUMAN10358	P56747	189	220	GSQGPSHYMARYSTSAPAISRGPSEYPTKNYV	31	222	269	47
5218	HUMAN10360	Q9NP84	1	49	MARGSLRRLLRLLVLGLWLALLRSVAGEQAPGTAPCSRGSSWSADLDKC	48	0	49	49
5219	HUMAN10366	A1A5D9	1	85	MSSPDGPSFPSGPLSGGASPSGDEGFFPFVLERRDSFLGGGPGPEEPEDLALQLQQKEKDLLLAAELGKMLLERNEELRRQLETL	84	86	219	133
5220	HUMAN10366	A1A5D9	255	404	LERARSEAGEALSALRRLQRRVSELEEESRLQDADVSAASLQSELAHSLDDGDQGQGADAPGDTPTTRSPKTRKASSPQPSPPEEILEPPKKRTSLSPAEILEEKEVEVAKLQDEISLQQAELQSLREELQRQKELRAQEDPGEALHSAL	149	442	682	240
5221	HUMAN10366	A1A5D9	449	497	LEAWQDDMQVVIGQQLRSQRQKELSASASSSTPRRAAPRFSLRLGPGPA	48	727	790	63
5222	HUMAN10375	P98182	1	44	MMAAKVVPMPPKPKQSFILRVPPDSKLGQDLLRDATNGPKTIHQ	43	0	45	45
5223	HUMAN10375	P98182	57	226	PSLVQPSQKVKETLVIMKDVSSSLQNRVHPRPLVKLLPKGVQKEQETVSLYLKANPEELVVFEDLNVFHCQEECVSLDPTQQLTSEKEDDSSVGEMMLLAVNGSNPEGEDPEREPVENEDYREKSSDDDEMDSSLVSQQPPDNQEKERLNTSIPQKRKMRNLLVTIENDT	169	57	238	181
5225	HUMAN10378	O14978	1	45	MASGPGSQEREGLLIVKLEEDCAWSQELPPPDPGPSPEASHLRFR	44	6	51	45
5226	HUMAN10398	Q8IY92	1	50	MKLSVNEAQLGFYLGSLSHLSACPGIDPRSSEDQPESLKTGQMMDESDED	49	20	75	55
5227	HUMAN10398	Q8IY92	377	470	QPEGSSSPPMFSFSDHSRGLKRRGPTSKKEPRKRRKVDEAPSEDLLVAMALSRSEMEPGAAVPALRLESAFSERIRPEAENKSRKKKPPVSPPL	93	496	621	125
5228	HUMAN10398	Q8IY92	550	613	LVPPLVPQRPAQGLMQEPVPPLVPPEHSELSERRSPALHGTPTAGCGSRGPSPSASQREHQALQ	63	707	812	105
5229	HUMAN10398	Q8IY92	627	669	PWPGSGGLAGSEGTAGLDVVPGGLPLTGFVVPSQDKHPDRGGR	42	825	911	86
5233	HUMAN10405	Q92793	1559	1612	EEEERKKEESTAASETTEGSQGDSKNAKKKNNKKTNKNKSSISRANKKKPSMPN	53	3498	3576	78
5235	HUMAN10408	O60503	1248	1353	HRVIPQHQLSISPDIRVQVDGSIGRSPTDEIANLVPSVQYVDKTSLGSDSSTQAKDAHLSPKRPWKEPVKAEERGRFGKAIEKDDCDETGIEEANELTKLNVSKSV	105	3065	3243	178
5236	HUMAN10408	O60503	1	78	MASPPHQQLLHHHSTEVSCDSSGDSNSVRVKINPKQLSSNSHPKHCKYSISSSCSSSGDSGGVPRRVGGGGRLRRQKK	77	25	171	146
5240	HUMAN10423	Q6EMK4	352	408	TTTTATVPTTRPVVREPTALSSSLAPTWLSPTEPATEAPSPPSTAPPTVGPVPQPQD	56	425	505	80
5242	HUMAN10433	Q9H305	1	119	MSSEPPPPYPGGPTAPLLEEKSGAPPTPGRSSPAVMQPPPGMPLPPADIGPPPYEPPGHPMPQPGFIPPHMSADGTYMPPGFYPPPGPHPPMGYYPPGPYTPGPYPGPGGHTATVLVPS	118	0	182	182
5243	HUMAN10435	A6NNT2	1029	1141	QRGAQPLAVAKELAAVKAPSPPSQSLYDRVHSSALFGAICPPLCPRSSACSAASGPHLTMPARPPSLPPLLLLPPLIPSLRDPQQAPGSTRLSRAPHIESRVGRKPPEEPANP	112	1527	1655	128
5245	HUMAN10445	Q6ZW76	304	422	GENPLEEEGLCCRDVTSPINERDVESSSSSSSREEHAFCANLGPVQSSSSSEGLARAQGLSSEASVESNEDSDHACKSSARKQAKSYMKTKNPDSQWPPRAATDREGFLAESSPQTQRA	118	450	609	159
5247	HUMAN10451	Q8IYM1	318	358	SHLLPRGPGWVNLAPASPGQLTTPRTFKVCRGAHDDSDDEF	40	505	569	64
5249	HUMAN10458	Q9NPG3	173	351	SESEDDFIKEKKKKSPKKRKLKEGGEKIKKKKKDDTYDKEKKSKKSKFSKAGFTALNASKEKKKKKYSGALSVKEMLKKFQKEKEAQKKREEEHKPVAVPSAEAQGLRELEGASDPLLSLFGSTSDNDLLQAATAMDSLTDLDLEHLLSESPEGSPFRDMDDGSDSLGVGLDQEFRQPS	178	246	449	203
5251	HUMAN10461	O43304	183	225	PAPVREEDARNQAGPRDPSSLEAHGPRSTLGPALEAVSMDGDK	42	464	676	212
5252	HUMAN10461	O43304	661	696	GSMSSLESCTSGFSQLSAATSSSSSGQSHSSSLVSR	35	1503	1564	61
5253	HUMAN10465	Q9BT22	1	30	MAASCLVLLALCLLLPLLLLGGWKRWRRGR	29	87	241	154
5254	HUMAN10475	Q9BUU2	60	141	TDSGAKGGSHRDVHTKEPPSAETGSTGSPPGSGHGNEGFSLQAGTDTTGQEVAEAQLDEDGDLDVVRRPRAASDSNPAGPLR	81	66	161	95
5255	HUMAN10481	Q96B77	1	51	MAALLRAVRRFRGKAVWERPLHGLWCCSGQEDPKRWVGSSSPISKEKLPNA	50	35	161	126
5256	HUMAN10485	Q9Y2V2	1	59	MSSEPPPPPQPPTHQASVGLLDTPRSRERSPSPLRGNVVPSPLPTRRTRTFSATVRASQ	58	117	205	88
5258	HUMAN10490	Q14CZ0	152	275	PPPRNSRAPPRLTVVSPNRATSTETSSSVETDLQPFREAIALHGLSGAMASISVRSSTPGSPTHVSSGSNASRRRNGLHDVDLNTFISEEMALHLDNGGTRKRTSAQCGDVITDSPTHKRNRMI	123	250	445	195
5261	HUMAN10494	Q96M29	1	35	MEFLGTTQTASYCGPKKCCGLTSLPAVQAPVIQEC	34	85	178	93
5264	HUMAN10507	O15524	1	54	MVAHNQVAADNAVSTAAEPRRRPEPSSSSSSSPAAPARPRPCPAVPAPAPGDTH	53	54	157	103
5265	HUMAN10514	Q99732	1	71	MSVPGPYQAATGPSSAPSAPPSYEETVAVNSYYPTPPAPMPGPTTGLVTGPDGKGMNPPSYYTQPAPIPNN	70	25	131	106
5266	HUMAN10520	Q6PKC3	1	74	MSECGGRGGGSSSSEDAEDEGGGGGGPAGSDCLSSSPTLATASSAGRLRRGLRGAFLMARQRPELLCGAVALGC	73	0	238	238
5267	HUMAN10520	Q6PKC3	934	985	GRDGAESLAAQREVHPKQPEPSATPQLPGSSPPPANVSATLVSERNKENRTD	51	1855	1932	77
5271	HUMAN10528	Q02223	40	139	YCNASVTNSVKGTNAILWTCLGLSLIISLAVFVLMFLLRKINSEPLKDEFKNTGSGLLGMANIDLEKSRTGDEIILPRGLEYTVEECTCEDCIKSKPKVD	99	55	186	131
5273	HUMAN10531	Q8TEQ0	407	511	GVGSYSPADAPLGSLENGTGPEDHVLPDPGLRYSVEASSPGHGSPLSSLLPSASVPESMTISELRQATVAMMNRKDELEEENRSLRNLLDGEMEHSAALRQEVDT	104	661	839	178
5274	HUMAN10531	Q8TEQ0	547	588	AVQMLKREGQTAEVPNLWSVDGEVTVAEQKPGEIAEELASSY	41	879	926	47
5275	HUMAN10531	Q8TEQ0	602	651	LIEFNERLHRALVAKEALVSQMRQELIDLRGPVPGDLSQTSEDQSLSDFE	49	939	999	60
5276	HUMAN10531	Q8TEQ0	777	813	PPGEPVNSRPKAASRFPKLSRGQPRETRNVEPQSGDL	36	1220	1284	64
5279	HUMAN10536	Q92889	646	680	REGRDETNLDLVRGTASADVSTDTRKAGGQEQNGT	34	3422	3541	119
5281	HUMAN10546	O15496	1	39	MGPLPVCLPIMLLLLLPSLLLLLLLPGPGSGEASRILRV	38	0	89	89
5282	HUMAN10560	Q9NYV6	1	45	MAAPLLHTRLPGDAAASSSAVKKLGASRTGISNMRALENDFFNSP	44	82	231	149
5285	HUMAN10567	Q96MC5	154	183	IKLKPLDKVTKSPASSRAEKKAEPPPSKPT	29	178	220	42
5286	HUMAN10567	Q96MC5	1	48	MELKQSLSTHLEAEKPLRRYGAVEETAWKTERLGRNQLDIISMAETTM	47	4	62	58
5288	HUMAN10572	Q9Y4F3	311	344	CGTKGTGKETTLLLATSLGKAASKFGSPEVAVAG	33	493	528	35
5291	HUMAN10581	P33527	269	306	RKQPVKVVYSSKDPAQPKESSKVDANEEVEALIVKSPQ	37	633	794	161
5293	HUMAN10583	O95255	263	294	ARRHNKAIAFKRKGGSGMKAPETEPFLRQEGS	31	366	450	84
5294	HUMAN10583	O95255	856	922	QPGDRGEGETEPGTSTKDPRGTSAGRRPELRRERSIKSVPEKDRTTSEAQTEVPLDDPDRAGWPAGK	66	1043	1205	162
5297	HUMAN10611	Q96Q15	1870	1920	ESQASGNKFSTAIPTLLGNIQGEELLVSECEGGSPPASQDSNKDEPKSGLN	50	3839	3950	111
5299	HUMAN10611	Q96Q15	3520	3604	DATNECSSPTSSATYQPSFAAAVRSNTGQKTQPDVMSQNARKLIQKNLATSADTPPSTVPGTGKSVACSPKKAVRDPKTGKAVQE	84	6327	6454	127
5300	HUMAN10615	Q99807	1	39	MSCAGAAAAPRLWRLRPGARRSLSAYGRRTSVRFRSSGM	38	102	210	108
5301	HUMAN10618	Q3MIP1	33	94	SGGARAEPADGVDGGFPLLKVAVLLLLSYVLLRCRHAVRQRFLPGSPRLEGHAAFSSRHFRE	61	34	112	78
5302	HUMAN10619	Q9BSW7	37	119	SSCCQSSEDEVEILGPFPAQTPPWLMASRSSDKDGDSVHTASEVPLTPRTNSPDGRRSSSDTSKSTYSLTRRISSLESRRPSS	82	223	331	108
5303	HUMAN10627	Q9NZC3	2	36	WLWEDQGGLLGPFSFLLLVLLLVTRSPVNACLLTG	34	53	145	92
5304	HUMAN10628	O43303	1	34	MEEYEKFCEKSLARIQEASLSTESFLPAQSESIS	33	51	88	37
5306	HUMAN10628	O43303	895	1012	EKMLRQMDKMKSPRVALSAATQKSLDRKKYMKAAEMGMPNKKFLVKQNPSETRVLQPNQGQNAPVHRLLSRQGTPKTSVKGVVQNRQKPSQSRVPNRVPVSGVYAGKIQRKRPNVATI	117	1056	1198	142
5308	HUMAN10633	Q8N0W5	1	51	MAAPRQIPSHIVRLKPSCSTDSSFTRTPVPTVSLASRELPVSSWQVTEPSS	50	0	104	104
5309	HUMAN10636	Q6DWJ6	308	353	KQPVQFYTNHNFSITSSPWISPANSHCIKMLVYQYDKNGKPIKVSP	45	457	505	48
5310	HUMAN10638	P55259	508	537	PGVMNGTPSTAGFLVAWPMVLLTVLLAWLF	29	735	771	36
5311	HUMAN10652	Q9NXG2	1	36	MAAPAQQTTQPGGGKRKGKAQYVLAKRARRCDAGGP	35	86	214	128
5312	HUMAN10652	Q9NXG2	270	353	SPKDPSQLNSKQGNGKEAKLESADKSDQNNTAEGKNNQQVPENTEELGQTKPTSNPQVVNEGGAKPELASQATEGSKSNENDFS	83	690	804	114
5313	HUMAN10653	A8K979	1	30	MATKRLARQLGLIRRKSIAPANGNLGRSKS	29	36	106	70
5314	HUMAN10655	Q96IC2	1	48	MEPEREGTERHPRKVRESRQAPNKLVGAAEAMKAGWDLEESQPEAKKA	47	96	186	90
5315	HUMAN10656	Q8IWE4	1	85	MGQCVTKCKNPSSTLGSKNGDREPSNKSHSRRGAGHREEQVPPCGKPGGDILVNGTKKAEAATEACQLPTSSGDAGRESKSNAEE	84	0	96	96
5316	HUMAN10657	O43325	93	122	TPLRGRGLRSQEKLRKLSKPVYLRSHDEVS	29	140	171	31
5318	HUMAN10661	Q05996	671	712	GVGSSDLKASGSSGEKSRSETGEEVGSRGAMDTKGHKTAGDV	41	761	819	58
5320	HUMAN10670	O95976	178	241	KSKSNPLRNKEIKEDSQKKKSARRIFQEIAQELYHKRHVETNQQSEKDNNTYENRRVLSNYERP	63	214	304	90
5321	HUMAN10671	Q7RTW8	1106	1153	AKTHSWQDAPASAGPTRTSSSRSPAGALQSWGLWLGCPLLVLMAKLLW	47	1375	1432	57
5323	HUMAN10676	P22695	1	34	MKLLTRAGSFSRFYSLKVAPKVKATAAPAGAPPQ	33	164	282	118
5324	HUMAN10679	Q8IXQ8	121	193	IYDLIPEAKFPVTSTPKKIELAKDESFTSSDDNENVDLDKRLQYYRYPWSTVHHPARRPISISRDWHGYKKKN	72	258	335	77
5325	HUMAN10679	Q8IXQ8	211	264	DDKKEVRAPSPYWIMVKQDNESSSSSTSSTSDAFWLEDCAQVEEGKAQLVSKVG	53	352	437	85
5326	HUMAN10683	A6NCI4	1	81	MKKYRKISIGCFAMATQTSHVFHGQENMFLENHCIRRNTGRDSKKPLKQKNMNGLGQNSDNGLLVTHVNQTQDLLRLQGSE	80	0	129	129
5327	HUMAN10683	A6NCI4	725	818	SGKVLGSSALPKEKPKTLQLRSQPKKLCPPRPTVPLGARMSIKDDPDREKSPPLKSLKWRPLSSRVGISPAAAQPTKEGMMELRRKTKSREAET	93	878	1016	138
5328	HUMAN10684	A6NKP2	1	32	MKSNPPRSSLEACKAAGQAPQQKTQAKPTKAA	31	23	233	210
5329	HUMAN10685	O00418	1	77	MADEDLIFRLEGVDGGQSPRAGHDGDSDGDSDDEEGYFICPITDDPSSNQNVNSKVNKYYSNLTKSERYSSSGSPAN	76	1	127	126
5331	HUMAN10686	Q9NVU0	145	186	ADAKHREREAANEAGDSSQDEAEDDVKQITVRFSRPESEQAR	41	531	576	45
5332	HUMAN10686	Q9NVU0	439	554	ETMPKKPDAQSGPAGLVCGDQRIQVAKTKAQQNHALLERELQRRKEQLRVPAVPPGVRIKEEPVSEEGEEDEEQEAEEEPMDTSPSGLHSKLANGLPLGRAAGTDSFNGHPPQGCA	115	890	1057	167
5335	HUMAN10691	A8MRT5	88	142	KTIFWSRNGHDGSTDVQQRAWRSNRRRQEGLRSICMHTKKRVSSFRGNKIGLKDV	54	87	142	55
5336	HUMAN10698	P51170	576	621	KQAPPCPEAPRSPQGQDNPALDIDDDLPTFNSALHLPPALGTQVPG	45	785	878	93
5338	HUMAN10707	Q5JPH6	1	33	MAALLRRLLQRERPSAASGRPVGRREANLGTDA	32	288	403	115
5339	HUMAN10711	O14562	1	82	MAAAGAPDGMEEPGMDTEAETVATEAPARPVNCLEAEAAAGAAAEDSGAARGSLQPAPAQPPGDPAAQASVSNGEDAGGGAG	81	27	186	159
5340	HUMAN10712	O14561	1	50	MASRVLSAYVSRLPAAFAPLPRVRMLAVARPLSTALCSAGTQTRLGTLQP	49	0	74	74
5344	HUMAN10725	P05771	294	333	GSEANEELRQKFERAKISQGTKVPEEKTTNTVSKFDNNGN	39	368	435	67
5345	HUMAN10727	O60359	209	315	AKSHSEFLKKSTFARLPPYRYRFRRRSSSRSTEPRSRDLSPISKGFHTIPSTDISMFTLSRDPSKITMGTLLNSDRDHAFLQFHNSTPKEFKESLHNNPANRRTTPV	106	228	375	147
5347	HUMAN10728	Q7Z6E9	81	149	KSTSKTYVISRTEPAMATTKAIDDSSASISLAQLTKTANLAEANASEEDKIKAMMSQSGHEYDPINYMK	68	495	633	138
5348	HUMAN10730	Q8NDV7	1867	1897	TPSPGWQSLGSSQSRLGSLDCSHSFSSRTDL	30	2854	2887	33
5349	HUMAN10732	Q8WWX8	562	614	PVVQKEQAPPAAPLSLTLSQNGMPEASSSSSVQFEMVQENTSKTHSCDMTPKQ	52	1140	1246	106
5350	HUMAN10742	Q9Y661	1	30	MARWPAPPPPPPPPPPLAAPPPPGASAKGP	29	0	35	35
5351	HUMAN10742	Q9Y661	65	192	LQESPGAAAEPPPSPPPPSLLPTPVRLGAPSQPPAPPPLDNASHGEPPEPPEQPAAPGTDGWGLPSGGGGAQDAWLRTPLAPSEMITAQSALPEREAQESSTTDEDLAGRRAANGSSERGGAVSTPDY	127	76	217	141
5352	HUMAN10743	Q7Z2V1	1	217	MSLVPGQHCSPSHTRLHLTSPITMGTEPATQNTEFSKGSLIYGVTSPQRGHSQHSEASQGPLSLDKPLQLPPIFLEGEKGESSVQNEQEGEPSLQSPSLELQSPAWPRHAGVAQEPLKVSSSYLSDTQSSESHVSSVQHPRPEEGSHASLSSGYAGDKEGSDISLVGSHRRVRLNRRLNTQAASNQTSQLGSIDPPSSLKSRLTGPAHSTKQTGGKE	216	0	227	227
5353	HUMAN10747	P24394	209	274	NTTWSEWSPSTKWHNSYREPFEQHLLLGVSVSCIVILAVCLLCYVSITKIKKEWWDQIPNPARSRL	65	370	436	66
5355	HUMAN10747	P24394	727	825	CHGQEDGGQTPVMASPCCGCCCGDRSSPPTTPLRAPDPSPGGVPLEASLCPASLAPSGISEKSKSSSSFHPAPGNAQSSSQTPKIVNFVSVGPTYMRVS	98	1043	1207	164
5356	HUMAN10752	Q9HBE5	406	444	AGLEPSPGLEDPLLDAGTTVLSCGCVSAGSPGLGGPLGS	38	672	743	71
5357	HUMAN10753	Q12789	1059	1100	RKNSSTDQGSDEEGSLQKEQESAMDKHNLERKCAMLEYTTGS	41	1699	1770	71
5358	HUMAN10753	Q12789	1139	1246	NQAKKENTAAENGLTVRLQTFLSKRPMPLSARGNSRLNIWGEARVGSELCAGWEEQFEVDREPSLDRNRRVRGGKSQKRKRLKKDPGKKIKRKKKGEFPGEKSKRLRY	107	1836	2068	232
5362	HUMAN10753	Q12789	716	777	NSSTANRVKTSQPPVPQGEAEEDSQGKEGPSGSGDSQLSASSRSESGRMKKSDNKMGITPLR	61	1144	1249	105
5363	HUMAN10753	Q12789	818	870	NTVEKPSFISERRTIKQESGRAGVRPSSSGSAWEACSEAPSKGSQDGVTWEAE	52	1333	1403	70
5364	HUMAN10755	O60303	1147	1198	VGSLDSLQDEEAMRRPSTADGEGDERPFTQAGLGADERIPELELPSSSPVPQ	51	1754	1816	62
5365	HUMAN10755	O60303	1	65	MDGQTLRKAERSWSCSREKKEGYAKDMVTDFDEKHDEYLILLQQRNRILKHLKSKDPVQLRLEHL	64	159	264	105
5368	HUMAN10757	Q6UXU4	250	318	HKRKVFEQGYREEPTFIDPEAIKYFRERMEKRDGSEEDFHLDCRHERYPARHQPHMADSWPRSSAQEAP	68	333	441	108
5369	HUMAN10757	Q6UXU4	37	80	QRVPKPGCGQGGRANCPNSGANATANGTAAPAAAAAAATASGNG	43	55	105	50
5370	HUMAN10762	Q52WX2	1	39	MSVGCPEPEPPRSLTCCGPGTAPGPGAGVPLLTEDMQAL	38	56	110	54
5371	HUMAN10762	Q52WX2	320	410	ELRRRPSHRARKPPGDRPPAAGPLRLEAPGPLKRTVLTESGSGSRPAPPAVGSVPLPVPVPVPVPVPVPVPEPGLAPQGPPGRTDGRADKS	90	420	548	128
5372	HUMAN10764	B5ME19	162	314	NPEQSADEDAEKNEEDSEGSSDEDEDEDGVSAATFLKKKSEAPSGESRKFLKKMDDEDEDSEDSEDDEDWDTGSTSSDSDSEEEEGKQTALASRFLKKAPTTDEDKKAAEKKREDKAKKKHDRKSKRLDEEEEEDNEGGEWERVRGGVPLVKE	152	678	876	198
5373	HUMAN10764	B5ME19	1	47	MSRFFTTGSDSESESSLSGEELVTKPVGGNYGKQPLLLSEDEEDTKR	46	426	559	133
5375	HUMAN10765	Q13286	1	31	MGGCAGSRRRFSDSEGEETVPEPRLPLLDHQ	30	101	223	122
5376	HUMAN10765	Q13286	234	268	PEAQDPGGEEEAESAARQPLIRTEAPESKPGSSSS	34	617	821	204
5378	HUMAN10772	Q8NEV9	163	193	PEEEEEEEEEEEEERKGLLPGALGSALQGPA	30	189	231	42
5379	HUMAN10775	Q96ES7	96	151	IAAKIAGLYNDSEPPRKTMRRGVLMTLLQQSAMTLPLWIGKPGDKPPPLCGAIPAS	55	299	379	80
5384	HUMAN10788	Q8WWM7	201	255	NYATKDKFTDSAIAMNSKVNGEHKEKVLQRWEGGDSNSDDYDLESDMSNGWDPNE	54	895	1055	160
5385	HUMAN10788	Q8WWM7	268	298	TTYDSSLSSYTVPLEKDNSEEFRQRELRAAQ	30	1067	1118	51
5386	HUMAN10792	Q9NRF2	478	519	IEEGPPTGTVHPLSAPYPPLDTPETATGSFLFQGEPEGGEGD	41	907	965	58
5387	HUMAN10792	Q9NRF2	628	756	SQRQQEPTTSHDPPQPPEPPSWTDPPQPGAEEASRAPEVAAAAAAAAKERQEKEKAGGGGVPEELVPVVELVPVVELEEAIAPGSEAQGAGSGGDAGVPPMVQLQQSPLGGDGEEGGHPRAINNQYSFV	128	1073	1273	200
5389	HUMAN10800	Q8NCF5	1	45	MAEPVGKRGRWSGGSGAGRGGRGGWGGRGRRPRAQRSPSRGTLDV	44	55	103	48
5392	HUMAN10806	E5RHQ5	88	142	KTIFWSRNGHDGSTDVQQRAWRSNRRRQEGLRSICMHTKKRVSSFRGNKIGLKDV	54	93	148	55
5395	HUMAN10822	Q6UWD8	88	196	ARERSEDWYGSAVPLLTDRAPEPPTQVGTLEARATAPPAPSAPNSAPSNLGPQTVLEVPARSTFWGPQPWEGRPPATGLVSWAEPEQRPEASVQFGSPQARRQRPGSPD	108	127	248	121
5396	HUMAN10824	Q14807	1	40	MAAGGSTQQRRREMAAASAAAISGAGRCRLSKIGATRRPP	39	21	80	59
5399	HUMAN10834	Q9BTK6	134	254	RRPPTPEAQSEEERSDEEPEAKEEEEEKPHMPTEFDFDDEPVTPKDSLIDRRRTPGSSARSQKREARLDKVLSDMKRHKKLEEQILRTGRDLFSLDSEDPSPASPPLRSSGSSLFPRQRKY	120	172	322	150
5400	HUMAN10834	Q9BTK6	1	86	MSLARGHGDTAASTAAPLSEEGEVTSGLQALAVEDTGGPSASAGKAEDEGEGGREETEREGSGGEEAQGEVPSAGGEEPAEEDSED	85	0	124	124
5401	HUMAN10835	Q14764	853	893	PEGQPLGRRVASGPSPGEGISPQSAQAPQAPGDNHVVPVLR	40	1205	1259	54
5402	HUMAN10840	Q5U4P2	103	140	MQALGAGSRAGGVRGGPVGCSEAGGPSPGGPGDPGEGP	37	113	190	77
5403	HUMAN10840	Q5U4P2	1	49	MKEGRGSFSVERGPRKERETAQSGMWKGNSPAGSQGAAMEGTGGELGGQ	48	0	59	59
5404	HUMAN10841	Q8WZ19	1	38	MSAEASGPAAAAAPSLEAPKPSGLEPGPAAYGLKPLTP	37	0	63	63
5405	HUMAN10841	Q8WZ19	278	329	ALLEATGGAAGAGGAGRGEDEENREHRVRRIHVRRHITHDERPHGQQIVFKD	51	365	473	108
5409	HUMAN10850	Q14183	1	87	MRGRRGDRMTINIQEHMAINVCPGPIRPIRQISDYFPRGPGPEGGGGGGGEAPAHLVPLALAPPAALLGATTPEDGAEVDSYDSDDA	86	24	200	176
5410	HUMAN10861	O95947	1	84	MYHPRELYPSLGAGYRLGPAQPGADSSFPPALAEGYRYPELDTPKLDCFLSGMEAAPRTLAAHPPLPLLPPAMGTEPAPSAPEA	83	0	93	93
5411	HUMAN10861	O95947	264	406	ANPFAKGFRENGRNCKRERDARVKRKLRGPEPAATEAYGSGDTPGGPCDSTLGGDIRESDPEQAPAPGEATAAPAPLCGGPSAEAYLLHPAAFHGAPSHLPTRSPSFPEAPDSGRSAPYSAAFLELPHGSGGSGYPAAPPAVP	142	288	469	181
5415	HUMAN10876	O95400	233	277	GCQTLGPHNPTPPPSLDMFAEELAEEELETPTPTQRGEAESRGDG	44	1063	1183	120
5418	HUMAN10880	Q96MX3	578	618	KGFGDSSARIKHQRGHLVLTPFGIGDGRARPLKQEAATGLE	40	634	677	43
5419	HUMAN10885	Q9H773	134	170	ARSSSRKYTELPHGAISEDQAVGPADIPCDSTGQTST	36	281	348	67
5420	HUMAN10887	P20701	1120	1170	NLKEKMEAGRGVPNGIPAEDSEQLASGQEAGDPGCLKPLHEKDSESGGGKD	50	1622	1697	75
5421	HUMAN10891	Q9BV97	1	30	MTDPSLGLTVPMAPPLAPLPPRDPNGAGSE	29	0	30	30
5422	HUMAN10891	Q9BV97	79	191	SPTCLPGPCASTGPAAPLGAACGVGGPGAGQAASSQRGVCVLLPQESEAASRRSSPGWRRRPNCGIRLPRIRRWRSVRQKRTQQIPETRKRKDKGKGREPWRSPTLWPPGLLG	112	78	191	113
5423	HUMAN10893	Q96H86	69	172	GNKPALISWVEEEAELWGPAAQDPEVAKCQTQTDPADSRNKKKERQREGTGALEKPDPVAAGSPGLKSPQAPSAGPPYGWEQLSKAPHRGRPSLCAHPPVPRAD	103	92	280	188
5424	HUMAN10894	P0C7X2	81	179	ESEAWSPAAQDPEKGERLGGARRGDVPNRKEEEPEEVPRAKGPRKAPVKESPEVLVERNPDPAISVAPARAQPPKNAAWDPTTGAQPPAPIPSMDAQAG	98	88	222	134
5425	HUMAN10898	A8K8V0	73	170	PKPAFISWVEGEVEAWSPEAQDPDGESSAAFSRGQGQEAGSRDGNEEKERLKKCPKQKEVAHEVAVKEWWPSVACPEFCNPRQSPMNPWLKDTLTRRL	97	82	202	120
5426	HUMAN10900	Q96CS4	72	175	GPKPALISWLERNTDDWEPAALDPQEYPRGLTVQRKSRTRKKNGEKEVFPPKEAPRKGKRGRRPSKPRLIPRQTSGGPICPDCGCTFPDHQALESHKCAQNLKK	103	83	187	104
5428	HUMAN10901	Q9BWN1	518	585	RRAVEFRDSSLPRSRRPSRGVRAAGGRTVPPNVAPSPDVGPLLQQRLEELDALLLEEETVDREQPHWT	67	956	1034	78
5429	HUMAN10903	Q6ZRS2	1	92	MQSSPSPAHPQLPVLQTQMVSDGMTGSNPVSPASSSSPASSGAGGISPQHIAQDSSLDGPPGPPDGATVPLEGFSLSQAADLANKGPKWEKS	91	0	117	117
5435	HUMAN10908	O75150	687	716	VQLMAAERKAKAEVDELRSRIRELEERDRR	29	2298	2363	65
5436	HUMAN10910	Q9UEG4	1	147	MEPETALWGPDLQGPEQSPNDAHRGAESENEEESPRQESSGEEIIMGDPAQSPESKDSTEMSLERSSQDPSVPQNPPTPLGHSNPLDHQIPLDPPAPEVVPTPSDWTKACEASWQWGALTTWNSPPVVPANEPSLRELVQGRPAGAE	146	68	225	157
5438	HUMAN10915	Q6PCT2	1	36	MGMKVPGKGESGPSALLTPPMSSSSRGPGAGARRRR	35	0	96	96
5439	HUMAN10916	Q9BRQ5	182	258	DTPTPMVPTSRVPGTLAPVATSLSPASNLPRSSASAAPSQAEPACPPRQACGGGGAHGPGWQAAMASTAIMVPVGLV	76	260	366	106
5440	HUMAN10916	Q9BRQ5	1	61	MKGGEGDAGEQAPLNPEGESPAGSATYREFVHRGYLDLMGASQHSLRALSWRRLYLSRAKL	60	70	137	67
5443	HUMAN10928	O15015	657	810	AAMKNHLRRHSRRRSRRHRKRAGGASGGREAKLLAAESWTRELEDNEGLESPQDPSGESPHGAEGNLESDGDCLQAESEGDKCGLERDETHFQGDKESGGTGEGLERKDASLLDNLDIPGEEGGGTHFCDSLTGVDEDQKPATGQPNSSSHSAN	153	906	1080	174
5444	HUMAN10929	Q2L4Q9	1	34	MKWCWGPVLLIAGATVLMEGLQAAQRACGQRGPG	33	21	157	136
5445	HUMAN10937	O14874	1	50	MILASVLRSGPGGGLPLRPLLGPALALRARSTSATDTHHVEMARERSKTV	49	98	218	120
5447	HUMAN10939	Q9H7Z6	1	51	MAAQGAAAAVAAGTSGVAGEGEPGPGENAAAEGTAPSPGRVSPPTPARGEP	50	119	315	196
5448	HUMAN10940	Q16651	1	40	MAQKGVLGPGQLGAVAILLYLGLLRSGTGAEGAEAPCGVA	39	31	128	97
5449	HUMAN10941	Q5K4E3	1	43	MARHLLLPLVMLVISPIPGAFQDSALSPTQEEPEDLDCGRPEP	42	0	58	58
5450	HUMAN10941	Q5K4E3	816	855	SGSPHWPTGGSNLCPPELAKASGSPHAVYFLLLLTLLIQS	39	893	941	48
5452	HUMAN10959	P31639	567	604	KEEREDLDADEQQGSSLPVQNGCPESAMEMNEPQAPAP	37	1004	1085	81
5453	HUMAN10967	Q14586	58	187	QRKEPWNVKSEETVAIQPDVFSHYNKDLLTEHCTEASFQKVISRRHGSCDLENLHLRKRWKREECEGHNGCYDEKTFKYDQFDESSVESLFHQQILSSCAKSYNFDQYRKVFTHSSLLNQQEEIDIWGKH	129	57	187	130
5454	HUMAN10989	Q8NEM2	1	62	MADGSLTGGGLEAAAMAPERMGWAVEQELASLEKGLFQDEDSCSDCSYRDKPGSSLQSFMPE	61	40	245	205
5455	HUMAN10989	Q8NEM2	556	639	QENAEDGTEENKALKIQTSGEPDVAERVDLEELIECATGKMELCARTDPSEQVEGNCEIVNELIAASTQKGQIKKKRLSELGIT	83	906	1092	186
5456	HUMAN10993	Q9Y5N6	188	227	REPGDVATPPRKRKKIVVEAPAKEMEKVEEMPHKPQKDED	39	377	499	122
5458	HUMAN10995	Q6PH81	1	125	MSATRAKKVKMATKSCPECDQQVPVACKSCPCGYIFISRKLLNAKHSEKSPPSTENKHEAKRRRTERVRREKINSTVNKDLENRKRSRSNSHSDHIRRGRGRPKSASAKKHEEEREKQEKEIDIY	124	47	253	206
5460	HUMAN10998	O60884	360	412	EVPNIIGETEEVELQEFDSTRGSGGGQRREAYNDSSDEESSSHHGPGVQCAHQ	52	1237	1357	120
5462	HUMAN11001	Q93100	1	34	MAGAAGLTAEVSWKVLERRARTKRSGSVYEPLKS	33	25	104	79
5463	HUMAN11001	Q93100	674	710	SDTEELPEFKSFEELEPPKHSKVKRQSSTPSAPELGQ	36	1465	1598	133
5464	HUMAN11006	Q96J65	447	491	ASRKSTPKKLQNQKRHLCKKQRSEAYSERSPPAKGATGPEEQSDS	44	1701	1836	135
5465	HUMAN11006	Q96J65	706	773	QFKDPEHLYNAAMVEAFKESPAEREEDAGIIVLAPGNEKDEGKESETGSEFVDTKVPEHQLIQTESPQ	67	2261	2390	129
5466	HUMAN11007	Q96J66	736	784	EATSDMLQDTAKIAEKPKVESQALATSLEESLNGNAVPEHQLTQEEEME	48	1169	1274	105
5467	HUMAN11008	Q86WA8	584	621	HKEAKLDRSDVTEREGCREHILEDEKPESISDTTDLAL	37	2032	2150	118
5468	HUMAN11011	O75113	194	343	ENLFETGDDEVIEMRDSQQTEFTQNAATGLNISRDETVLQEEARNKAGTPVSELTKQMDTVLSSSPDVLFDPINGLTPDEEALSNERICQKRRFSDSEERHTKKQFSLENVQEGEILHDAKTLAGNVIADLSDSSADSENLSPDIKETTE	149	351	566	215
5470	HUMAN11011	O75113	779	851	DMQPLLSALPNVGMFDPSFRVPGTQAASTSHQPPTRIQGAPSSHWLPQQPHFPLLPALPSLQQNLPMPAQRSS	72	1143	1255	112
5471	HUMAN11014	Q8WTQ4	1	167	MSEQQMDLKDLMPTKRKYMWKTAEDRRMSDLTCVLEWLERRQGKKKQAPEKQKPKVVTVLKRNKKKEEKKGKGLMTARGGNRRDTETSQQALGKRFRKDAASYRSLYGVEQKGKHLSMVPGSYIKDGPKKSDTDIKDAVDPESTQRPNPFRRQSIVLDPMLQEGTFN	166	85	303	218
5472	HUMAN11015	Q2M1K9	347	404	QPDSSNHSVSPDPVLGSVASMSSATPDSSASVERGSTPDSTLKPLRGQKKMRDDGQGW	57	738	820	82
5473	HUMAN11018	Q7Z4Q2	1	37	MGKSRTKRFKRPQFSPTGDCQAEAAAAANGTGGEEDD	36	165	329	164
5475	HUMAN11020	P51828	1	49	MPAKGRYFLNEGEEGPDQDALYEKYQLTSQHGPLLLTLLLVAATACVAL	48	338	422	84
5476	HUMAN11020	P51828	458	543	QQPPPPSQHLPRPKGDAALKMRASVRMTRYLESWGAARPFAHLNHRESVSSGETHVPNGRRPKSVPQRHRRTPDRSMSPKGRSEDD	85	889	1009	120
5477	HUMAN11022	Q9NPI1	245	364	DFMADLQKTRKQKDGTDTSQSGEDGGCWQREREDSGDAEAHAFKSPSKENKKKDKDMLEDKFKSNNLEREQEQLDRIVKESGGKLTRRLVNSQCEFERRKPDGTTTLGLLHPVDPIVGEP	119	808	1035	227
5479	HUMAN11028	Q9NQC7	309	465	SVTQERRPPKLAFMSRGVGDKGSSSHNKPKATGSTSDPGNRNRSELFYTLNGSSVDSQPQSKSKNTWYIDEVAEDPAKSLTEISTDFDRSSPPLQPPPVNSLTTENRFHSLPFSLTKMPNTNGSIGHSPLSLSAQSVMEELNTAPVQESPPLAMPPG	156	345	551	206
5480	HUMAN11031	Q9NSC2	1249	1324	ANEISVIQNGGIPPIPGSLGSGNSSPVSGLTGNLERLQNSEPNAPLAGLEKMASSENGTNFRFTRFVEDSKEIVTS	75	2989	3185	196
5481	HUMAN11034	A0A1B0GV96	1	52	MGCHSSKSTTVAAESQKLEEEREGREPGLETGTQAADCKDAPLKDGTPEPKS	51	0	52	52
5482	HUMAN11035	Q3L8U1	1440	1485	RNSLVIDTPRIRKQTRPFSATKDELAELSEAESEGDEKPKLRRPCD	45	2178	2247	69
5483	HUMAN11035	Q3L8U1	1564	1593	QTRELQNHLGLSAPVPRGRKGKKVKTQTSS	29	2334	2372	38
5484	HUMAN11035	Q3L8U1	1715	1770	EKAVAAEQRANDYMDGDVEDPEYKPAPAIFKDDIEDDVSSPGDLVIADGDGQLMEG	55	2520	2616	96
5487	HUMAN11037	Q08999	1	41	MPSGGDQSPPPPPPPPAAAASDEEEEDDGEAEDAAPPAESP	40	0	123	123
5488	HUMAN11037	Q08999	627	714	NLERADEICIAGSPLTPRRVTEVRADTGGLGRSITSPTTLYDRYSSPPASTTRRRLFVENDSPSDGGTPGRMPPQPLVNAVPVQNVSG	87	1011	1172	161
5489	HUMAN11037	Q08999	936	1006	RKRRNSGSSDSRSHQNSPTELNKDRTSRDSSPVMRSSSTLPVPQPSSAPPTPTRLTGANSDMEEEERGDLI	70	1432	1616	184
5490	HUMAN11038	Q9H8T0	1	69	MNPFWSMSTSSVRKRSEGEEKTLTGDVKTSPPRTAPKKQLPSIPKNALPITKPTSPAPAAQSTNGTHAS	68	44	174	130
5494	HUMAN11045	P78415	1	160	MSFPQLGYQYIRPLYPSERPGAAGGSGGSAGARGGLGAGASELNASGSLSNVLSSVYGAPYAAAAAAAAAQGYGAFLPYAAELPIFPQLGAQYELKDSPGVQHPAAAAAFPHPHPAFYPYGQYQFGDPSRPKNATRESTSTLKAWLNEHRKNPYPTKGEK	159	0	227	227
5497	HUMAN11049	P78412	1	52	MSFPHFGHPYRGASQFLASASSSTTCCESTQRSVSDVASGSTPAPALCCAPY	51	0	55	55
5499	HUMAN11050	P08253	1	31	MEALMARGALTGPLRALCLLGCLLSHAAAAP	30	6	72	66
5501	HUMAN11051	Q7L5N7	510	544	HVFSLPKEVQTTPSTASNKVSPEKHEESTSDKKDD	34	1161	1235	74
5502	HUMAN11053	Q96L46	1	36	MFLAKALLEGADRGLGEALGGLFGGGGQRREGGGRN	35	2	42	40
5503	HUMAN11054	P23975	1	54	MLLARMNPQVQPENNGADTGPEQPLRARKTAELLVVKERNGVQCLLAPRDGDAQ	53	9	131	122
5504	HUMAN11062	O43809	1	33	MSVVPPNRSQTGWPRGVTQFGNKYIQQTKPLTL	32	74	158	84
5505	HUMAN11063	Q8N543	372	433	EEDEMNDKKEAETTDITEEGTSHSPPEPENNQMAISNNSQQSNEQTDPEPEENETKKESSVP	61	944	1110	166
5506	HUMAN11087	P55017	96	133	EGRHLHALAFDSRPSHEMTDGLVEGEAGTSSEKNPEEP	37	246	316	70
5507	HUMAN11088	Q15011	199	257	PSAQEIPVVSAPAPAPIHNQFPAENQPANQNAAPQVVVNPGANQNLRMNAQGGPIVEED	58	611	685	74
5508	HUMAN11088	Q15011	314	362	PVQNFPNDGPPPDVVNQDPNNNLQEGTDPETEDPNHLPPDRDVLDGEQT	48	747	852	105
5509	HUMAN11088	Q15011	90	133	SPSKMPEINAKVAESTEEPAGSNRGQYPEDSSSDGLRQREVLRN	43	392	473	81
5510	HUMAN11091	Q86WI3	98	136	DGFTSQLGAEGKSQPESQLHHGLKRPHQSCGSSPRRKQC	38	129	202	73
5512	HUMAN11097	Q96DX4	49	100	DSGTDDSVDTQQQQAENSAVPTADTRSQPRDPVRPPRRGRGPHEPRRKKQNV	51	133	282	149
5513	HUMAN11103	O00626	1	30	MDRLQTALLVVLVLLAVALQATEAGPYGAN	29	0	30	30
5514	HUMAN11106	Q6FI81	165	270	NFEVGSSRQLKLSITKKSSPSVKPAVDPAAAKLWTLSANDMEDDSMDLIDSDELLDPEDLKKPDPASLRAASCGEGKKRKACKNCTCGLAEELEKEKSREQMSSQP	105	260	468	208
5518	HUMAN11115	Q86Y34	1	38	MATPRGLGALLLLLLLPTSGQEKPTEGPRNTCLGSNNM	37	48	123	75
5520	HUMAN11116	Q8IY82	258	294	FEQEQEVKKQQEIRAQEKKRLREEEERLMEAEKAKPD	36	858	953	95
5522	HUMAN11124	Q14028	1119	1219	MGGKGAKGGKLAHLRARLKELAALEAAAKQQELVEQAKSSQDVKGEEGSAAPDQHTHPKEAATDPPAPRTPPEPPGSPPSSPPPASLGRPEGEEEGPAEPE	100	1595	1766	171
5524	HUMAN11127	Q9BQ65	1	69	MSAAPLVGYSSSGSEDESEDGMRTRPGDGSHRRGQSPLPRQRFPVPDSVLNMFPGTEEGPEDDSTKHGG	68	16	205	189
5525	HUMAN11129	P51511	1	45	MGSDPSAPGRPGWTGSLLGDREEAARPRLLPLLLVLLGCLGLGVA	44	3	69	66
5526	HUMAN11129	P51511	308	363	GQPQPTQPLPTVTPRRPGRPDHRPPRPPQPPPPGGKPERPPKPGPPVQPRATERPD	55	343	417	74
5527	HUMAN11129	P51511	577	609	FNPHGGAEPGADSAEGDVGDGDGDFGAGVNKDG	32	661	727	66
5528	HUMAN11133	Q9H0I3	114	160	DLRHTRANAERDLQHHEAIIEEAEIRWSEVSREVHEFEKDILKAISK	46	300	352	52
5530	HUMAN11134	Q6PEW0	276	350	SSLHHWEKLISFSHHGPNATMTQKTYSDSELGHVGSYLQGQRRTITHSRLGNSSRDSLDVREKDVKESGRSPEAS	74	304	410	106
5534	HUMAN11147	Q9NVC3	1	49	MAQVSINNDYSEWDLSTDAGERARLLQSPCVDTAPKSEWEASPGGLDRG	48	21	158	137
5536	HUMAN11151	P55286	1	54	MPERLAEMLLDLWTPLIILWITLPPCIYMAPMNQSQVLMSGSPLELNSLGEEQR	53	27	87	60
5537	HUMAN11152	P55287	1	45	MKENYCLQAALVCLGMLCHSHAFAPERRGHLRPSFHGHHEKGKEG	44	7	82	75
5538	HUMAN11153	P33151	1	43	MQRLMMLLATSGACLGLLAVAAVAAAGANPAQRDTHSLLPTHR	42	26	88	62
5539	HUMAN11153	P33151	666	700	VRRGGAKPPRPALDARPSLYAQVQKPPRHAPGAHG	34	769	825	56
5540	HUMAN11154	Q3B7T3	1	45	MSFKRPCPLARYNRTSYFYPTFSESSEHSHLLVSPVLVASAVIGV	44	72	135	63
5542	HUMAN11169	Q8TAZ6	1	67	MAPKAAKGAKPEPAPAPPPPGAKPEEDKKDGKEPSDKPQKAVQDHKEPSDKPQKAVQPKHEVGTRRG	66	0	122	122
5543	HUMAN11169	Q8TAZ6	205	248	GKKAKKHMLVPPPGKEKGPQQGKGPEPAKPPEPGKPPGPAKGKK	43	270	350	80
5544	HUMAN11173	Q8IZR5	1	38	MRSGEELDGFEGEASSTSMISGASSPYQPTTEPVSQRR	37	0	69	69
5545	HUMAN11174	O43237	1	32	MAPVGVEKKLLLGPNGPAVAAAGDLTSEEEEG	31	107	146	39
5547	HUMAN11176	Q8NA31	377	409	SLGEYPFDENETQQLKDISVKENNLEEHWRKAK	32	443	486	43
5549	HUMAN11183	Q9P2J9	1	53	MSSTVSYWILNSTRNSIATLQGGRRLYSRYVSNRNKLKWRLFSRVPPTLNSSP	52	10	222	212
5550	HUMAN11185	P55042	1	88	MTLNGGGSGAGGSRGGGQERERRRGSTPWGPAPPLHRRSMPVDERDLQAALTPGALTAAAAGTGTQGPRLDWPEDSEDSLSSGGSDSD	87	172	325	153
5551	HUMAN11203	Q6UX72	1	75	MRRRLRLRRDALLTLLLGASLGLLLYAQRDGAAPTASAPRGRGRAAPRPTPGPRAFQLPDAGAAPPAYEGDTPAP	74	24	182	158
5552	HUMAN11204	Q15628	145	206	DRLRDEELAELEDALRNLKCGSGARGGDGEVASAPLQPPVPSLSEVKPPPPPPPAQTFLFQG	61	199	280	81
5553	HUMAN11208	Q9ULV5	109	138	GREQLLERVRRKVPALRGDDGRWRPEDLGR	29	121	152	31
5554	HUMAN11208	Q9ULV5	152	184	STEARLRELRQQNEILWREVVTLRQSHGQQHRV	32	165	198	33
5556	HUMAN11213	Q68EN5	1	126	MVLDSGAQAYDQAPPSPPTSPPSLRHRLKPSDRDGPPLYPWSQSLALPLALAVPPALQPQPEQQPFSQMLLGHRGHMRRSESTYSVNSTGRRGRGTLGRPPPGRGRNPGGGTLRPAASLPHIAKTQ	125	30	271	241
5557	HUMAN11214	Q86VI1	1	33	MDSAAKDEMQPALSPGPEWPEQERAEQLARGAA	32	130	170	40
5558	HUMAN11215	Q16254	201	346	SSPPVAVPVPPPEDLLQSPSAVSTPPPLPKPALAQSQEASRPNSPQLTPTAVPGSAEVQGMAGPAAEITVSGGPGTDSKDSGELSSLPLGPTTLDTRPLQSSALLDSSSSSSSSSSSSSNSNSSSSSGPNPSTSFEPIKADPTGVL	145	321	531	210
5559	HUMAN11220	Q9BTX3	143	173	GPWFTADSGTPAPEHNEKRQRRQERRQMKRL	30	270	388	118
5560	HUMAN11222	Q9Y613	1002	1105	ATYRERNKTRGRMITETEKFSGVAGEAPSNPSVPVAVSSGPGRGDADSHASMKSLLTSRPEDTTHNRRSRGMVQSSSPIMPTVGPSTASPEEPPGSSLPSDTSD	103	3433	3579	146
5562	HUMAN11222	Q9Y613	550	623	GEDEDQDMLNVESVEAGKDIPAPSPPLPLLSGVPPPPPLPPPPPIKGPFPPPPPLPLAAPLPHSVPDSSALPTK	73	2758	3007	249
5563	HUMAN11225	Q14940	1	30	MLRAALSLLALPLAGAAEEPTQKPESPGEP	29	8	116	108
5565	HUMAN11228	Q17RG1	647	752	CKQWEFQPLTATRSSPLEEATLQLPLGSEAASQPSTSAAWKAHSTASEKDPGPQAGAGAGAKDKGPEPTFKPYLPPKRAGTLKDWSKQRTKERESPAPEQPLPEAS	105	835	1085	250
5567	HUMAN11230	Q1X8D7	545	581	SLLLNKKFLGPARDLLLSLVVPAPSQPRCCSHPEDTM	36	670	709	39
5568	HUMAN11230	Q1X8D7	698	754	EPKGYSGKALLPPEKGHHLGRSSPFGKSTLSSSSPVAHETGQYLIQSVLDAAPEPGL	56	829	891	62
5569	HUMAN11234	Q8WTX9	1	37	MYKMNICNKPSNKTAPEKSVWTAPAQPSGPSPELQGQ	36	7	45	38
5571	HUMAN11243	O00253	1	83	MLTAAVLSCALLLALPATRGAQMGLAPMEGIRRPDQALLPELPGLGLRAPLKKTTAEQAEEDLLQEAQALAEVLDLQDREPRS	82	9	116	107
5573	HUMAN11247	Q96AP0	1	89	MPGRCQSDAAMRVNGPASRAPAGWTSGSLHTGPRAGRPRAQARGVRGRGLLLRPRPAKELPLPRKGGAWAPAGNPGPLHPLGVAVGMAG	88	0	92	92
5575	HUMAN11248	Q9NPB6	251	346	QRNNVVRGASGRLTGPPSAGPGPAEPDSDDDSSDLVIENRQPPSSNGLSQGPPCWDLHPGCRHPGTRSSLPSLDDQEQASSGWGSRIRGDGSGFSL	95	452	622	170
5580	HUMAN11264	Q6P2E9	1226	1258	EVSVALKEQQAAVTSSIMQAMRSAAGTPVPSAH	32	3229	3366	137
5581	HUMAN11264	Q6P2E9	24	70	RPAGGPSAESPRPSSAYNGDLNGLLVPDPLCSGDSTSANKTGLRTMP	46	227	461	234
5583	HUMAN11265	Q496H8	119	165	VHVRERGTGSETNQETLRATAPALPMAPAPPLLAAALALAYLLRPLA	46	172	228	56
5584	HUMAN11265	Q496H8	1	36	MMRCCRRRCCCRQPPHALRPLLLLPLVLLPPLAAAA	35	4	82	78
5585	HUMAN11267	P11801	29	84	GTKSDVYKHFITEVDSVGPVKAGFPAASQYAHPCPGPPTAGHTEPPSEPPRRARVA	55	41	124	83
5587	HUMAN11277	Q9H4A9	1	49	MQPSGLEGPGTFGRWPLLSLLLLLLLLQPVTCAYTTPGPPRALTTLGAP	48	47	169	122
5588	HUMAN11279	Q9NX74	439	493	GRLGEESPSLHKRKREAPDQDPGGPRAQELAQPGDLCKKPFVALGSGEESPLEGW	54	925	1032	107
5589	HUMAN11280	A0A0U1RQF7	70	123	ATPTKAEAEKPAPRRAPKRRQATIESDKDLGCSSPKIRRLEHRGRRLTPQKLAG	53	69	128	59
5590	HUMAN11282	Q12968	1043	1075	DMSQISVSQGAGVSRQAPLPSPESLDLGRSDGL	32	1263	1321	58
5593	HUMAN11288	Q92536	1	38	MEAREPGRPTPTYHLVPNTSQSQVEEDVSSPPQRSSET	37	34	77	43
5594	HUMAN11290	Q96CW6	145	192	EGEPEAASAGSCKTSDPDVILCNSVELIRERLTVSEDGPGVRRQEEQK	47	404	504	100
5595	HUMAN11290	Q96CW6	226	309	LVNDDQEPEDIYDDEDDENSENNWRNEYPEEESSDGDEDSRGSADYNSLSEEERGSSRQRMWSKYPLDVQKEFGYDSPHDLDSD	83	566	805	239
5596	HUMAN11290	Q96CW6	79	133	SRDSQQRVRRNLRASAREVRQEGRYRVLSSRRSLGTTSSGQESEYTPGNPEAAGN	54	250	350	100
5597	HUMAN11292	Q9NY59	176	320	NTSISAASFSSLVSPQGGDGVARAVPGSIKRTASVEYKGDGGRHPGDEAANGPASGDPVDSSSPEDACIVRIGGEEGGRPPEADDPVPGGQARNGAGGGPRGQTPNHNQQDGDSGSLGSPSASRESLVKGRAGPDTSASGEPGAN	144	247	491	244
5598	HUMAN11301	Q9C0B7	758	833	AVSMAAQSTLNRKDLEGKIEEQQQTSHERPTDVAHSHLEQQQSHETAPQTGLQSNAPIIPQGVNEPSTTTSQKSGS	75	1322	1512	190
5599	HUMAN11303	O00219	1	82	MPVQLTTALRVVGTSLFALAVLGGILAAYVTGYQFIHTEKHYLSFGLYGAILGLHLLIQSLFAFLEHRRMRRAGQALKLPSP	81	61	256	195
5601	HUMAN11314	Q13425	59	110	LEPALGPAAAAFNGLPNGGGAGDSLPGSPSRGLGPPSPPAPPRGPAGEAGAS	51	115	308	193
5602	HUMAN11315	Q9UN37	76	105	SKEKHGKKPVKENQSEGKGSDSDSEGDNPE	29	527	656	129
5604	HUMAN11319	Q9HBH1	1	40	MARLWGALSLWPLWAAVPWGGAAAVGVRACSSTAAPDGVE	39	60	142	82
5605	HUMAN11323	Q15554	1	86	MAAGAGTAGPASGPGVVRDPAASQPRKRPGREGGEGARRSDTMAGGGGSSDGSGRAAGRRASRSSGRARRGRHEPGLGGPAERGAG	85	0	103	103
5607	HUMAN11325	O43169	103	150	DLKPESGSKDPSKNDTCKSCWAYWILPIIGAVLLGFLYRYYTSESKSS	47	125	181	56
5611	HUMAN11331	O00308	355	403	TTTWQRPTAEYVRNYEQWQSQRNQLQGAMQHFSQRFLYQSSSASTDHDP	48	1499	1709	210
5613	HUMAN11339	Q5RKV6	1	31	MPGDHRRIRGPEESQPPQLYAADEEEAPGTR	30	2	123	121
5614	HUMAN11346	Q9NUU7	1	57	MATDSWALAVDEQEAAVKSMTNLQIKEEKVKADTNGIIKTSTTAEKTDEEEKEDRAA	56	7	137	130
5615	HUMAN11348	Q16842	1	31	MKCSLRVWFLSVAFLLVFIMSLLFTYSHHSM	30	159	206	47
5616	HUMAN11353	Q6ZMJ4	185	242	VLNWQDCEVPSPQSCSPEPSLQYAATQLYPPPPWSPSSPPHSTGSVRPVRAQGEGLLP	57	244	318	74
5617	HUMAN11355	Q08AM6	335	392	EDDELDELRPGQRQAEPTPDDALPKQEGTASGGPDGSCDSSFSSGISVFTAASTERAP	57	1420	1627	207
5618	HUMAN11355	Q08AM6	474	521	AGQTDDPGPLDGPDLQASHSELQVPTPGRAGLLNTSGTKGLECSPSTP	47	1985	2162	177
5619	HUMAN11357	Q4G0P3	1916	2003	QMRAKYLENLAQENEEEDITSSDQGTSNSTKRTSLSRGISVTSNLEEWHALLVESKTYLEEEEDEESLEKIIFQTDKLQSIDSHSMEE	87	4991	5183	192
5622	HUMAN11357	Q4G0P3	2485	2561	AGMEEAPHEPDDQRQVPLGGRRGRKDRERERLEKERTEKERLEREKAERERLEKLRALEERSDWEGEGEEDHEGKKE	76	6451	6657	206
5624	HUMAN11357	Q4G0P3	3215	3254	HQKKAASHVRHARSRESESFYKTGSSRAAKFSDTIQKEVT	39	9685	9796	111
5625	HUMAN11362	P17027	15	154	LLKPAVISQLEGGSELGGSSPLAAGTGLQGLQTDIQTDNDLTKEMYEGKENVSFELQRDFSQETDFSEASLLEKQQEVHSAGNIKKEKSNTIDGTVKDETSPVEECFFSQSSNSYQCHTITGEQPSGCTGLGKSISFDTK	139	118	278	160
5626	HUMAN11364	P17023	69	156	GDMAWGLEAQDDPPAERTKNVCKDVETNIDSESTLIQGISEERDGMMSHGQLKSVPQRTDFPETRNVEKHQDIPTVKNIQGKVPRIPC	87	90	195	105
5627	HUMAN11367	Q8NCG5	1	39	MLLPKKMKLLLFLVSQMAILALFFHMYSHNISSLSMKAQ	38	3	64	61
5628	HUMAN11368	P17735	1	38	MDPYMIQMSSKGNLPSILDVHVNVGGRSSVPGKMKGRK	37	216	385	169
5630	HUMAN11374	P0C7T5	586	666	NSNSVSQASCAPPSQLGPPRERPERTVLGSRELCDSEGKSQPAGEGSRVVEPSQPESGAQACWPAPSFQRYSMQGEEARAA	80	775	970	195
5631	HUMAN11377	O75541	371	412	PSAMAALAAEMNFFQLPVSGVELDSQLLGKMAFEEQNSSSLH	41	397	440	43
5632	HUMAN11379	Q7Z443	973	1147	PQETLPLFPPIQASCLSDASVEPLSATMVVEELKETVRFLLRRNTYLLSKCEQPPWSSWDITKLVKLLSSLVSSHLEGQGCHQQGERHWARVVPENHHHFCCYLHRVLQRLKSHLGTLGLTQGHQSCDFLDAASQLQKLQELLETHILPTEQEPSREVTSFAILSSEEGKKPISN	174	1274	1520	246
5633	HUMAN11386	Q92620	1155	1227	GKSRQENRRRAKEEASAMEEEMALAEEQLRARRQEQEKRSPLGSVRSTKIYTPGRKEQGEPMTPRRTPARFGL	72	3085	3309	224
5635	HUMAN11386	Q92620	448	520	SQTVRKHREQKERKKAQHKHWELAGTKLGDIMGVKKEEEPDKAVTEDGKVDYRTEQKFADHMKRKSEASSEFA	72	1638	1850	212
5636	HUMAN11389	Q8TBY8	189	249	LSNIELLECQVKMLQGELGGIMGQEPENKGDHSKVRIYTSPCMIQEHQETQKRLSEVWQKV	60	492	665	173
5638	HUMAN11392	Q15911	153	186	GGGACGSGSGSGPLPSLFLNSLPGAGGKQGDPSC	33	293	341	48
5641	HUMAN11393	P51665	284	324	DAEKKEGQEKEESKKDRKEDKEKDKDKEKSDVKKEEKKEKK	40	805	938	133
5642	HUMAN11397	Q92896	31	107	PGQGVHSQGQGPGANFVSFVGQAGGGGPAGQQLPQLPQSSQLQQQQQQQQQQQQPQPPQPPFPAGGPPARRGGAGAG	76	96	231	135
5644	HUMAN11404	Q6PJI9	344	383	EPEKTLHTEDTDHQHTASHGEEEALKEDPPRNLLEERKSD	39	1173	1270	97
5645	HUMAN11404	Q6PJI9	497	528	QEDSASSNPFALPNSVTPPLPTFARVTTAYGS	31	1675	1816	141
5647	HUMAN11405	Q8ND25	1	137	MGGKQSTAARSRGPFPGVSTDDSAVPPPGGAPHFGHYRTGGGAMGLRSRSVSSVAGMGMDPSTAGGVPFGLYTPASRGTGDSERAPGGGGSASDSTYAHGNGYQETGGGHHRDGMLYLGSRASLADALPLHIAPRWF	136	15	172	157
5648	HUMAN11415	Q9UEE9	171	240	FAGEEVRVTKEVDATSKEAKSFFKQNEKEKPQANVPSALPSLPAGSGLKRSSGMSSLLGKIGAKKQKMST	69	517	740	223
5650	HUMAN11422	Q9GZX3	1	37	MWLPRVSSTAVTALLLAQTFLLLFLVSRPGPSSPAGG	36	110	169	59
5651	HUMAN11423	Q9GZS9	1	59	MGMRARVPKVAHSTRRPPAARMWLPRFSSKTVTVLLLAQTTCLLLFIISRPGPSSPAGG	58	5	193	188
5652	HUMAN11431	Q9BUB4	153	251	FEDQPCCPVFRNWAHNSSVEASSNLEAPGNERKCEDPDSPVTKKMRLEPGTAAREVTNGAAHHQSFGKQKSGPISPGIHSCDLTVEGLATVTRIAPGSA	98	451	649	198
5653	HUMAN11435	Q9NYB0	190	310	GQEHKYLLGDAPVSPSSQKLKRKAEEDPEAADSGEPQNKRTPDLPEEEYVKEEIQENEEAVKKMLVEATREFEEVVVDESPPDFEIHITMCDDDPPTPEEDSETQPDEEEEEEEEKVSQPE	120	245	413	168
5654	HUMAN11435	Q9NYB0	98	132	AYRLGPASAADTGSEAKPGALAEGAAEPEPQRHAG	34	108	188	80
5656	HUMAN11440	A8MT33	167	238	LVRAKLREVERRLHSPPEVEGAMAVNDGLKAELEIFGEQVRSAPEVGAGEGEAGPELPRARDEEDPEPPVAA	71	228	318	90
5657	HUMAN11443	Q8TE60	1	34	MECALLLACAFPAAGSGPPRGLAGLGRVAKALQL	33	3	110	107
5658	HUMAN11443	Q8TE60	207	290	AEEKIQRYRGYPGSGRNYPGYSPSHIPHASQSRETEYHHRRLQKQHFCGRRKKYAPKPPTEDTYLRFDEYGSSGRPRRSAGKSQ	83	338	454	116
5659	HUMAN11447	Q9HCJ6	1	38	MAKEGVEKAEETEQMIEKEAGKEPAEGGGGDGSHRLGD	37	10	135	125
5660	HUMAN11447	Q9HCJ6	383	419	TPTPLMANDSTETSEAGEEEEDHEGDSENKERMPFIQ	36	714	890	176
5662	HUMAN11464	O43313	139	204	PRGPERPFSQFSLVKQHFMKMHAEKKHKCSKCSNSYGTEWDLKRHAEDCGKTFRCTCGCPYASRTA	65	214	280	66
5664	HUMAN11465	Q6P387	176	292	AIPGTNRGKASGNPSGGAHRGLSIPGPLTSRALLVLPPLKASLSNALDVLGKKSKNSFLQSEEKVLDVEKDGCVAYAYGLKTADGKGEKRASELAKHPMVNDTPSSPSPAAQISLLT	116	247	409	162
5665	HUMAN11465	Q6P387	1	162	MDLCQKNETDLENAENNEIQFTEETEPTYTCPDGKSEKNHVYCLLDVSDITLEQDEKAKEFIIGTGWEEAVQGWGRTSPAACIWPRKIPKKARVGEGACSDCLVCVNLSHWSLQTKPPTEGGPEKDQSSPSQTQAAPQGPSTASRAISDICFPTYFRAEKKS	161	3	233	230
5666	HUMAN11465	Q6P387	311	365	CPPDPSNVRYLAALQLLQKRGVQSYKSKFKAKEPRSPVITRKHVLPKAKQENRPQ	54	429	489	60
5668	HUMAN11474	P16885	1206	1265	RQEELNNQLFLYDTHQNLRNANRDALVKEFSVNENQLQLYQEKCNKRLREKRVSNSKFYS	59	1375	1449	74
5669	HUMAN11480	Q99547	1	39	MAAERKTRLSKNLLRMKFMQRGLDSETKKQLEEEEKKII	38	18	66	48
5670	HUMAN11480	Q99547	64	160	FLLCEDLLYGRMSFRGFNPEVEKLMLQMNAKHKAEEVEDETVELDVSDEEMARRYETLVGTIGKKFARKRDHANYEEDENGDITPIKAKKMFLKPQD	96	93	280	187
5671	HUMAN11489	O95822	1	35	MRGFGPGLTARRLLPLRLPPRPPGPRLASGQAAGA	34	69	247	178
5672	HUMAN11494	Q7Z6G3	193	247	EQTSQLRQNHIKPSHSAAQTWCGSPTPASAPNHKLMAMEQGKTLPSATEDAKEEG	54	277	356	79
5673	HUMAN11494	Q7Z6G3	1	59	MCERAARLCRAGAHRLLREPPQQGRALGGLLRWVGARMGEPRESLAPAAPADPGPASPR	58	6	125	119
5674	HUMAN11496	Q14703	1	32	MKLVNIWLLLLVVLLCGKKHLGDRLEKKSFEK	31	36	106	70
5675	HUMAN11499	Q8NEP3	1	85	MHPEPSEPATGGAAELDCAQEPGVEESAGDHGSAGRGGCKEEINDPKEICVGSSDTSYHSQQKQSGDNGSGGHFAHPREDREDRG	84	97	206	109
5678	HUMAN11502	Q8NCV1	1	112	MASASQGADDDGSRRKPRLAASLQISPQPRPWRPLPAQAQSAWGPAPAPATYRAEGGWPQVSVLRDSGPGAGAGVGELGAARAWENLGEQMGKAPRVPVPPAGLSLPLKDPP	111	9	178	169
5679	HUMAN11503	Q8TDN1	1	56	MPMPSRDGGLHPRHHHYGSHSPWSQLLSSPMETPSIKGLYYRRVRKVGALDASPVD	55	9	71	62
5680	HUMAN11503	Q8TDN1	476	519	RHLQNTGPASECELLDPHVASEHELMNDVNDLILEGPALPIMHM	43	521	613	92
5681	HUMAN11506	O75185	13	50	LGFSGGGRQYQALEKDEEEALIDEQSELKAIEKEKKVT	37	201	444	243
5682	HUMAN11516	Q9H0B8	238	280	ETYTPKPETDEMNEVETAPIPEENHVWLQPRVMRPTKPKKTSA	42	386	477	91
5683	HUMAN11517	Q9NXF8	1	34	MQPSGHRLRDVEHHPLLAENDNYDSSSSSSSEAD	33	1	47	46
5684	HUMAN11518	O60268	1	89	METPEVPVGSLIDFGPEAPTSSPLEAPPPVLQDGDGSLGDGASESETTESADSENDMGESPSHPSWDQDRRSSSNESFSSNQSTESTQD	88	0	143	143
5685	HUMAN11518	O60268	251	286	KLKGPLARRNEEDENKPQEKRPRAVTAYSPEDEKKG	35	317	359	42
5686	HUMAN11518	O60268	317	347	CERTKRSPTTRGDAGEEEEKREKWCHMTQEE	30	389	433	44
5687	HUMAN11519	Q6ZTR7	228	304	GHYDTRLLANTSPPPSVLQSLASQGTLQVQLSRANEDPEHPHANHGRFSLCEWVVKGQPAHCVCGQGGHLMLPGHSL	76	280	398	118
5689	HUMAN11531	P13073	1	32	MLATRVFSLVGKRAISTSVCVRAHESVVKSED	31	50	111	61
5690	HUMAN11532	Q02556	121	167	KLGVATAGCVNEVTEMECGRSEIDELIKEPSVDDYMGMIKRSPSPPE	46	192	260	68
5691	HUMAN11533	Q12946	1	46	MSSAPEKQQPPHGGGGGGGGGGGAAMDPASSGPSKAKKTNAGIRRP	45	65	146	81
5692	HUMAN11534	Q2M296	252	301	DVTLQGEHQHLPEPGCQQTVPLSVGRRPPDTPGPETNSMEAAPGSPPGEG	49	547	774	227
5693	HUMAN11538	Q99958	1	69	MQARYSVSDPNALGVVPYLSEQNYYRAAGSYGGMASPMGVYSGHPEQYSAGMGRSYAPYHHHQPAAPKD	68	1	85	84
5695	HUMAN11542	Q5XUX0	2	61	AVCARLCGVGPSRGCRRRQQRRGPAETAAADSEPDTDPEEERIEASAGVGGGLCAGPSPP	59	68	238	170
5696	HUMAN11542	Q5XUX0	379	441	QEQQEGGHEAGEGRGRQGPRESQPSPAQPRAEAPSKGPDGTPGEDGGEPGDAVAAAEQPAQCG	62	664	761	97
5698	HUMAN11548	Q8WYQ9	1	95	MASNHPAFSFHQKQVLRQELTQIQSSLNGGGGHGGKGAPGPGGALPTCPACHKITPRTEAPVSSVSNSLENALHTSAHSTEESLPKRPLGKHSKV	94	174	395	221
5699	HUMAN11549	Q8WXH2	357	410	SKIREKVDRAVEAAERAATIAKQKAEIAASRTSHSRAKAEAALTAAQKAQEEAR	53	432	487	55
5701	HUMAN11551	Q8TBB5	1	30	MGKKGKKEKKGRGAEKTAAKMEKKVSKRSR	29	114	163	49
5703	HUMAN11551	Q8TBB5	483	520	ETQEWLEETDSEEDSEEVEGAEGGVDDEDSGEESGAED	37	1430	1583	153
5704	HUMAN11555	Q01650	1	41	MAGAGPKRRALAAPAAEEKEEAREKMLAAKSADGSAPAGEG	40	140	318	178
5705	HUMAN11557	Q8N9N5	126	156	RQNAIVAKMEDPLSNRAPDSLENVISNAVPG	30	186	254	68
5706	HUMAN11557	Q8N9N5	1	47	MMSEHDLADVVQIAVEDLSPDHPVVLENHVVTDEDEPALKRQRLEIN	46	30	96	66
5707	HUMAN11557	Q8N9N5	313	374	SKCRTAWRRKQRGQSLAVKSFSRRTPNSSSYCPSEPMMSTPPPASELPQPQPQPQALHYALA	61	410	481	71
5708	HUMAN11562	Q8IX07	194	255	PHSTPGHPVKKEPAEPTCPAPAHDLQLLPQQAGMASILATAVINKDVFPCKDCGIWYRSERN	61	676	902	226
5710	HUMAN11566	Q9P0M4	1	103	MTLLPGLLFLTWLHTCLAHHDPSLRGHPHSHGTPHCYSAEELPLGQAPPHLLARGAKWGQALPVALVSSLEAASHRGRHERPSATTQCPVLRPEEVLEADTHQ	102	4	136	132
5711	HUMAN11567	P13498	135	195	EPKPRERPQIGGTIKQPPSNPPPRPPAEARKKPSEEEAAVAAGGPPGGPQVNPIPVTDEVV	60	333	410	77
5712	HUMAN11575	Q3KNW1	2	148	PRSFLVKTHSSHRVPNYRRLETQREINGACSACGGLVVPLLPRDKEAPSVPGDLPQPWDRSSAVACISLPLLPRIEEALGASGLDALEVSEVDPRASRAAIVPLKDSLNHLNLPPLLVLPTRWSPTLGPDRHGAPEKLLGAERMPRA	146	15	220	205
5714	HUMAN11584	Q92508	144	184	RNTRQSPHPRELDDDERDVDASPTAGLQEAATLAPTRRSRL	40	402	622	220
5717	HUMAN11584	Q92508	1	40	MEPHVLGAVLYWLLLPCALLAACLLRFSGLSLVYLLFLLL	39	23	244	221
5721	HUMAN11586	Q9H211	353	437	ATEKLTTAQEVLARARNLISPRMEKALSQLALRSAAPSSPGSPRPALPATPPATPPAASPSALKGVSQDLLERIRAKEAQKQLAQ	84	768	901	133
5722	HUMAN11600	A6NDY0	224	273	TNFPGISSTDRGGLRGHPGSRGAPFPHSGLQGRPRLRPQGQNRARGKFSP	49	275	329	54
5723	HUMAN11600	A6NDY0	24	143	DPEAQGWGAWNETKEILGPEGGEGKEEKEEEEDAEEDQDGDAGFLLSLLEQENLAECPLPDQELEAIKMKVCAMEQAEGTPRPPGVQQQAEEEEGTAAGQLLSPETVGCPLSGTPEEKVE	119	24	195	171
5724	HUMAN11603	Q4G176	1	41	MLPHVVLTFRRLGCALASCRLAPARHRGSGLLHTAPVARSD	40	78	238	160
5725	HUMAN11606	P55291	1	35	MDAAFLLVLGLLAQSLCLSLGVPGWRRPTTLYPWR	34	54	190	136
5726	HUMAN11607	A6NKX4	522	556	RLRRSPLLRGRPRQDHLPLLPPSNSYWAGHTPEQH	34	697	787	90
5728	HUMAN11615	Q9UQ90	753	795	GPKKMIAPQRWIDAQREKQDLGEEETEETQQPPLGGEEPTWPK	42	1110	1176	66
5729	HUMAN11626	Q9HD42	159	196	LEVLDQLSQLPEGASAVGESSVRSQEDQLSRRLAALRN	37	327	399	72
5732	HUMAN11636	Q9Y2B5	87	149	AKLGKTRLKPTMPAAAPIPQPAGRHRRVYSDEGGKLSPFLPPEIFQKLQGAESQSCKKELTPL	62	108	248	140
5733	HUMAN11637	Q8N554	160	191	SPAGRRKPCAKVGAQPPTGAEEGACLVDLITS	31	241	287	46
5734	HUMAN11637	Q8N554	1	73	MKRDRLGRFLSPGSSRQCGASDGGGGVSRTRGRPSLSGGPRVDGATARRAWGPVGSCGDAGEDGADEAGAGRA	72	43	142	99
5736	HUMAN11637	Q8N554	562	614	RFEKAHNLNVHMSMVHPLTQTQDKALPLEAEPPPGPPSPSVTTEGQAVKPEPT	52	768	831	63
5737	HUMAN11638	O15360	996	1034	RSYDHSENSDLVFGGRTGNEDIISRLQEMVADLELQQDL	38	1241	1286	45
5738	HUMAN11646	Q8WWL2	256	313	GVKLKKVQEQEFNPLPTEFQLTPFEMLMQDIRARNYKLRKVMVDGDIPPRVKKDAHEL	57	331	391	60
5740	HUMAN11646	Q8WWL2	623	653	PQRVSAAKTAPIQRRDIFQSLQGPQWQSVEE	30	829	882	53
5743	HUMAN11665	O95995	1	34	MAPKKKGKKGKAKGTPIVDGLAPEDMSKEQVEEH	33	75	186	111
5744	HUMAN11665	O95995	51	81	YFQLERDKIHTFWEITRRQLEEKKAELRNKD	30	202	233	31
5745	HUMAN11668	Q9NQW5	369	492	SSIEPAESLGQAVNCWSGMGMSMARNWASSGAASGRKSSWQGENQSQRSIHVPHAVWPFQVKNFSVNMWNAITPLRTSQDHLQENFSNQRIPAQGIRIRSGNILIHAAVMTKPKVKRSKKGPNS	123	503	660	157
5746	HUMAN11668	Q9NQW5	71	198	PAFMCHRRQAIKLQVDDTEDSDEEWTPRQQVKPPWMAFRGEQSKHQKGMPKASFNNESSLRELSGTPNLLNTSDSEQAQKPVSPPGEASTSGQHSRLKLELRRKETEGKMYSLRERKGHAYKEISEPQ	127	96	307	211
5747	HUMAN11671	Q14184	1	124	MTLRRRGEKATISIQEHMAIDVCPGPIRPIKQISDYFPRFPRGLPPDAGPRAAAPPDAPARPAVAGAGRRSPSDGAREDDEDVDQLFGAYGSSPGPSPGPSPARPPAKPPEDEPDADGYESDDC	123	3	226	223
5748	HUMAN11672	Q9UNE2	161	315	KYILPLKTPGRADDPHFRPLPTEPAEREPRSSETSRIYTWARGRVVSSDSDSDSDLSSSSLEDRLPSTGVRDRKGDKPWKESGGSVEAPRMGFTHPPGHLSGCQSSLASGETGTGSADPPGGPRPGLTRRAPVKDTPGRAPAADAAPAGPSSCLG	154	167	385	218
5750	HUMAN11692	Q9HC36	45	84	GEVVEQKRAPGKQPRKAPSEASAQEQREKQPLEESASRAP	39	132	234	102
5751	HUMAN11694	Q9Y584	36	81	KRQPRLLEPGSLGGIPSPAKSEEQKMIEKAMESCAFKAALACVGGF	45	136	251	115
5752	HUMAN11701	Q7RTU4	127	235	PRGPCGHLECHGPAARGDTGDTGASPPPPAGPSLARPDAARPSVPSAPRCASCPPHAPLARPSAVAEGPGLAQASGGSWRRCPGASSAGPPPWPRGYLRSAPGMGHPRS	108	127	247	120
5753	HUMAN11701	Q7RTU4	1	72	MLRGAPGLGLTARKGAEDSAEDLGGPCPEPGGDSGVLGANGASCSRGEAEEPAGRRRARPVRSKARRMAANV	71	0	73	73
5754	HUMAN11702	Q8IXB3	1	99	MAHPVQSEFPSAQEPGSAAFLDLPEMEILLTKAENKDDKTLNLSKTLSGPLDLEQNSQGLPFKAISEGHLEAPLPRSPSRASSRRASSIATTSYAQDQE	98	2	115	113
5755	HUMAN11704	P46108	196	229	SVSALIGGNQEGSHPQPLGGPEPGPYAQPSVNTP	33	355	452	97
5756	HUMAN11712	Q8N370	249	314	SWLGFDHKITGKQFYKQVTTVGRRLSVGSSMRSAKEQVALQEGHKLCLSTVDLEVKCQPDAAVAPS	65	582	707	125
5758	HUMAN11719	A6NGC4	228	264	QSRPHPPSPGHEKTRGTRTRRDNGPVTSNSSTLSLKD	36	365	458	93
5760	HUMAN11722	Q562E7	1522	1555	SPSSRNPASVEPTMPGTGPEWDPHGGGCPQDDGH	33	3415	3514	99
5761	HUMAN11722	Q562E7	1572	1605	NDSRPENPGPLGPISGVGGGGLGSGSDDNALKQE	33	3559	3671	112
5763	HUMAN11723	P08697	1	74	MALLWGLLVLSWSCLQGPCSVFSPVSAMEPLGRQLTSGPNQEQVSPLTLLKLGNQEPGGQTALKSPPGVCSRDP	73	12	255	243
5764	HUMAN11723	P08697	439	491	SAPRELKEQQDSPGNKDFLQSLKGFPRGDKLFGPDLKLVPPMEEDYPQFGSPK	52	728	792	64
5765	HUMAN11724	P36955	1	46	MQALVLLLCIGALLGHSSCQNPASPPEEGSPDPDSTGALVEEEDPF	45	72	139	67
5767	HUMAN11729	Q86UN2	277	431	SSAVPCVSPGLRHGQDLKLLRAEDFRNCTGPASPHQIKSHTLTTTDRAARKEHHSPHGPTRSKGHPHGPRPGHRKPGKNCTNPRNRNQISKAGAGKQAPELPDYAPDYQHKFSFDIMPTARPKRKGKCARRTPIRAPSGVQQASSASSLGASLLA	154	334	563	229
5768	HUMAN11730	Q9BZG8	1	34	MRRQVMAALVVSGAAEQGGRDGPGRGRAPRGRVA	33	42	291	249
5769	HUMAN11730	Q9BZG8	390	443	SLGPWTVNHGQDRRPHAPGRPARGKVQEGSARPPSAVACEDCSCRDEKVAPLAP	53	1467	1668	201
5770	HUMAN11734	Q86US8	1162	1219	TMGKEMGSQEGTRLEDEEEDVVIEDFEEDSEAEGSGGEDDIRELRAKKLALARKIAEQ	57	1778	1858	80
5774	HUMAN11737	O43147	207	247	IRGPPTRQDSPAKRPALGIRKRHSSGSASEDRLAACARECV	40	974	1074	100
5775	HUMAN11741	Q86W50	382	506	RRKKRERVRQLREVPRAPEDVIQALEEKKPTPKESGNSQELARGPQERTPCGPALREGEAAAVEGPCPSQESLSQEENPEPTEDERSEEKGGVEVLESCQGSSNGAQDQEASEQFGSPVAERGKR	124	728	949	221
5777	HUMAN11744	O75153	1	37	MLLNGDCPESLKKEAAAAEPPRENGLDEAGPGDETTG	36	560	774	214
5780	HUMAN11758	Q8NET8	1	116	MKAHPKEMVPLMGKRVAAPSGNPAILPEKRPAEITPTKKSAHFFLEIEGFEPNPTVAKTSPPVFSKPMDSNIRQCISGNCDDMDSPQSPQDDVTETPSNPNSPSAQLAKEEQRRKK	115	0	157	157
5781	HUMAN11767	P38570	158	198	DCYSNKEGGGEDDVNTARQRRALEKEEEEDKEEEEDEEEEE	40	225	270	45
5783	HUMAN11769	Q53F19	183	256	AQDKIRSRDASEDKSAEKRKKDKQEDSSDDDEAEEGEVEDENSSDVELDTLSQVEEESLLRNDLRPANKLAKGN	73	243	413	170
5784	HUMAN11769	Q53F19	1	74	MAAVRGLRVSVKAEAPAGPALGLPSPEAESGVDRGEPEPMEVEEGELEIVPVRRSLKELIPDTSRRYENKAGSF	73	9	117	108
5786	HUMAN11777	O43149	1434	1533	GISSKESCEKLETADETSHLQPLNKRQRTSSVVEEHFQASVSPTEAAPPATGDQSPGLGTQPKLPSSSGLPAADVSPATAEEPLSPSTPTRRPPFTRGRL	99	1822	2014	192
5788	HUMAN11777	O43149	1	43	MGNAPSHSSEDEAAAAGGEGWGPHQDWAAVSGTTPGPGVAAPA	42	35	166	131
5789	HUMAN11777	O43149	2415	2452	KEINALAEHGDLELDERGDREEEVERPVSSPGDPEQKK	37	3391	3450	59
5790	HUMAN11783	Q6ZMD2	1	38	MAGGMSAECPEPGPGGLQGQSPGPGRQCPPPITPTSWS	37	28	141	113
5791	HUMAN11783	Q6ZMD2	483	512	TGTPDSNDVDSNDLERQGLLSGAGASTEEP	29	846	899	53
5792	HUMAN11784	Q8IVW8	1	99	MMCLECASAAAGGAEEEEADAERRRRRRGAQRGAGGSGCCGARGAGGAGVSAAGDEVQTLSGSVRRAPTGPPGTPGTPGCAATAKGPGAQQPKPASLGR	98	6	226	220
5795	HUMAN11797	Q9H091	112	198	GEEGEEEEEEDEEEEKREDGGAGSTEKVEPEEDRELAPTSRESPQETNPPGESEEAAREAGGGKDGCREDRVENETRPQKRKGQRSE	86	265	384	119
5796	HUMAN11802	A0A1B0GUV1	13	79	GCRRQRGTERGAGLSPAAPPDPSPAIAPTMAEGGVPSPGPGAYFSRKARLSFRHQLHDIASANDSTI	66	12	80	68
5797	HUMAN11803	O14939	1	35	MTATPESLFPTGDELDSSQLQMESDEVDTLKEGED	34	136	296	160
5799	HUMAN11808	Q04844	358	398	PPPEAPRAASPPRRASSVGLLLRAEELILKKPRSELVFEGQ	40	491	541	50
5801	HUMAN11818	O75391	1	30	MADLLGSILSSMEKPPSLGDQETRRKAREQ	29	22	72	50
5802	HUMAN11822	Q0VD86	128	177	SIINELKKAQWGSSGAASEPVVLGEEGCGFPSTNEYPDLEEERATYPQEE	49	188	245	57
5803	HUMAN11822	Q0VD86	197	236	DQEEACASRQLHSLASFSTVTARRNPLHNPWGMELAASEE	39	264	305	41
5804	HUMAN11822	Q0VD86	1	40	MQVQDDGVNLIPFAKCSRVVSRSPPPRLPSQSLRPMPQRY	39	38	99	61
5805	HUMAN11823	O43896	385	434	SALEGLKTEEGSVRGALPAVSSPPAPVSPSSPTTHNGELEPSFSPNTESQ	49	433	526	93
5806	HUMAN11823	O43896	598	627	NHPEQARLERERGVPPPPGPPSEPVDWNFA	29	709	741	32
5808	HUMAN11824	Q9NWF4	221	272	LPSVTTGGSGPELQLGSPGAEEEEKEEEEALPLQEPPSQAAGTIPGPDPEAH	51	502	597	95
5809	HUMAN11825	Q96NJ6	1	140	MGTENKEVIPKEEISEESEPHGSLLEKFPKVVYQGHEFGAGCEEDMLEGHSRESMEEVIEQMSPQERDFPSGLMIFKKSPSSEKDRENNESERGCSPSPNLVTHQGDTTEGVSAFATSGQNFLEILESNKTQRSSVGEKP	139	53	282	229
5810	HUMAN11828	P35125	1125	1306	PQGDELSKPRILAREVKKVDAQSSAGKEDMLLSKSPSSLSANISSSPKGSPSSSRKSGTSCPSSKNSSPNSSPRTLGRSKGRLRLPQIGSKNKPSSSKKNLDASKENGAGQICELADALSRGHMRGGSQPELVTPQDHEVALANGFLYEHEACGNGCGDGYSNGQLGNHSEEDSTDDQREDT	181	1134	1316	182
5811	HUMAN11828	P35125	351	466	RKQGDLPPPAKREQGSLAPRPVPASRGGKTLCKGYRQAPPGPPAQFQRPICSASPPWASRFSTPCPGGAVREDTYPVGTQGVPSLALAQGGPQGSWRFLEWKSMPRLPTDLDIGGP	115	350	466	116
5812	HUMAN11828	P35125	484	535	QEDQLATCWQAEHCGEVHNKDMSWPEEMSFTANSSKIDRQKVPTEKGATGLS	51	483	542	59
5813	HUMAN11829	Q96JF6	1	99	MKEWKSKMEISEEKKSARAASEKLQRQITQECELVETSNSEDRLLKHWVSPLKDAMRHLPSQESGIREMHIIPQKAIVGEIGHGCNEGEKILSAGESSH	98	0	99	99
5814	HUMAN11830	Q6UWF3	48	145	RGKKWEIAKPLKHKQVDEEKMYENVLNESPVQLPPLPPRNWPSLEDSSPQEAPSQPPATYSLVNKVKNKKTVSIPSYIEPEDDYDDVEIPANTEKASF	97	50	152	102
5816	HUMAN11833	Q15276	624	719	VQEQMAVLMQSREQVSEELVRLQKDNDSLQGKHSLHVSLQQAEDFILPDTTEALRELVLKYREDIINVRTAADHVEEKLKAEILFLKEQIQAEQCL	95	994	1100	106
5817	HUMAN11840	Q07021	1	76	MLPLLRCVPRVLGSSVAGLRAAAPASPFRQLLQPAPRLCTRPFGLLSVRAGSERRPGLLRPRGPCACGCGCGSLHT	75	0	173	173
5819	HUMAN11845	Q9C000	77	215	MGLRSLCAQAQEGAGHSPSFPYSPSEPHLGSPSQPTSTAVLMPWIHELPAGCTQGSERRVLRQLPDTSGRRWREISASLLYQALPSSPDHESPSQESPNAPTSTAVLGSWGSPPQPSLAPREQEAPGTQWPLDETSGIY	138	95	253	158
5820	HUMAN11849	Q9NZN9	328	384	SQGATQPPAEPPTEPPAQSSTEPPAEPPTAPSAELSAGPPAEPATEPPPSPGHSLQH	56	602	704	102
5821	HUMAN11851	Q9BZ71	1	32	MAKAGRAGGPPPGGGAPWHLRNVLSDSVESSD	31	324	414	90
5822	HUMAN11851	Q9BZ71	281	384	GPSGDSPASSSRKGSISSTQDTPVAVEEDCSLASSKRLSKSNIDISSGLEDEEPKRPLPRKQSDSSTYDCEAITQHHAFLSSIHSSVLKDESETPAAGGPQLPE	103	735	867	132
5823	HUMAN11851	Q9BZ71	42	123	MAEGKNAILIGMSQWNSNDLVEQIETMGKLDEHQGEGTAPCTSSILQEKQRELYRVSLRRQRFPAQGSIEIHEDSEEGCPQR	81	423	539	116
5824	HUMAN11851	Q9BZ71	490	534	GSSRDSPPLLDAPASPPQASRFQRPGRRMSEGSSHSESSESSDSM	44	986	1039	53
5825	HUMAN11851	Q9BZ71	909	974	GLHAQPEFLRKRNHLRRTMSVQQPDPPAANPKPERAQSQPESDKDHERPLPALSWARGPPKFESVP	65	1443	1521	78
5828	HUMAN11857	A8MU93	1	118	MASARGAKQSSPRVGTTRYTETSTVRVETSSHRVETSSRRVETSQRRSEGPSLSPSGKRLPRILEASSRHVESSSQRTETTSRHVRASSLRVETSLHCAESPTPRAKPAARQNEKTAR	117	3	136	133
5829	HUMAN11858	Q86YT5	162	199	TSAATEAGLELVDKGKAKELPGSQVIFEGPTLGQQEDQ	37	354	592	238
5830	HUMAN11862	Q6GPH4	172	260	CCPDSEFKKHFPVGNPEILPSSLPSQAAENQTSTMEKDVRPKTRSINRFPLHSESSSKKAPRSKNKTLDPLLMSEPKPRTSSPRGDKAA	88	303	408	105
5831	HUMAN11870	Q6P5S7	1	38	MGWLRPGPRPLCPPARASWAFSHRFPSPLAPRRSPTPF	37	0	41	41
5833	HUMAN11876	Q8NCK7	1	30	MPAPQRKHRRGGFSHRCFPTPQTAMTPQPA	29	84	275	191
5834	HUMAN11876	Q8NCK7	431	470	PSCGPASPPATPPPETGELLPAPQAVLLSPGGPGSTLDTT	39	841	904	63
5835	HUMAN11877	Q8IUN9	1	61	MTRTYENFQYLENKVKVQGFKNGPLPLQSLLQRLCSGPCHLLLSLGLGLLLLVIICVVGFQ	60	0	185	185
5836	HUMAN11879	P07307	1	89	MAKDFQDIQQLSSEENDHPFHQGEGPGTRRLNPRRGNPFLKGPPPAQPLAQRLCSMVCFSLLALSFNILLLVVICVTGSQSEGHGGAQL	88	0	98	98
5837	HUMAN11880	P07306	1	62	MTKEYQDLQHLDNEESDHHQLRKGPPPPQPLLQRLCSGPRLLLLSLGLSLLLLVVVCVIGSQ	61	22	95	73
5839	HUMAN11888	O14641	96	259	QPEMAPPVHEPRAELAPPAPPLPPLPPERTSGIGDSRPPSFHPNVSSSHENLEPETETESVVSLRRERPRRRDSSEHGAGGHRTGGPSRLERHLAGYESSSTLMTSELESTSLGDSDEEDTMSRFSSSTEQSSASRLLKRHRRRRKQRPPRLERTSSFSSVTDS	163	111	328	217
5842	HUMAN11899	Q9Y2T7	1	85	MSEVEAAAGATAVPAATVPATAAGVVAVVVPVPAGEPQKGGGAGGGGGAASGPAAGTPSAPGSRTPGNPATAVSGTPAPPARSQA	84	0	122	122
5844	HUMAN11905	Q96JN8	1088	1124	RLEESEGTQPPSPSSDTGSEGEEDDEGEEHGLGGQNE	36	2321	2409	88
5845	HUMAN11905	Q96JN8	1	39	MAAGSGGSGGSGGGPGPGPGGGGGPSGSGSGPGSNGGLG	38	6	179	173
5846	HUMAN11905	Q96JN8	213	242	PPTPIPTPPLEPLAPTEDSALAEQGTSADE	29	562	592	30
5847	HUMAN11906	Q15027	367	402	RLDDSPRGPGQGSGHLAIGSAATLGSGGMARGREPG	35	845	901	56
5850	HUMAN11910	Q13470	72	103	SKNWVYKILGGFAPEHKEPTLPSDSPRHLPEP	31	74	107	33
5851	HUMAN11912	Q9NRY6	1	64	MAGYLPPKGYAPSPPPPYPVTPGYPEPALHPGPGQAPVPAQVPAPAPGFALFPSPGPVALGSAA	63	77	177	100
5852	HUMAN11917	Q8NFZ4	613	679	TELFTTTTRLPPYATRWPPRPPAGAPGTRRPPPPATLPPEPEPEPGPRAYDRFPGDSRDYSTELSVT	66	981	1158	177
5857	HUMAN11921	Q8N9M5	166	253	PVPGARDSIHRTESEESSKDWQSSVDQPHSYVTEHEAPVSLEKSPSDVSASESPQHDVVDLGSTAPLKTMSSDVTKAAVESPVPKPSE	87	167	271	104
5858	HUMAN11922	Q92914	1	65	MAALASSLIRQKREVREPGGSRPVSAQRRVCPRGTKSLCQKQLLILLSKVRLCGGRPARPDRGPE	64	1	70	69
5859	HUMAN11923	P11230	362	425	RPKPERDLMPEPPHCSSPGSGWGRGTDEYFIRKPPSDFLFPKPNRFQPELSAPDLRRFIDGPNR	63	470	552	82
5860	HUMAN11925	Q9P1Z0	875	908	FPLALIGGGREPGGGRGKSGSEGPVGAGEGDRME	33	1660	1721	61
5861	HUMAN11925	Q9P1Z0	975	1013	QAAPPAPPTPPPPTLPPPIPPKGEGERAGVERTQKGDVG	38	1788	1850	62
5862	HUMAN11926	P0C7Q6	1	59	MAGSHPYLNPPDSTHPSPPSAPPSLRWHQCCQPSDATNGLLVALLGGGLPAGFVGPLSH	58	23	101	78
5863	HUMAN11930	O75888	1	113	MPASSPFLLAPKGPPGNMGGPVREPALSVALWLSWGAALGAVACAMALLTQQTELQSLRREVSRLQGTGGPSQNGEGYPWQSLPEQSSDALEAWENGERSRKRRAVLTQKQKK	112	0	136	136
5865	HUMAN11947	P04278	1	38	MESRGPLATSRLLLLLLLLLLRHTRQGWALRPVLPTQS	37	127	196	69
5866	HUMAN11953	P04637	282	324	RRTEEENLRKKGEPHHELPPGSTKRALPNNTSSSPQPKKKPLD	42	340	406	66
5867	HUMAN11953	P04637	354	393	QAGKEPGGSRAHSSHLKSKKGQSTSRHKKLMFKTEGPDSD	39	442	492	50
5868	HUMAN11953	P04637	40	89	MDDLMLSPDDIEQWFTEDPGPDEAPRMPEAAPPVAPAPAAPTPAAPAPAP	49	68	139	71
5870	HUMAN11955	Q15768	171	288	PRGGAVPRKPVSEMPMERDRGAAHSLEPGKENLPGDPTSNATSRGAEGPLPPPSMPAVAGAAGGLALLLLGVAGAGGAMCWRRRRAKPSESRHPGPGSFGRGGSLGLGGGGGMGPREA	117	188	368	180
5872	HUMAN11958	O15054	1291	1321	SLQEEKESEDEESEEPDSTTGTPPSSAPDPK	30	1576	1623	47
5873	HUMAN11968	A6NIN4	110	147	AKCERDEAGNPAKESSDADGEAEEEGESEKGAGPRSAG	37	156	207	51
5874	HUMAN11971	O43448	10	76	QNLRSRSSEDRLCGPRPGPGGGNGGPAGGGHGNPPGGGGSGPKARAALVPRPPAPAGALRESTGRGT	66	211	400	189
5875	HUMAN11975	Q8N137	1	200	MATSADSPSSPLGAEDLLSDSSEPPGLNQVSSEVTSQLYASLRLSRQAEATARAQLYLPSTSPPHEGLDGFAQELSRSLSVGLEKNLKKKDGSKHIFEMESVRGQLQTMLQTSRDTAYRDPLIPGAGSERREEDSFDSDSTATLLNTRPLQDLSPSSSAQALEELFPRYTSLRPGPPLNPPDFQGLRDALDSEHTRRKHC	199	10	224	214
5877	HUMAN11978	Q02846	1073	1103	QPGSSNHGISLQEIPPERRRKLEKARPGQFS	30	1326	1357	31
5879	HUMAN11983	O15534	1	172	MSGPLEGADGGGDPRPGESFCPGGVPSPGPPQHRPCPGPSLADDTDANSNGSSGNESNGHESRGASQRSSHSSSSGNGKDSALLETTESSKSTNSQSPSPPSSSIAYSLLSASSEQDNPSTSGCSSEQSARARTQKELMTALRELKLRLPPERRGKGRSGTLATLQYALACV	171	167	396	229
5882	HUMAN11986	L7N2F9	1	53	MSATAATAPPAAPAGEGGPPAPPPNLTSNRRLQQTQAQVDEVVDIMRVNVDKV	52	26	114	88
5883	HUMAN11986	L7N2F9	84	121	LKRKYWWKNLKMMIILGVICAIILIIIIGTGCDRTSQP	37	144	237	93
5884	HUMAN11989	Q96GS4	1	205	MESSRGRPGPETDLLAVAEHQALVFGGGPGRTSSEPPAGLRVSGEEETENVGGANRHPRTSPKTSSCGVVHRPEREALENEPGPQGTLSGAGSRRGAPGAEHEPSLSSRHKNPAPPEGKPSSGRDCRRGGPGGGMDVEQQEEEDNDEEAAAGSRAGRSFSSRLQDSRSLDGLSEACGGAGSSGSAESGAGGGRRATISSPLELEG	204	37	255	218
5885	HUMAN11989	Q96GS4	214	251	THFVANNLQLKIRLSGAPPPPPSAPARPCPAPAPTPTP	37	263	305	42
5886	HUMAN11990	Q96GD4	1	67	MAQKENSYPWPYGRQTAPSGLSTLPQRVLRKEPVTPSALVLMSRSNVQPTAAPGQKVMENSSGTPDI	66	86	318	232
5888	HUMAN11999	Q2M2E3	1	65	MDAEYSGNEFPRSEGERDQHQRPGKERKSGEAGWGTGELGQDGRLLSSTLSLSSNRSLGQRQNSP	64	0	90	90
5889	HUMAN11999	Q2M2E3	217	257	GAVSCSSSFGSVEESPRAQTITDTPITQEGVLDPEQKDTHV	40	300	352	52
5890	HUMAN12002	Q6ZNG9	435	492	TEEELEIAEEQLENSLWIRQEERAEIGADRSDMDDDMDPTPEASEPSTSQGTSGLLCW	57	451	512	61
5891	HUMAN12006	A6NCQ9	83	141	KSSQTLAVPVGLPSVPPLDSLGHTNPLAASSPAWRPPPGQARPPGSPGQSAQLPLDLLP	58	108	188	80
5893	HUMAN12014	A6NLX3	1	99	MASGQARPPFEEESPQPSTTVRSPEVVVDDEVPGPSAPWIDPSPQPQSLGLKRKSEWSDESEEELEEELELERAPEPEDTWVVETLCGLKMKLKRKRAS	98	9	119	110
5894	HUMAN12015	Q8IWD5	547	586	RERKIKYSKLLSMEVSDTSDSEQGTEQDWLVKAMREEHSD	39	815	868	53
5895	HUMAN12017	Q5UE93	339	409	DSGIERDLPTGADELPAPGSPEMERAGLQRKGGIKKRAWPLDFLMPGSWDGPPGLHRRTGRPSGDGEMLPG	70	504	618	114
5897	HUMAN12018	Q8WYR1	565	598	HGTSPGACPPPRSQTPSPPTDSPRHASPGELGTT	33	743	781	38
5898	HUMAN12019	O95631	1	33	MMRAVWEALAALAAVACLVGAVRGGPGLSMFAG	32	73	159	86
5899	HUMAN12021	Q9UNK0	96	133	SFKNEGAEPDLIRSSLMSEEAKRGAPNPWLFEEPEETR	37	207	300	93
5900	HUMAN12024	Q70EL4	1	93	MDLGPGDAAGGGPLAPRPRRRRSLRRLFSRFLLALGSRSRPGDSPPRPQPGHCDGDGEGGFACAPGPVPAAPGSPGEERPPGPQPQLQLPAGD	92	25	154	129
5902	HUMAN12027	O95838	1	41	MKLGSSRAGPGRGSAGLLPGVHELPMGIPAPWGTSPLSFHR	40	5	46	41
5903	HUMAN12027	O95838	463	553	RACVLGKDFRFLGKCPKKLSEGDGAEKLRKLQPSLNSGRLLHLAMRGLGELGAQPQQDHARWPRGSSLSECSEGDVTMANTMEEILEESEI	90	523	639	116
5904	HUMAN12029	O60861	111	171	SPGIPASPGSHRSSLPPTVNGYHASGTPAHPPETAHMSVRKSTGDSQNLGSSSPSKKQSKE	60	169	253	84
5906	HUMAN12036	P11055	1907	1940	AEERADIAESQVNKLRAKTRDFTSSRMVVHESEE	33	2638	2739	101
5908	HUMAN12043	P0C851	1	39	MTMETLPKVLEVDEKSPEAKDLLPSQTASSLCISSRSES	38	7	50	43
5909	HUMAN12044	Q6ZSJ9	1	88	MALRRLLLLLLLSLESLDLLPSVHGARGRAANRTLSAGGAAVGGRRAGGALARGGRELNGTARAPGIPEAGSRRGQPAAAVAAAASAA	87	1	111	110
5910	HUMAN12048	P17022	1	36	MPVDLGQALGLLPSLAKAEDSQFSESDAALQEELSS	35	65	104	39
5911	HUMAN12051	Q17R89	1	66	MKKQFNRMRQLANQTVGRAEKTEVLSEDLLQVEKRLELVKQVSHSTHKKLTACLQGQQGAEADKRS	65	12	165	153
5915	HUMAN12052	Q9BQ52	784	826	KRELRQVRAALLSRELAGGLEDGEPQQKRAHTEEPQAKKVRAQ	42	3106	3252	146
5916	HUMAN12054	Q9Y663	1	147	MAPPGPASALSTSAEPLSRSIFRKFLLMLCSLLTSLYVFYCLAERCQTLSGPVVGLSGGGEEAGAPGGGVLAGGPRELAVWPAAAQRKRLLQLPQWRRRRPPAPRDDGEEAAWEEESPGLSGGPGGSGAGSTVAEAPPGTLALLLDE	146	9	245	236
5917	HUMAN12055	Q12887	1	54	MAASPHTLSSRLLTGCVGGSVWYLERRTIQDSPHKFLHLLRNVNKQWITFQHFS	53	63	160	97
5918	HUMAN12055	Q12887	63	138	QLNRSHNQQVRPKPEPVASPFLEKTSSGQAKAEIYEMRPLSPPSLSLSRKPNEKELIELEPDSVIEDSIDVGKETK	75	169	353	184
5920	HUMAN12057	Q9Y662	1	133	MGQRLSGGRSCLDVPGRLLPQPPPPPPPVRRKLALLFAMLCVWLYMFLYSCAGSCAAAPGLLLLGSGSRAAHDPPALATAPDGTPPRLPFRAPPATPLASGKEMAEGAASPEEQSPEVPDSPSPISSFFSGSG	132	0	223	223
5921	HUMAN12062	Q9BXF9	1	48	MERVGCTLTTTYAHPRPTPTNFLPAISTMASSYRDRFPHSNLTHSLSL	47	43	194	151
5922	HUMAN12063	Q8N9R6	49	126	TRELECMRALEERPWASRQNKPSSVIQPKRRKSSKSSGKAVFRDTLSESTLSMWGAYSVLAMAPTMIPEPTHLHADSR	77	93	177	84
5923	HUMAN12069	O95170	181	257	PEKDHSSKSATSQVYWTAKTQHTSLPLSKAPENEHFLGAASNPEEPWRNSLRCISEMNRLFSGKADITKPGYDPCNL	76	260	376	116
5924	HUMAN12075	Q9HBT8	1	39	METDLAEMPEKGALSSQDSPHFQEKSTEEGEVAALRLTA	38	61	100	39
5925	HUMAN12075	Q9HBT8	87	203	PESYNLENGKEPLKLERKAPKSSYSDMETRPQSKDSTSVQDFSKAESCKVAIIDRLTRNSVYDSNLEAALECENWLENQQGNQERHLREMFTHMNSLSEETDHKHDVYWKSFNQKSV	116	147	266	119
5926	HUMAN12093	Q9Y2B2	1	38	MEAMWLLCVALAVLAWGFLWVWDSSERMKSREQGGRLG	37	14	220	206
5927	HUMAN12099	Q9Y5S1	1	70	MTSPSSSPVFRLETLDGGQEDGSEADRGKLDFGSGLPPMESQFQGEDRKFAPQIRVNLNYRKGTGASQPD	69	55	154	99
5928	HUMAN12099	Q9Y5S1	726	764	SGAGVPRTLENPVLASPPKEDEDGASEENYVPVQLLQSN	38	859	907	48
5929	HUMAN12101	Q8NAA5	1	47	MGTRQTKGSLAERASPGAAPGPRRERPDFWASLLLRAGDKAGRAGAG	46	16	86	70
5930	HUMAN12101	Q8NAA5	291	344	KQGHLPTILELGEGPGSGEEVREGTVGQEDPGGGPVAPAEDHHEGKETVAAAQT	53	342	510	168
5931	HUMAN12103	Q9P2J8	1	48	MSLQDSTLSREGKPEGEIMAAVFFSVGRLSPEVTQPDEDLHLQAEETQ	47	27	75	48
5933	HUMAN12104	A2RUR9	771	816	AQKQLSEEQDARILQDQILTSKQKELEMARKKMNSEISHRHQKEKD	45	823	877	54
5934	HUMAN12106	O14836	108	223	LRSPVNLPPELRRQRSGEVENNSDNSGRYQGLEHRGSEASPALPGLKLSADQVALVYSTLGLCLCAVLCCFLVAVACFLKKRGDPCSCQPRSRPRQSPAKSSQDHAMEAGSPVSTS	115	150	291	141
5935	HUMAN12114	Q8NFG4	30	87	PQGDGNEDSPGQGEQAEEEEGGIQMNSRMRAHSPAEGASVESSSPGPKKSDMCEGCRS	57	374	556	182
5936	HUMAN12120	Q9NWA0	1	61	MASAGVAAGRQAEDVLPPTSDQPLPDTKPLPPPQPPPVPAPQPQQSPAPRPQSPARAREEE	60	58	134	76
5937	HUMAN12122	Q9Y272	200	248	EMSPDLHRKVSVQYCDVLHKKALRNKKLLRAGSGGGGGDPGDAFGIVAP	48	346	411	65
5938	HUMAN12125	Q7Z5J4	1693	1817	PANFKDLGDLCGPYYPEHCLPKKKPKLKEKVRPEGTCEEASLPLERTLKGPECAAAATAGKPPRPDGPADPAKQGPLRTSARGLSRRLQSCYCCDGREDGGEEAAPADKGRKHECSKEAPAEPGG	124	2516	2712	196
5940	HUMAN12131	Q6ZVM7	155	212	DLDALSPIHTPQRSVPEVDPAATMPRSQSQQRTSAGSYSSPPPAPYSAPQAPALSVTG	57	455	678	223
5942	HUMAN12138	Q8N5M1	1	44	MWRSCLRLRDGGRRLLNRPAGGPSASMSPGPTIPSPARAYAPPT	43	47	230	183
5943	HUMAN12144	Q9UKN7	1	52	MAKEEDEEKKAKKGKKGKKAPEPEKPKRSLKGTSRLFMGFRDRTPKISKKGQ	51	0	133	133
5947	HUMAN12144	Q9UKN7	67	103	PQKTKRKRKARTVLKSTSKLMTQMRMGKKKRAMKGKK	36	150	195	45
5948	HUMAN12145	Q6P6C2	1	80	MAAASGYTDLREKLKSMTSRDNYKAGSREAAAAAAAAVAAAAAAAAAAEPYPVSGAKRKYQEDSDPERSDYEEQQLQKEE	79	13	129	116
5949	HUMAN12145	Q6P6C2	288	394	DAPRLETKSLSSSVLPPSYASDRLSGNNRDPALKPKRSHRKADPDAAHRPRILEMDKEENRRSVLLPTHRRRGSFSSENYWRKSYESSEDCSEAAGSPARKVKMRRH	106	343	469	126
5950	HUMAN12146	Q15334	645	719	AMEGPLSRVKSLKKSLRQSFRRIRKSRVSGKKRAANASSKLQEANAQLAEQACPHDVEMTPVQRRIEPRSADDSL	74	1222	1330	108
5951	HUMAN12146	Q15334	955	1064	RDATQASYRIRESPKLSQANGTPSILLAPQSLDGSPDPAHSMGPDTPEPPEAALSPMSIDSATSADTTLDTTGDVTVEDVKDFLGSSEESEKNLRNLAEDEAHACAILIK	109	1734	1939	205
5952	HUMAN12148	Q13045	405	474	ASPATVAAAAAAGSGPKDPMARKMRLRRRKDSAQDDQAKQVLKGMSDVAQEKNKKQEESADARAPSGKVR	69	846	1033	187
5953	HUMAN12148	Q13045	947	977	EEEEKKEDKEEKAEGKEGEEATAEAEEKQPE	30	1941	2073	132
5956	HUMAN12158	A8MZ36	97	187	LPPRRGIQGRLGTRAGAETEAGLRRPVWAGHGGAGGTDRGAQHRAEGDQRPRRAAAEPGGAGCRHHPEPIPRPTEGGVVARAEPGQPVHAL	90	145	244	99
5957	HUMAN12163	P0CG31	1	242	METDLAEMPEKGVLSSQDSPHFQEKSTEEGEVAALRLTARSQAAAAAAAPGSRSLRGVHVPPPLHPAPAREEIKSTCSLKACFSLSLTLTYYRTAFLLSTENEGNLHFQCPSDVETRPQSKDSTSVQDFSKAESCKVAIIDRLTRNSVYDSNLEAALECENWLEKQQGNQERHLREMFTHMNSLSEETDHEHDVYWKSFNQKSVLITEDRVPKGSYAFHTLEKSLKQKSNLMKKQRTYKEKK	241	0	245	245
5958	HUMAN12167	Q5XX13	168	231	SGLNQDITDVCFSPEKDHSSKSATSQVYWTAKTQHTSLPLSKAPENEHLLGAASNPEEPWRNSL	63	175	243	68
5959	HUMAN12169	Q9NYZ1	1	30	MLQQDSNDDTEDVSLFDAEEETTNRPRKAK	29	25	133	108
5961	HUMAN12175	A6ND36	76	110	PGSEDPRGTGPSQGPEDNGVGDGEEASGADGVPIE	34	217	266	49
5962	HUMAN12189	Q13164	1	34	MAEPLKEEDGEDGSAEPPGPVKAEPAHTAASVAA	33	14	86	72
5964	HUMAN12191	Q9ULX5	17	50	KRERKQSFMGNSGNSWSHTPFPKLELGLGPQPMA	33	97	163	66
5965	HUMAN12191	Q9ULX5	97	129	CRKICKQKRGLRSLGEKMKLLPQRPLPPALQET	32	223	265	42
5966	HUMAN12192	Q96FL8	1	38	MEAPEEPAPVRGGPEATLEVRGSRCLRLSAFREELRAL	37	162	362	200
5967	HUMAN12192	Q96FL8	474	535	NLKVNNVPRSGNSALPQDPLHPGCPENLEGILTNDVGKTGEPQSDQQMRQEEPLPEHPQDGA	61	1483	1635	152
5968	HUMAN12199	Q86VL8	505	567	SGRQQQQRAESTATRPGPEKAVLSSVATGSSPGITLTTYSRSECHVDFFRTPEEAHALSAPTS	62	1589	1714	125
5970	HUMAN12204	O43572	172	289	HSLNTVKQSSLAEPVSPSKKHETTASFLTDSLDKRLEDSGSAQLFMTHSEGIDLNNRTNSTQNHLLLSQECDSAHSLRLEMARAGTHQVSMETQESSSTLTVASRNSPASPLKELSGK	117	315	555	240
5972	HUMAN12204	O43572	515	562	DEFLGGNVSLTAPGSVGPPDESHPGSSDSSASQSSVKKASIKILKNFD	47	796	885	89
5974	HUMAN12206	Q5M775	532	653	MMAKTLEECRVTLEGLKMENGSLKSHLQGEKQKATEASAVEQTAESCEVQEMLKVARAEKDLLELSCNELRQELLKANGEIKHVSSLLAKVEKDYSYLKEICDHQAEQLSRTSLKLQEKASE	121	713	840	127
5976	HUMAN12211	A8MXV6	1	233	MFSCCFPTSRGCCFRNGGSESLFRQCRRRLIPHPRRLWPFVRRRTQVPQDSPGQALAGQATPEIPSGLPLHIVLVQEEIREPMEAQTHAPGPYADIAALAAPAVEPKPAWEEPPPERALEVEGAPAKDQPSQELPEIMAPTVATGLNAGAENVAGERSGREGVTSTAPASRSHAAPSPGHGGKHGGGDQGIQTGLLYLAGERLLSFAGTTALLLQGLFIVLILVGYISVKVML	232	0	233	233
5977	HUMAN12220	P46734	1	43	MESPASSQPASMPQSKGKSKRKKDLRISCMSKPPAPNPTPPRN	42	23	240	217
5978	HUMAN12223	Q14500	1	42	MTAASRANPYSIVSSEEDGLHLVTMSGANGFGNGKVHTRRRC	41	120	167	47
5979	HUMAN12223	Q14500	366	433	KFLLPSANSFCYENELAFLSRDEEDEADGDQDGRSRDGLSPQARHDFDRLQAGGGVLEQRPYRRESEI	67	505	645	140
5980	HUMAN12224	A8MQB3	1	194	MGEKSRRKGPAPRHADGKLGRTCDHPYAPWSFTPSSRAPTAWVRPPCPVWASRLQEHSPEPRRARAPPTRRAQAALYAPALRLRDHLDRFSILMTSCTSWLQAPQAPGLCRDEQSSRISVPQLSGAPILLPDLEGTKLSNFQESSPLPHKHERKDKRSTPEEEGRSAPEKIIQSLKLCPGGHRPASLSSGCPAG	193	0	233	233
5981	HUMAN12226	B7U540	1	42	MTAASRANPYSIVSLEEDGLHLVTMSGANGFGNGKVHTRRRC	41	0	63	63
5982	HUMAN12226	B7U540	367	433	FLLPSANSFCYENELAFLSRDEEDEADGDQDGRSRDGLSPQARHDFDRLQAGGGVLEQRPYRRGSEI	66	427	530	103
5983	HUMAN12235	P35228	13	79	FHQYAMNGEKDINNNVEKAPCATSSPVTQDDLQYHNLSKQQNESPQPLVETGKKSPESLVKLDATPL	66	69	185	116
5985	HUMAN12244	Q13829	271	316	SRSRSQASPSEDEETFELRDRVRRIHVKRYSTYDDRQLGHQSTHRD	45	345	395	50
5986	HUMAN12251	P04004	363	397	PSLAKKQRFRHRNRKGYRSQRGHSRGRNQNSRRPS	34	602	681	79
5987	HUMAN12251	P04004	62	151	VTRGDVFTMPEDEYTVYDDGEEKNNATVHEQVGGPSLTSDLQAQSKGNPEQTPVLKPEEEAPAPEVGASKPEGIDSRPETLHPGRPQPPA	89	116	365	249
5989	HUMAN12258	O15353	365	524	RKDPIAVRKSMAKPEELDSLIGDKREKLGSPLLGCPPPGLSGSGPIRPLAPPAGLSPPLHSLHPAPGPIPGKNPLQDLLMGHTPSCYGQTYLHLSPGLAPPGPPQPLFPQPDGHLELRAQPGTPQDSPLPAHTPPSHSAKLLAEPSPARTMHDTLLPDGD	159	402	582	180
5990	HUMAN12258	O15353	552	605	DSLALDPLVLVTSSPTSSSMPPPQPPPHCFPPGPCLTETGSGAGDLAAPGSGGS	53	609	686	77
5991	HUMAN12259	Q13432	1	56	MKVKKGGGGAGTATESAPGPSGQSVAPIPQPPAESESGSESEPDAGPGPRPGPLQR	55	18	140	122
5993	HUMAN12264	Q96R06	838	988	CENLKDTVENLTAKLASTIADNQEQDLEKTRQYSQKLGLLTEQLQSLTLFLQTKLKEKTEQETLLLSTACPPTQEHPLPNDRTFLGSILTAVADEEPESTPVPLLGSDKSAFTRVASMVSLQPAETPGMEESLAEMSIMTTELQSLCSLLQ	150	1226	1441	215
5994	HUMAN12267	Q14667	1487	1541	ALKGLKIDPQMPAKKPKRGVPTSASAPPRVNTPSFSGQPDKGSSGGAYMLQKLIE	54	2478	2622	144
5995	HUMAN12267	Q14667	2035	2109	VEDDEVGDEEDKSKLVTTGIPVVKPRQLIATDDAVPLGPGKGVAQGLTRSSGVRRSFRKSPEHPVDDIDKMKERA	74	3369	3514	145
5996	HUMAN12267	Q14667	2183	2235	LKSATGSEVRGKLETKSDLNMQQQEEEEKARLLIGLSVGDKNPGKKSIFGRRK	52	3594	3672	78
5999	HUMAN12269	Q7KZ85	482	518	AKASRKKLKRVREEGDEEGEGDEAEDEEQRGPELKQA	36	2111	2352	241
6000	HUMAN12271	Q8NCQ7	167	364	CGADDLNEEEEEEEEESKPPIPTQVGPATASPDLGTSMATGTPDSTAPITIWRSESPTGKGQGSKVIKKVKKKKEKEKDKEEMDEKAKLKKKAKKGQLTKKKSPVKLEPSPPDVSRSLSARQLARMSESSPESREELESEDSYNGRGQGELSSEDIVESSSPRKRENTVQAKKTGAKPSQARKVNKRKSPPGSNPNLS	197	193	421	228
6001	HUMAN12283	K7EL04	268	434	DVGSVRMRRPVQGQRAVLGGRVWAPSGSTGGLRQRETWGKSSLPACRNVRRVFVLRPPSVLQGREVRGPQQHREQDHQCPLQRYPPGTCEASHPTTTVVSVCLGWWAGHPPAAANAQHRGGPGGSWAHAESRRHALWASHPVGGPTPRCRRRQSPSWGSGAATAPVH	166	286	487	201
6003	HUMAN12289	O75616	262	295	KKLKMRQAFHSHPGTHCPSPAVKDPNTQSVGNPQ	33	1004	1142	138
6004	HUMAN12289	O75616	52	86	FSGPRLASASRSNGQGSALDHFLGFSQPDSSVTPC	34	346	419	73
6005	HUMAN12292	Q6UX07	314	377	GPGEDAEPDEDPQSEDSEAPSSLSTPHPEEPTVSQPYPSPQSSPDLSKMTHRIQAKVEPEIQLS	63	519	610	91
6007	HUMAN12293	Q96QT6	879	920	PTPPSSIVAKVQSVIRRRRHQKQDEEPSEEAAMMSSQAQGPQ	41	2128	2299	171
6008	HUMAN12293	Q96QT6	973	1004	KGDASLLQDGVLAEKLSLKPHQGPVLRSNSVP	31	2375	2509	134
6011	HUMAN12300	Q92614	985	1018	SGSIAGLEGGSQLALRRATSMRKTFTTGMAAVKK	33	1933	1972	39
6013	HUMAN12308	Q7L7X3	221	252	RKPPLFNMNAMSALYHIAQNESPTLQSNEWSD	31	347	387	40
6015	HUMAN12308	Q7L7X3	547	595	ELNSFLESQKREYKLRKEQLKEELNENQSTPKKEKQEWLSKQKENIQHF	48	976	1044	68
6016	HUMAN12308	Q7L7X3	849	1001	IEEEMLALQNERTERIRSLLERQAREIEAFDSESMRLGFSNMVLSNLSPEAFSHSYPGASGWSHNPTGGPGPHWGHPMGGPPQAWGHPMQGGPQPWGHPSGPMQGVPRGSSMGVRNSPQALRRTASGGRTEQGMSRSTSVTSQISNGSHMSYT	152	1359	1568	209
6017	HUMAN12309	Q6UXT9	1	63	MPPWGAALALILAVLALLGLLGPRLRGPWGRAVGERTLPGAQDRDDGEEADGGGPADQFSDGR	62	80	198	118
6018	HUMAN12309	Q6UXT9	426	468	KGLSRHRASFLGGRRRGGALQRREVSSSSNLEEIFNWKRSYTR	42	626	670	44
6019	HUMAN12311	Q8NBR0	134	306	RRKQRKKKAWIYCESLSGPAPSEPTPGRGRLCRRGCVQALALAFALRSWRPPGTEVTSQGPRQPSSSGAKRRRLRAALGPQPTRSALRFPSASPGSLKAKQSMAGIPGRESNAPSVPTVSLLPGAPGGNASSRTEAQVPNGQGSPGGCVCSSQASPAPRAAAPPRAARGPTPR	172	183	366	183
6020	HUMAN12311	Q8NBR0	350	393	DSQDTVAAVLKRRLLQPSRRVKRSRRRPLLPPTPDSGPEGESSE	43	409	461	52
6021	HUMAN12316	Q86YJ7	299	334	KVKGCKTPLQSFLGIAEQHGGPQNGTLITQTLSQAN	35	593	795	202
6022	HUMAN12316	Q86YJ7	440	475	DEPVPSVRGSPSSETPSPGSDSSSVSSSSSTTSCRG	35	1046	1151	105
6023	HUMAN12316	Q86YJ7	535	589	SKPGTHPMSYEGRRQDRSAPPTPQRQPAPPASVPSPRPSSGPGSGGHVFRSYDEQ	54	1297	1534	237
6024	HUMAN12318	Q6QEF8	398	472	PKHRELRVTKRNILDVRPPSGPRRSQSASDAPLSQQHTLETLLEEIKALRERVQAQEQRITALENMLCELVDGTD	74	587	823	236
6025	HUMAN12324	A4FU69	1	134	MNESASQEELRPAQENRKEDKERKWNLTEVKELHETLQSVPDVPVKEDTNSVVEKAMDEIKSQELNLEGQRKISPGSIKDSKTEASGNIAIRKSAKVIFALDETELKSKPEHTWKKNLFERMEARAQAMQQKII	133	0	158	158
6028	HUMAN12331	P31645	1	78	METTPLNSQKQLSACEDGEDCQENGVLQKVVPTPGDKVESGQISNGYSAVPSPGAGDDTRHSIPATTTTLVAELHQGE	77	175	362	187
6029	HUMAN12335	O75976	1331	1380	KDGFHRLRQHHDEYEDEIRMMSTGSKKSLLSHEFQDETDTEEETLYSSKH	49	3417	3597	180
6032	HUMAN12338	Q9UFV1	100	150	ASESSRGPSLLQTPPRVPGQQALSRGDKGISVSLSLPSLPSRRGRCGRIIG	50	100	151	51
6033	HUMAN12341	Q96QE3	1089	1122	LEERQNLKGKRDEKHEDFSGGIDFKGSSDDEEES	33	1614	1675	61
6034	HUMAN12341	Q96QE3	1182	1297	KQGVNSQKPCFFNSYYIGKSPKKISSPKKVVTSPRKVPPPSPKSSGPKRALPPKTLANYFKVSPKPKNNEEIGMLLENNKGIKNSFEQKQITQTKSTNATNSNVKDVGAEEPSRKN	115	1734	1907	173
6035	HUMAN12341	Q96QE3	1524	1636	ETKNFCGPSVTVDASAATKSMNCLARKHSEREQPLKKSQKKKQKKTLVILDDSDLFDTDLDFPDQSISLSSVSSSSNAEESKTGDEESKARDKGNNPETKKSIPCPPKTTAGK	112	2208	2366	158
6038	HUMAN12341	Q96QE3	973	1049	EHQVLSSECHSKQELEADVSHKETKRKLVEAENSKSKRKKPNEYSKNLEKTNRKSEELSKRNNSSGIKLDSSKDSGT	76	1345	1565	220
6039	HUMAN12344	Q8IUD6	176	242	SGVDLSMASPKLVTSDTAAGKIRDILHDLEEIQEKLQESVTWKEAPEAQMQGELLEAPSSSSCPLPD	66	379	482	103
6042	HUMAN12346	P21359	798	830	KMEDGQAAESLHKTIVKRRMSHVSGGGSIDLSD	32	2742	2845	103
6043	HUMAN12349	P23515	255	440	STQISSLKEHNMYPTPSGFTSSLFTVSGMQTVDTINSLSVVTQPKVTKIPKQYRTKETTFGATLSKDTTFTSTDKAFVPYPEDTSTETINSHEAAAATLTIHLQDGMVTNTSLTSSTKSSPTPMTLSITSGMPNNFSEMPQQSTTLNLWREETTTNVKTPLPSVANAWKVNASFLLLLNVVVMLAV	185	320	555	235
6045	HUMAN12354	Q86YS3	495	588	ATQELIEDLRKELEHLQMYKLDCERPGRGRSASSGLGEFNARAREVELEHEVKRLKQENYKLRDQNDDLNGQILSLSLYEAKNLFAAQTKAQSL	93	963	1089	126
6047	HUMAN12357	Q9NQ92	1	111	MDLQAAGAQAQGAAEPSRGPPLPSARGAPPSPEAGFATADHSSQERETEKAMDRLARGTQSIPNDSPARGEGTHSEEEGFAMDEEDSDGELNTWELSEGTNCPPKEQPGDL	110	0	137	137
6048	HUMAN12362	Q15022	1	78	MAPQKHGGGGGGGSGPSAGSGGGGFGGSAAVAAATASGGKSGGGSCGGGGSYSASSSSSAAAAAGAAVLPVKKPKMEH	77	13	222	209
6049	HUMAN12362	Q15022	366	423	NDKSTAPIAKPLATRNSESLHQENKPGSVKPTQTIAVKESLTTDLQTRKEKDTPNENR	57	704	868	164
6050	HUMAN12362	Q15022	689	739	EKGESASPANEEITEEQNGTANGFSEINSKEKALETDSVSGVSKQSKKQKL	50	1179	1341	162
6051	HUMAN12379	Q15078	1	138	MGTVLSLSPSYRKATLFEDGAATVGHYTAVQNSKNAKDKNLKRHSIISVLPWKRIVAVSAKKKNSKKVQPNSSYQNNITHLNNENLKKSLSCANLSTFAQPPPAQPPAPPASQLSGSQTGGSSSVKKAPHPAVTSAGT	137	65	228	163
6052	HUMAN12382	Q9Y2Y6	37	68	LLQRYDSKPIVDLIGAMETQSEPSELELDDVV	31	94	144	50
6053	HUMAN12383	Q8IXA5	1	77	MVSALRGAPLIRVHSSPVSSPSVSGPRRLVSCLSSQSSALSQSGGGSTSAAGIEARSRALRRRWCPAGIMLLALVCL	76	0	84	84
6054	HUMAN12393	Q6IEE7	1	37	MAPGMSGRGGAALLCLSALLAHASGRSHPASPSPPGP	36	18	88	70
6055	HUMAN12393	Q6IEE7	817	872	EEDPTYDYPGPSQPGPGGGEDEARGAGPPGSALPAPEAPGPGTASPVVPPTEDFLP	55	1006	1106	100
6056	HUMAN12393	Q6IEE7	916	1043	YRHKRIPPEGQTSMDHSHHWVFLGNGQPLRVQGELSPPAGNPLETVPAFCHGDHHSSGSSQTSVQSQVHGRGDGSSGGSARDQAEDPASSPTSKRKRVKFTTFTTLPSEELAYDSVPAGEEDEEEEED	127	1155	1303	148
6057	HUMAN12395	Q96NB3	1	36	MASSASARTPAGKRVINQEELRRLMKEKQRLSTSRK	35	16	71	55
6058	HUMAN12395	Q96NB3	328	360	IKNKLKEILTIKELQKKEEENADSDDEGELQDL	32	688	752	64
6060	HUMAN12396	P49916	149	257	RARATTKKIEDLTELEGWEELEDNEKEQITQHIADLSSKAAGTPKKKAVVQAKLTTTGQVTSPVKGASFVTSTNPRKFSGFSAKPNNSGEAPSSPTPKRSLSSSKCDPR	108	293	500	207
6062	HUMAN12399	Q8WZ73	139	247	VISQEDRTRASTLSPDFPEQQAFLTQPHSSMVPPTSPNLPSSSAQATSVPPAQVQENQQANGHVSQDQEEPVYLESVARVPAEDETQSIDSEDSFVPGRRASLSDLTDL	108	261	459	198
6063	HUMAN12399	Q8WZ73	272	310	CCEKWELMERVTRLYKDQKGLQHLVSGAEDQNGGAVPSG	38	483	538	55
6064	HUMAN12407	Q8TC99	51	171	PLASKGNLVNFLEDDTINLLKPLPVEDSDCSSDETSISAFSSTLLNPIKLAVTQPNSSFFAGMLEGELNKLSFSPMAKNAENEDLALGPCPCPSKSQMATRGLLDLDNPELETETSSTHSE	120	53	180	127
6065	HUMAN12426	Q8NHY3	173	218	EEIEEEVRRELALPPPDPSPPAPPRRQPCHFRNLDQMVQSLVSHCT	45	193	244	51
6067	HUMAN12428	Q8WW18	1	67	MDKHGVKTPLWKKETEELRAEDAEQEEGKEGSEDEDEDNQRPLEDSATEGEEPPRVAEEGEGRERRS	66	5	107	102
6068	HUMAN12443	A6NDS4	352	533	RKQGDLPPPAKPEQGSSASRPVPASRGRKTLCKGDRQAPPGPPARFPRPIWSASPPRAPRSSTPCPGGAVREDTYPVGTQGVPSPALAQGGPQGSWRFLQWNSMPRLPTDLDVEGPWFRHYDFRQSCWVRAISQEDQLAPCWQAEHPAERVRSAFAAPSTDSDQGTPFRARDEQQCAPTSGP	181	351	554	203
6069	HUMAN12448	A0A087WXS9	353	449	KQGDLPPPAKPEQGSSASRPVPASRGGKTLCKGDRQAPPGPPARFPRPIWSASPPRAPRSSTPCPGGAVREDTYPVGTQGVPSPALAQGGPQGSWRF	96	354	451	97
6070	HUMAN12449	Q6DHY5	354	447	QGDLPPPAKPEQGSSASRPVPASRGGKTLCKGDRQAPPGPPARFPRPIWSASPPRAPRSSTPCPGGAVREDTYPVGTQGVPSPALAQGGPQGSW	93	361	455	94
6071	HUMAN12450	P0C7X1	354	449	QGDLPPPAKPEQGSSASRPVPASRGGKTLCKGDRQAPPGPPARFPRPIWSASPPRAPRSSTPCPGGAVREDTYPVGTQGVPSPALAQGGPQGSWRF	95	358	461	103
6072	HUMAN12452	Q15649	39	85	KEQCNPETRPVEKKIRSALPTKTVKPVENKDDDDSIADFLNSDEEED	46	93	250	157
6075	HUMAN12463	Q6IN84	309	353	GFPTEGERRQLLQDPQEPSARSEGLSMAQHPGLSSGPEKERQNEG	44	991	1057	66
6076	HUMAN12464	P48742	300	392	PPSSQAQTPVDLPFVPSSGPSGTPLGGLEHPLPGHHPSSEAQRFTDILAHPPGDSPSPEPSLPGPLHSMSAEVFGPSPPFSSLSVNGGASYGN	92	503	617	114
6078	HUMAN12466	Q9NY61	307	341	VDGTKPNAGSEEISSEDDELVEEKKQQRRRVPAKR	34	1138	1226	88
6079	HUMAN12466	Q9NY61	404	454	ERLLRRTQTKRSVYRVLGKPEPAAQPVPESLPGEPEILPQAPANAHLKDLD	50	1388	1510	122
6080	HUMAN12470	Q8N4C9	145	178	SSETFPTTAPSITPGNKEGEKTTSTDTDENLEKR	33	166	216	50
6081	HUMAN12470	Q8N4C9	231	265	KKGGQPPGTAESKPDSQPQKVGQDAANSSNPKKAA	34	278	325	47
6084	HUMAN12479	A0A087X1G2	352	447	RKKGDLPPPAKPEQGSSASRPVPASRGGKTLCKGDRQAPPGPPARFPRPIWSASPPRAPRSSTPCPGGAVREDTYPVGTQGVPSPALAQGGPQGSW	95	370	468	98
6085	HUMAN12480	B9A6J9	351	447	TRKQGDLQPPAKPEQGSSASRPVPASRGGKTLCKGDRQAPPGPPARFPRPIWSASPPRAPRSSTPCPGGAVREDTYPVGTQGVPSPALAQGGPQGSW	96	352	451	99
6086	HUMAN12481	A0A087WVF3	354	449	QGDLPPPAKPEQGSSASRPVPASRGGKTLCKGDRQAPPGPPARFPRPIWSASPPRAPRSSTPCPGGAVREDTYPVGTQGVPSPALAQGGPQGSWRF	95	590	738	148
6087	HUMAN12482	Q6IPX1	352	449	RKKGDLPPPAKPEQGSSASRPVPASRGGKTLCKGDRQAPPGPPARFPRPIWSASPPRAPRSSTPCPGGAVREDTYPVGTQGVPSPALAQGGPQGSWRF	97	351	449	98
6088	HUMAN12483	A0A087X179	353	449	KKGDLPPPAKPEQGSSASRPVPASRGGKTLCKGDRQAPPGPPARFPRPIWSASPPRAPRSSTPCPGGAVREDTYPVGTQGVPSPALAQGGPQGSWRF	96	352	449	97
6089	HUMAN12484	Q8IZP1	352	449	RKKGDLPPPAKPEQGSSASRPVPASRGGKTLCKGDRQAPPGPPARFPRPIWSASPPRAPRSSTPCPGGAVREDTYPVGTQGVPSPALAQGGPQGSWRF	97	386	484	98
6093	HUMAN12488	Q9P227	809	899	AEGEDPGCANQALISKKLNDYRKVSHSSGPKADSSPKGSRGLGGLKSEFLKQSAARGLRTQDLPAGSKDDSAAAPKTPWGINIIKKNKKAA	90	2024	2154	130
6096	HUMAN12496	Q6JHZ5	1	55	MRDVGGKRRRGLHPFIPSLGPVFKSNLTATVVQSGECKRLGKVGEQPLGDENPSL	54	0	55	55
6097	HUMAN12498	P35227	234	344	KRLTLATVPTPSEGTNTSGASECESVSDKAPSPATLPATSSSLPSPATPSHGSPSSHGPPATHPTSPTPPSTASGATTAANGGSLNCLQTPSSTSRGRKMTVNGAPVPPLT	110	417	629	212
6098	HUMAN12501	P78356	293	338	QEEMEVEERAEDEECENDGVGGNLLCSYGTPPDSPGNLLSFPRFFG	45	627	760	133
6100	HUMAN12511	Q5MNV8	1	37	MASRINTNFTLIPNQKLRRSNRQTSCYSKTLGSGFQP	36	11	129	118
6101	HUMAN12512	Q8IUK5	1	79	MRGELWLLVLVLREAARALSPQPGAGHDEGPGSGWAAKGTVRGWNRRARESPGHVSEPDRTQLSQDLGGGTLAMDTLPD	78	80	178	98
6102	HUMAN12512	Q8IUK5	349	426	QEAEGRMCEDFQDEDHDSASPDTSFSPYDGDLTTTSSSLFIDSLTTEDDTKLNPYAGGDGLQNNLSPKTKGTPVHLGT	77	479	592	113
6103	HUMAN12518	P84098	55	95	VTVHSRARCRKNTLARRKGRHMGIGKRKGTANARMPEKVTW	40	257	320	63
6107	HUMAN12525	Q15784	1	133	MLTRLFSEPGLLSDVPKFASWGDGEDDEPRSDKGDAPPPPPPAPGPGAPGPARAAKPVPLRGEEGTEATLAEVKEEGELGGEEEEEEEEEEGLDEAEGERPKKRGPKKRKMTKARLERSKLRRQKANARERNR	132	85	260	175
6109	HUMAN12530	O15273	132	167	EVAEITKQLPPVVPVSKPGALRRSLSRSMSQEAQRG	35	153	194	41
6110	HUMAN12541	Q9UKT9	1	117	MEDIQTNAELKSTQEQSVPAESAAVLNDYSLTKSHEMENVDSGEGPANEDEDIGDDSMKVKDEYSERDENVLKSEPMGNAEEPEIPYSYSREYNEYENIKLERHVVSFDSSRPTSGK	116	0	158	158
6111	HUMAN12541	Q9UKT9	263	430	VAKRKSSMPQKFIGEKRHCFDVNYNSSYMYEKESELIQTRMMDQAINNAISYLGAEALRPLVQTPPAPTSEMVPVISSMYPIALTRAEMSNGAPQELEKKSIHLPEKSVPSERGLSPNNSGHDSTDTDSNHEERQNHIYQQNHMVLSRARNGMPLLKEVPRSYELLKP	167	313	494	181
6112	HUMAN12546	A6NJW4	1	36	MRMTSSSFVSYCTPGLCQFMAMLPTAGHLLPLLLVI	35	52	116	64
6113	HUMAN12548	O43242	1	67	MKQEGSARRRGADKAKPPPGGGEQEPPPPPAPQDVEMKEEAATGGGSTGEADGKTAAAAAEHSQREL	66	61	287	226
6114	HUMAN12556	P10827	129	159	SKRVAKRKLIEQNRERRRKEEMIRSLQQRPE	30	201	232	31
6115	HUMAN12556	P10827	1	41	MEQKPSKVECGSDPEENSARSPDGKRKRKNGQCSLKTSMSG	40	8	82	74
6116	HUMAN12556	P10827	371	490	EREVQSSILYKGAAAEGRPGGSLGVHPEGQQLLGMHVVQGPQVRQLEQQLGEAGSLQGPVLQHQSPKSPQQRLLELLHRSGILHARAVCGEDDSSEADSPSSSEEEPEVCEDLAGNAASP	119	472	652	180
6120	HUMAN12566	P10276	1	82	MASNSSSCPTPGGGHLNGYPVPPYAFFFPPMLGGLSPPGALTTLQHQLPVSGYSTPSPATIETQSSSSEEIVPSPPSPPPLP	81	55	275	220
6121	HUMAN12566	P10276	418	462	EGLDTLSGQPGGGGRDGGGLAPPPGSCSPSLSPSSNRSSPATHSP	44	688	818	130
6122	HUMAN12569	Q8N144	219	294	RAGERDNRCNRAHEEAQKLLPPPPPPPPPPALPSRRPGPEPCAPPAYAHPAPASLRECGSGRGKASPATGRRDLAI	75	264	393	129
6123	HUMAN12570	P11388	1091	1121	KEAQQKVPDEEENEESDNEKETEKSDSVTDS	30	1827	1903	76
6125	HUMAN12571	P22692	103	168	LAEIEAIQESLQPSDKDEGDHPNNSFSPCSAHDRRCLQKHFAKIRDRSTSGGKMKVNGAPREDARP	65	246	325	79
6127	HUMAN12573	P32248	1	38	MDLGKPMKSVLVVALLVIFQVCLCQDEVTDDYIGDNTT	37	91	153	62
6128	HUMAN12574	Q969G3	111	206	EKQEYLNEYEAEKIEYNESMKAYHNSPAYLAYINAKSRAEAALEEESRQRQSRMEKGEPYMSIQPAEDPDDYDDGFSMKHTATARFQRNHRLISEI	95	157	266	109
6129	HUMAN12574	Q969G3	1	67	MSKRPSYAPPPTPAPATQMPSTPGFVGYNPYSHLAYNNYRLGGNPGTNSRVTASSGITIPKPPKPPD	66	0	110	110
6130	HUMAN12574	Q969G3	254	411	EKKRKFLESTDSFNNELKRLCGLKVEVDMEKIAAEIAQAEEQARKRQEEREKEAAEQAERSQSSIVPEEEQAANKGEEKKDDENIPMETEETHLEETTESQQNGEEGTSTPEDKESGQEGVDSMAEEGTSDSNTGSESNSATVEEPPTDPIPEDEKKE	157	314	559	245
6131	HUMAN12577	Q8N1A0	147	195	EIRYYGCIQGGKKDKKPTTSRVGFVLPSAIINEISFTTKVPQKYENENV	48	258	348	90
6132	HUMAN12579	Q2M2I5	1	111	MSCSSRASSSRAGGSSSARVSAGGSSFSSGSRCGLGGSSAQGFRGGASSCSLSGGSSGAFGGSFGGGFGSCSVGGGFGGASGSGTGFGGGSSFGGVSGFGRGSGFCGSSRF	110	7	143	136
6133	HUMAN12579	Q2M2I5	452	499	EGGGSSFAEFGGRNSGSVNMGSRDLVSGDSRSGSCSGQGRDSSKTRVT	47	506	574	68
6134	HUMAN12580	Q7Z3Z0	1	64	MSLRLSSASRRSCPRPTTGSLRLYGGGTSFGTGNSCGISGIGSGFSSAFGGSSSGGNTGGGNPC	63	1	82	81
6135	HUMAN12580	Q7Z3Z0	391	450	DGACKSGGYKSKDYGSGNVGSQVKDPAKAIVVKKVLEEVDQRSKILTTRLHSLEEKSQSN	59	414	474	60
6136	HUMAN12581	Q7Z3Y9	1	68	MSFRLSGGSRRICSRTGSGRLSGGGTGFVAGNVCVGSGARSSFSCTLEGISSGGSFCNSGGGLGSGAC	67	26	111	85
6137	HUMAN12581	Q7Z3Y9	394	468	EERKSKSTCYKSKGYRPVNSGNQAKDSTEETIVKTVVEELDQIGNLLSLRVHSVEEKSSKISNITVEQRVPSKAP	74	473	549	76
6138	HUMAN12582	Q7Z3Y8	1	69	MSVRFSSTSRRLGSCGGTGSVRLSSGGAGFGAGNTCGVPGIGSGFSCAFGGSSSAGGYGGGLGGGSASC	68	0	71	71
6139	HUMAN12582	Q7Z3Y8	394	459	GEDGSCSKSKGYGGPGNQTKDSSKTTIVKTVVEEIDPRGKVLSSRVHTVEEKSTKVNNKNEQRVSS	65	409	491	82
6140	HUMAN12583	Q7Z3Y7	1	72	MSLQFSNGSRHVCLRSGAGSVRPLNGGAGFAGSSACGGSVAGSEFSCALGGGLGSVPGGSHAGGALGNAACI	71	22	102	80
6141	HUMAN12583	Q7Z3Y7	397	464	DGNSCSKSKGFGSGSPGNSSKDLSKTTLVKTVVEELDQRGKVLSSRIHSIEEKTSKMTNGKTEQRVPF	67	432	502	70
6142	HUMAN12585	P13645	1	118	MSVRYSSSKHYSSSRSGGGGGGGGCGGGGGVSSLRISSSKGSLGGGFSSGGFSGGSFSRGSSGGGCFGGSSGGYGGLGGFGGGSFRGSYGSSSFGGSYGGIFGGGSFGGGSFGGGSFG	117	44	238	194
6144	HUMAN12586	Q8N816	1	39	MVGILPLCCSGCVPSLCCSSYVPSVAPTAAHSVRVPHSA	38	0	40	40
6145	HUMAN12587	Q99456	1	94	MDLSNNTMSLSVRTPGLSRRLSSQSVIGRPRGMSASSVGSGYGGSAFGFGASCGGGFSAASMFGSSSGFGGGSGSSMAGGLGAGYGRALGGGSF	93	0	142	142
6146	HUMAN12587	Q99456	437	472	AQGDGLEESLFVTDSKSQAQSTDSSKDPTKTRKIKT	35	514	556	42
6147	HUMAN12588	P35900	1	31	MDFSRRSFHRSLSSSLQAPVVSTVGMQRLGT	30	8	46	38
6148	HUMAN12588	P35900	378	424	DVKTTEYQLSTLEERDIKKTRKIKTVVQEVVDGKVVSSEVKEVEENI	46	405	488	83
6149	HUMAN12589	Q9C075	1	65	MNSGHSFSQTPSASFHGAGGGWGRPRSFPRAPTVHGGAGGARISLSFTTRSCPPPGGSWGSGRSS	64	46	128	82
6150	HUMAN12590	Q6A163	1	31	MDTKGCTTTNSPSTPCQNCSRITNVSTISSN	30	9	45	36
6151	HUMAN12590	Q6A163	411	455	PRATKCEPSPWTSCKSGAIESTAPACTSSSPCSLKEHCSACGPLS	44	426	480	54
6152	HUMAN12591	Q6A162	1	49	MTSDCSSTHCSPESCGTASGCAPASSCSVETACLPGTCATSRCQTPSFL	48	0	49	49
6153	HUMAN12591	Q6A162	398	431	SRLSCSPCSTTCTSSNTCEPCSAYVICTVENCCL	33	402	452	50
6154	HUMAN12595	Q9BYS1	1	160	MTCCQTSFCGYPSFSISGTCGSSCCQPSCCETSCCQPRSCQTSFCGFPSFSTSGTCSSSCCQPSCCETSCCQPSCCETSCCQPSCCQISSCGTGCGIGGGISYGQEGSSGAVSTRIRWCRPDSRVEGTYLPPCCVVSCTPPSCCQLHHAQASCCRPSYCG	159	0	183	183
6155	HUMAN12596	P0C5Y4	1	121	MASCSTSGTCGSSCCQPSCCETSCCQPSCCQTSSCGTGCGIGGGIGYGQEGSGGSVSTRIRWCHPDCHVEGTCLPPCYLVSCTPPSCCQLHHAEASCCRPSYCGQSCCRPACCCHCCEPTC	120	10	175	165
6156	HUMAN12598	Q07627	1	176	MACCQTSFCGFPSCSTSGTCGSSCCQPSCCETSSCQPRCCETSCCQPSCCQTSFCGFPSFSTGGTCDSSCCQPSCCETSCCQPSCYQTSSCGTGCGIGGGIGYGQEGSSGAVSTRIRWCRPDCRVEGTCLPPCCVVSCTPPSCCQLHHAEASCCRPSYCGQSCCRPVCCCYCSEPT	175	90	332	242
6157	HUMAN12603	P0C7H8	1	128	MTGSCCGSTLSSLSYGGGCCQPCCCRDPCCCRPVTCQTTVCRPVTCVPRCTRPICEPCRRPVCCDPCSLQEGCCRPITCCPSSCTAVVCRPCCWATTCCQPVSVQSPCCRPPCGQPTPCSTTCRTSSC	127	4	146	142
6158	HUMAN12604	Q9BYR9	1	128	MTGSCCGSTLSSLSYGGGCCQPCCCRDPCCCRPVTCQTTVCRPVTCVPRCTRPICEPCRRPVCCDPCSLQEGCCRPITCCPSSCTAVVCRPCCWATTCCQPVSVQSPCCRPPCGQPTPCSTTCRTSSC	127	0	142	142
6160	HUMAN12610	Q9BYQ6	1	193	MVNSCCGSVCSHQGCGRDLCQETCCRPSCCETTCCRTTYCRPSCCVSSCCRPQCCQSVCCQPTCCRPRCCISSCCRPSCCVSSCCKPQCCQSMCCQPTCCRPRCCISSCCRPSCCVSSCCRPQCCQSVCCQPTCCHPSCSISSCCRPSCCESSCCRPCCCLRPVCGRVSCHTTCYRPTCVISSCPRPLCCASS	192	0	249	249
6163	HUMAN12616	Q9BYR5	1	136	MVNSCCGSVCSDQGCGLENCCRPSCCQTTCCRTTCCRPSCCVSSCCRPQCCQSVCCQPTCCSPSCCQTTCCRTTCCRPSCCVSSCFRPQCCQSVYCQPTCCRPSCGQTTCCRTTCYRPSCCVSTCCRPTCSSGSCC	135	0	221	221
6167	HUMAN12620	Q9BYQ3	1	157	MTHCCSPCCQPTCCRTTCWQPTTVTTCSSTPCCQPSCCVSSCCQPCCHPTCCQNTCCRTTCCQPICVTSCCQPSCCSTPCCQPTCCGSSCGQSSSCAPVYCRRTCYHPTSVCLPGCLNQSCGSNCCQPCCRPACCETTCCRTTCFQPTCVYSCCQPS	156	0	182	182
6173	HUMAN12628	Q9BYP8	1	105	MGCCPGDCFTCCTQEQNCCEECCCQPGCCGCCGSCCGCGGSGCGGSGCGGSCCGSSCCGSGCGGCGGCGGCGGGCCGSSCCGSSCCGSGCCGPVCCQPTPICDTK	104	3	181	178
6174	HUMAN12629	O76009	366	404	KLPSNPCATTNACDKSTGPCISNPCGLRARCGPCNTFGY	38	439	503	64
6175	HUMAN12630	Q14525	366	404	KLPSNPCATTNACEKPIGSCVTNPCGPRSRCGPCNTFGY	38	412	461	49
6176	HUMAN12631	O76011	1	62	MLYAKPPPTINGIKGLQRKERLKPAHIHLQQLTCFSITCSSTMSYSCCLPSLGCRTSCSSRP	61	0	74	74
6177	HUMAN12632	Q15323	366	416	NLPSNPCATTNACSKPIGPCLSNPCTSCVPPAPCTPCAPRPRCGPCNSFVR	50	417	472	55
6178	HUMAN12633	O76014	1	65	MTSFYSTSSCPLGCTMAPGARNVFVSPIDVGCQPVAEANAASMCLLANVAHANRVRVGSTPLGRP	64	0	72	72
6179	HUMAN12633	O76014	414	449	KLPCNPCSTPASCTSCPSCGPVTGGSPSGHGASMGR	35	426	482	56
6180	HUMAN12634	O76015	1	64	MTSSYSSSSCPLGCTMAPGARNVSVSPIDIGCQPGAEANIAPMCLLANVAHANRVRVGSTPLGR	63	0	64	64
6181	HUMAN12634	O76015	413	456	CKLPCNPCSTSPSCVTAPCAPRPSCGPCTTCGPTCGASTTGSRF	43	424	474	50
6182	HUMAN12635	Q14532	1	51	MTSSCCVTNNLQASLKSCPRPASVCSSGVNCRPELCLGYVCQPMACLPSVC	50	0	52	52
6183	HUMAN12635	Q14532	405	448	CKLPCNPCSTPSCTTCVPSPCVPRTVCVPRTVGMPCSPCPQGRY	43	424	481	57
6184	HUMAN12636	Q92764	1	60	MASKCLKAGFSSGSLKSPGGASGGSTRVSAMYSSSSCKLPSLSPVARSFSACSVGLGRSS	59	0	60	60
6185	HUMAN12636	Q92764	406	455	SKLPCNPCAPDYSPSKSCLPCLPAASCGPSAARTNCSPRPICVPCPGGRF	49	409	485	76
6186	HUMAN12637	O76013	1	48	MATQTCTPTFSTGSIKGLCGTAGGISRVSSIRSVGSCRVPSLAGAAGY	47	24	77	53
6187	HUMAN12637	O76013	402	440	CKLPPQPCATACKPVIRVPSVPPVPCVPSVPCTPAPQVG	38	452	502	50
6188	HUMAN12638	P13646	413	458	DAKMIGFPSSAGSVSPRSTSVTTTSSASVTTTSNASGRRTSDVRRP	45	523	588	65
6189	HUMAN12639	P19012	1	81	MTTTFLQTSSSTFGGGSTRGGSLLAGGGGFGGGSLSGGGGSRSISASSARFVSSGSGGGYGGGMRVCGFGGGAGSVFGGGF	80	25	173	148
6190	HUMAN12641	P08727	1	60	MTSYSYRQSSATSSFGGLGGGSVRFGPGVAFRAPSIHGGSGGRGVSVSSARFVSSSSSGA	59	60	148	88
6191	HUMAN12642	P35527	1	137	MSCRQFSSSYLSRSGGGGGGGLGSGGSIRSSYSRFSSSGGGGGGGRFSSSSGYGGGSSRVCGRGGGGSFGYSYGGGSGGGFSASSLGGGFGGGSRGFGGASGGGYSSSGGFGGGFGGGSGGGFGGGYGSGFGGFGGF	136	0	235	235
6193	HUMAN12643	P02533	1	100	MTTCSRQFTSSSSMKGSCGIGGGIGGGSSRISSVLAGGSCRAPSTYGGGLSVSSSRFSSGGACGLGGGYGGGFSSSSSSFGSGFGGGYGGGLGAGLGGGF	99	52	212	160
6194	HUMAN12643	P02533	422	472	EDAHLSSSQFSSGSQSSRDVTSSSRQIRTKVMDVHDGKVVSTHEQVLRTKN	50	542	717	175
6195	HUMAN12644	P08779	1	98	MTTCSRQFTSSSSMKGSCGIGGGIGGGSSRISSVLAGGSCRAPSTYGGGLSVSSRFSSGGACGLGGGYGGGFSSSSSFGSGFGGGYGGGLGAGFGGGL	97	13	144	131
6196	HUMAN12644	P08779	424	473	EDAHLSSQQASGQSYSSREVFTSSSSSSSRQTRPILKEQSSSSFSQGQSS	49	473	530	57
6197	HUMAN12645	Q04695	1	64	MTTSIRQFTSSSSIKGSSGLGGGSSRTSCRLSGGLGAGSCRLGSAGGLGSTLGGSSYSSCYSFG	63	17	151	134
6198	HUMAN12650	P54257	1	100	MRPKRLGRCCAGSRLGPGDPAALTCAPSPSASPAPEPSAQPQARGTGQRVGSRATSGSQFLSEARTGARPASEAGAKAGARRPSAFSAIQGDVRSMPDNS	99	0	123	123
6199	HUMAN12650	P54257	219	341	SVLMEENSKLEALLGSAKEEILYLRHQVNLRDELLQLYSDSDEEDEDEEEEEEEKEAEEEQEEEEAEEDLQCAHPCDAPKLISQEALLHQHHCPQLEALQEKLRLLEEENHQLREEASQLDTL	122	258	401	143
6201	HUMAN12651	P14923	1	111	MEVMNLMEQPIKVTEWQQTYTYDSGIHSGANTCVPSVSSKGIMEEDEACGRQYTLKKTTTYTQGVPPSQGDLEYQMSTTARAKRVREAMCPGVSGEDSSLLLATQVEGQAT	110	54	214	160
6202	HUMAN12652	Q92791	380	437	DDEMELEETEPPLEPEDALSDAEFEGEGDYEEGMYADWWQEPDAKGDEAEAEPEPELA	57	505	575	70
6203	HUMAN12660	Q9NVR0	1	68	MAAAAVAAAAAAAAAASLQVLEMESMETAAAGSAGLAAEVRGSGTVDFGPGPGISAMEASGGDPGPEA	67	43	168	125
6204	HUMAN12661	P53396	425	488	PNQPPTAAHTANFLLNASGSTSTPAPSRTASFSESRADEVAPAKKAKPAMPQDSVPSPRSLQGK	63	831	1038	207
6205	HUMAN12662	Q96NG3	504	672	KEKSEGEASLYEDRIITREKDMRRVRDEPEKVVKQWDHSEDEKETDEDDEAFGEALQSPASGKQSVEAGKARSDLGAVAKGLSGELGTRSGETGRKLLEAGRRESREIYRRPSGELEQRLSGEFSRQEPEELKKLSEVGRREPEELGKTQFGEIGETKKTGNEMEKEYE	168	649	886	237
6206	HUMAN12664	P09543	1	30	MNRGFSRKSHTFLPKIFFRKMSSSGAKDKP	29	108	147	39
6207	HUMAN12673	Q92830	1	90	MAEPSQAPTPAPAAQPRPLQSPAPAPTPTPAPSPASAPIPTPTPAPAPAPAAAPAGSTGTGGPGVGSGGAGSGGDPARPGLSQQQRASQR	89	68	293	225
6209	HUMAN12675	Q9BQS6	1	49	MQRVGNTFSNESRVASRCPSVGLAERNRVATMPVRLLRDSPAAQEDNDH	48	34	94	60
6212	HUMAN12679	O43612	1	35	MNLPSTKVSWAAVTLLLLLLLLPPALLSSGAAAQP	34	42	79	37
6213	HUMAN12679	O43612	88	131	GNHAAGILTMGRRAGAEPAPRPCLGRRCSAPAAASVAPGGQSGI	43	149	197	48
6214	HUMAN12682	P51692	713	787	NASADAGGGSATYMDQAPSPAVCPQAHYNMYPQNPDSVLDTDGDFDLEDTMDVARRVEELLGRPMDSQWIPHAQS	74	1082	1307	225
6215	HUMAN12683	P42229	708	794	NASADAGGSSATYMDQAPSPAVCPQAPYNMYPQNPDHVLDQDGEFDLDETMDVARHVEELLRRPMDSLDSRLSPPAGLFTSARGSLS	86	1261	1472	211
6216	HUMAN12684	P40763	717	770	TCSNTIDLPMSPRTLDSLMQFGNNGEGAEPSAGGQFESLTFDMELTSECATSPM	53	864	1031	167
6218	HUMAN12693	Q9UH92	198	231	VSTLRKDVTALKIMKVNYEQIVKAHQDNPHEGED	33	331	366	35
6219	HUMAN12693	Q9UH92	1	138	MTEPGASPEDPWVKASPVGAHAGEGRAGRARARRGAGRRGASLLSPKSPTLSVPRGCREDSSHPACAKVEYAYSDNSLDPGLFVESTRKGSVVSRANSIGSTSASSVPNTDDEDSDYHQEAYKESYKDRRRRAHTQAE	137	51	262	211
6220	HUMAN12696	Q86VR2	1	31	MAEAEGVPTTPGPASGSTFRGRRDVSGSWER	30	75	118	43
6222	HUMAN12700	Q7Z736	25	55	GDGELSGDGDEDEDEETFELRTPSPAGGGRG	30	32	66	34
6223	HUMAN12700	Q7Z736	558	625	RLDRLLPPPAPPREDPPRPTPRPPPSAALLAGALWSPGLAKRRAERARRGGAGRTAGSIAREGGGGAG	67	661	770	109
6224	HUMAN12700	Q7Z736	751	793	SPERPCSSSSPPCQDLPDTSPPSQRPGLDEPQGQSGCLGQLQD	42	897	964	67
6225	HUMAN12702	P46092	331	362	PSGPQPRRGCPRRPRLSSCSAPTETHSLSWDN	31	454	545	91
6226	HUMAN12703	P78357	1230	1284	PMTAELAEALRVQGELSESNCGAMPRLVSEVPPELDPWYLPPDFPYYHDEGWVAI	54	1551	1630	79
6227	HUMAN12703	P78357	1311	1384	YKGSYHTNEPKAAHEYHPGSKPPLPTSGPAQVPTPTAAPNQAPASAPAPAPTPAPAPGPRDQNLPQILEESRSE	73	1656	1818	162
6228	HUMAN12704	Q92800	187	229	SDEEEEGHNDTSDGKQDDSKEDLPVTRKRKRHAIEGNKKSSKK	42	349	443	94
6230	HUMAN12704	Q92800	481	515	LPTDELMNPSQKKKRKHRLWAAHCRKIQLKKDNSS	34	838	903	65
6231	HUMAN12705	O60895	1	41	MASLRVERAGGPRLPRTRVGRPAALRLLLLLGAVLNPHEAL	40	0	110	110
6235	HUMAN12714	P61289	66	95	VPDPILLTNSHDGLDGPTYKKRRLDECEEA	29	198	252	54
6236	HUMAN12716	O75106	1	51	MHLKIVLAFLALSLITIFALAYVLLTSPGGSSQPPHCPSVSHRAQPWPHPG	50	0	134	134
6237	HUMAN12717	Q16853	1	54	MNQKTILVLLILAVITIFALVCVLLVGRGGDGGEPSQLPHCPSVSPSAQPWTHP	53	86	247	161
6238	HUMAN12723	Q96C34	136	174	HVLGYEGPGDPASDEGDGLPGDRPWLRGEDQSEQEKQER	38	344	427	83
6240	HUMAN12723	Q96C34	289	335	GSPLQTGGGHCECKAGGKTGNGCSRTGSSRTPPGNSKTKAEDVKKVR	46	560	736	176
6241	HUMAN12727	P80217	1	36	MSAPLDAALHALQEEQARLKMRLWDLQQLRKELGDS	35	10	73	63
6242	HUMAN12728	Q99536	1	44	MSDEREVAEAATGEDASSPPPKTEAASDPQHPAASEGAAAAAAS	43	59	155	96
6243	HUMAN12729	P52198	185	227	GHRQLRRTDSRRGMQRSAQLSGRPDRGNEGEIHKDRAKSCNLM	42	305	367	62
6244	HUMAN12733	Q14596	284	365	LEQVRLQKQVDKNFLKAEKQRLRAEKKQRKAEVKELKKQLKLHRKIHLWNSIHGLQSPKSPLGRPESLLQSNTLMLPLQPCT	81	594	717	123
6246	HUMAN12733	Q14596	87	147	HVVDEAPPPVVGAKRLAARAGKKPLAHYSSLVRVLGSDMKTPEDPAVQSFPLVPCDTDQPQ	60	136	351	215
6247	HUMAN12734	Q96A25	1	47	MGKTFSQLGSWREDENKSILSSKPAIGSKAVNYSSTGSSKSFCSCVP	46	8	70	62
6248	HUMAN12736	A0A1B0GVQ3	1	168	MGSAYHWEARRRQMALDRRRWLMAQQQQELQQKEQELKNHQEEEQQSEEKLQPHKKLNVPQPPVAKLWTSQEQPQPSQQQPSVQPPSQPPPQPSTLPQAQVWPGPQPPQPQPPPQPTQPSAQARCTQHTSKCNLQDSQRPGLMNPCQSSPIRNTGYSQLKSTNYIQQW	167	0	211	211
6249	HUMAN12739	Q14562	1186	1220	PTKLSKQKKQQRLEPLYNRYEEPNAWRISRAFRRR	34	3023	3102	79
6253	HUMAN12743	P50221	1	176	MDPAASSCMRSLQPPAPVWGCLRNPHSEGNGASGLPHYPPTPFSFHQKPDFLATATAAYPDFSASCLAATPHSLPQEEHIFTEQHPAFPQSPNWHFPVSDARRRPNSGPAGGSKEMGTSSLGLVDTTGGPGDDYGVLGSTANETEKKSSRRRKESSDNQENRGKPEGSSKARKERT	175	0	223	223
6254	HUMAN12743	P50221	223	254	RMKWKRVKGGQPISPNGQDPEDGDSTASPSSE	31	327	359	32
6255	HUMAN12744	Q9BQB4	171	213	TRFHNQSELKDFGTEAARPQKGRKPRPRARSAKANQAELENAY	42	261	311	50
6256	HUMAN12744	Q9BQB4	41	74	GEYPEPPPELENNKTMNRAENGGRPPHHPFETKD	33	98	161	63
6257	HUMAN12759	Q8N159	1	100	MATALMAVVLRAAAVAPRLRGRGGTGGARRLSCGARRRAARGTSPGRRLSTAWSQPQPPPEEYAGADDVSQSPVAEEPSWVPSPRPPVPHESPEPPSGRS	99	57	207	150
6259	HUMAN12766	Q8N3J3	577	647	SGDGSFLKPSQPFPKDSGSFQHDVAAKPEEGFRTAQNLEAEASPEEELPEADDLDGLLSELPEDFFCGTSS	70	629	727	98
6260	HUMAN12767	Q96NS5	1	54	MARETFPFTSSMLRSLRLQQEWLEWEDRRRAAAQQCRSRRCPSSPRARLTRPHR	53	100	174	74
6261	HUMAN12768	Q71RG4	74	169	GDTSVLHLGHVDHLVAGQGNPEPTELPHPSEGNDEKAEEAGEGRGDSTGEAGAGGGVEPSLEHLLDIQGLPKRQAGAGSSSPEAPLRSEDSTCLPP	95	88	283	195
6262	HUMAN12770	P17480	178	213	RFREDHPDLIQNAKKSDIPEKPKTPQQLWYTHEKKV	35	305	366	61
6263	HUMAN12770	P17480	366	417	PEEEQQRVLGEEKMLNINKKQATSPASKKPAQEGGKGGSEKPKRPVSAMFIF	51	537	646	109
6264	HUMAN12770	P17480	648	764	YISNKRKSMTKLRGPNPKSSRTTLQSKSESEEDDEEDEDDEDEDEEEEDDENGDSSEDGGDSSESSSEDESEDGDENEEDDEDEDDDEDDDEDEDNESEGSSSSSSSSGDSSDSDSN	116	944	1117	173
6265	HUMAN12772	P02730	161	214	HSHAGELEALGGVKPAVLTRSGDPSQPLLPQHSSLETQLFCEQGDGGTEGHSPS	53	322	531	209
6266	HUMAN12772	P02730	1	52	MEELQDDYEDMMEENLEQEEYEDPDIPESQMEEPAAHDTEATATDYHTTSHP	51	44	190	146
6267	HUMAN12772	P02730	338	371	VQRELLRRRYQSSPAKPDSSFYKGLDLNGGPDDP	33	683	734	51
6269	HUMAN12775	Q9BZJ4	1	56	MADQDPAGISPLQQMVASGTGAVVTSLFMTPLDVVKVRLQSQRPSMASELMPSSRL	55	22	257	235
6271	HUMAN12779	P08514	872	903	LPIPSPSPIHPAHHKRDRRQIFLPEPEQPSRL	31	1167	1218	51
6272	HUMAN12780	Q9UKJ3	1433	1469	FLASHPIHIIPASAIHPGPFTFHPVPHAALYPTLLAP	36	1994	2069	75
6273	HUMAN12782	Q14332	145	196	GAEQICVGQNHSEDGAPALLTTAPPPGLQPGAGGTPGGPGGGGAPPRYATLE	51	252	316	64
6274	HUMAN12782	Q14332	1	32	MRPRSALPRLLLPLLLLPAAGPAQFHGEKGIS	31	77	138	61
6275	HUMAN12783	A2RUB1	915	952	STADVVKPLQDTVNCEDKVHESINSSNPMNQRGETNKH	37	967	1018	51
6276	HUMAN12786	Q8NFT6	1	44	MSEPGKGDDCLELESSMAESRLRAPDLGVSRCLGKCQKNSPGAR	43	0	49	49
6277	HUMAN12786	Q8NFT6	96	165	KAESSGKSHRGCPSPSPSEVRVETSAMVDPKGSHPRPSRKPVDSVPLSRGKELLQKAIRNQGSISGGGSG	69	101	190	89
6278	HUMAN12787	O75078	202	235	EPGCLFAVPAQSAPPNRPRLRRKRQVRRGHPTVH	33	345	407	62
6279	HUMAN12788	P36383	104	166	HGEADKKAARSKPYAMRWKQHRALEETEEDNEEDPMMYPEMELESDKENKEQSQPKPKHDGRR	62	104	191	87
6280	HUMAN12788	P36383	298	396	QIQYTELSNAKIAYKQNKANTAQEQQYGSHEENLPADLEALQREIRMAQERLDLAVQAYSHQNNPHGPREKKAKVGSKAGSNKSTASSKSGDGKTSVWI	98	365	524	159
6281	HUMAN12791	Q15029	1	55	MDTDLYDEFGNYIGPELDSDEDDDELGRETKDLDEMDDDDDDDDVGDHDDDHPGM	54	119	359	240
6282	HUMAN12798	P14136	1	61	MERRRITSAARRSYVSSGEMMVGGLAPGRRLGPGTRLSLARMPPPLPTRVDFSLAGALNAG	60	32	144	112
6284	HUMAN12801	O75973	38	123	RGPGAGARTDGGDALSEQSGAPPPSTLVQGPQGKPGRTGKPGPPGPPGDPGPPGPVGPPGEKGEPGKPGPPGLPGAGGSGAISTAT	85	77	188	111
6286	HUMAN12805	Q8N3E9	1	55	MLCGRWRRCRRPPEEPPVAAQVAAQVAAPVALPSPPTPSDGGTKRPGLRALKKMG	54	1	114	113
6287	HUMAN12805	Q8N3E9	486	519	AARSEDGRALSDREEEEEDDEEEEEEVEAAAQRR	33	760	920	160
6289	HUMAN12808	O94992	308	359	LRLESKRLGGDDARVRELELELDRLRAENLQLLTENELHRQQERAPLSKFGD	51	342	398	56
6290	HUMAN12809	Q96MH2	145	184	QFLMNDRDPEEPNLDVPHGISHPGSSGESEAGDSDGRGRA	39	157	220	63
6291	HUMAN12809	Q96MH2	1	105	MMATPNQTACNAESPVALEEAKTSGAPGSPQTPPERHDSGGSLPLTPRMESHSEDEDLAGAVGGLGWNSRSPRTQSPGGCSAEAVLARKKHRRRPSKRKRHWRPY	104	8	116	108
6292	HUMAN12811	O95466	1012	1062	AAQEAGADTPGKGEPPAPKSPPKARRPQMDLISELKRRQQKEPLIYESDRD	50	1914	1975	61
6293	HUMAN12811	O95466	168	222	TDNGASNSEKNKPLEQSVEDLSKGPPSSVPKSRHLTIKLTPAHSRKALRNSRIVS	54	392	471	79
6296	HUMAN12816	Q99558	1	79	MAVMEMACPGAPGSAVGQQKELPKAKEKTPPLGKKQSSVYKLEAVEKSPVFCGKWEILNDVITKGTAKEGSEAGPAAIS	78	0	87	87
6297	HUMAN12816	Q99558	275	342	WKPHPLESFLGKLACVDSQKPLPDPHLSKLACVDSPKPLPGPHLEPSCLSRGAHEKFSVEEYLVHALQ	67	320	417	97
6299	HUMAN12816	Q99558	87	209	ENSQEFSPTFSERIFIAGSKQYSQSESLDQIPNNVAHATEGKMARVCWKGKRRSKARKKRKKKSSKSLAHAGVALAKPLPRTPEQESCTIPVQEDESPLGAPYVRNTPQFTKPLKEPGLGQLC	122	94	238	144
6300	HUMAN12817	Q6ZUM4	271	301	GVTTWESPFEAAEGAASPATSPASVDSHVSL	30	511	560	49
6301	HUMAN12817	Q6ZUM4	325	388	ETAWEDEAENEPEEELEMQPGLSPGSPGDPRPPTPETDYPESLTSYPEEDYSPVGSFGEPGPTS	63	584	697	113
6302	HUMAN12817	Q6ZUM4	446	494	VPAPRSIHKSSQDGDTPAQASPPEEKVPAELDEVGSWEEVSPATAAVRT	48	787	949	162
6303	HUMAN12817	Q6ZUM4	617	665	ELPPEESESSRVDFGSSERLGSWQEKEEDARPNAAAPALGPVGLESDLS	48	1111	1174	63
6306	HUMAN12821	P34998	414	444	HSIRARVARAMSIPTSPTRVSFHSIKQSTAV	30	667	745	78
6307	HUMAN12823	Q8IUH8	218	260	ARRGGGSGGHHQLQEAAAAEGAQKEDNEDIPVDFTPAMTGVVV	42	441	497	56
6308	HUMAN12823	Q8IUH8	532	626	AKMCGLGCAPSAGSRQKQEGAADAHTASTLERGTSRGAGDLDSNPGEDTTEIVTISENEATNPEDRSDSSEGWSDAHLDPNELPFIPPGASEELM	94	815	928	113
6309	HUMAN12823	Q8IUH8	642	684	PPPSELGHVHAQAQAHETGLPWAGLHKRKGLKVRKSMSTQAPL	42	958	1005	47
6310	HUMAN12826	Q8IWL8	61	128	SSSEVGLEGVGTIWPSSYSSEESSRNGAEQGRQLSIEGPFQGQNCPSHPAAALPLPMRGESQATSCQV	67	60	128	68
6311	HUMAN12831	A6NMS7	1047	1138	NSACLTNTTHCPEEASVGNPEGAFMKVLQARKNYTSTELIVEPEEPSDSSGINLSGFGSEQLDTNDESDFISTLSYILPYFSAVNLDVKSLL	91	1221	1315	94
6313	HUMAN12831	A6NMS7	1530	1643	GQQEVKASKIEWDTDQWKIENYINESTEAQSEQKEKSLELKKEVPGYGYTDKLILALIVTGILTILIILFCLIVICCHRRSLQEDEEGFSRGIFRFLPWRGCSSRRESQDGLSS	113	1846	1974	128
6314	HUMAN12831	A6NMS7	1658	1700	SATRINNHAWKLHKKSSNEDKILNRDPGDSEAPTEEEESEALP	42	1988	2038	50
6316	HUMAN12832	A6NM11	1521	1642	TGHLMKLLSGQQEVKASKIEWDTDQWKIENYINESTEAQSEQKEKSLELKKEVPGYGYTDKLILALIVTGILTILIILFCLIVICCHRRSLQEDEEGFSRGIFRFLPWRGCSSRRESQDGLS	121	2299	2425	126
6317	HUMAN12832	A6NM11	1658	1700	SATRINNHAWKLHKKSSNEDKILNRDPGDSEAPTEEEESEALP	42	2440	2495	55
6318	HUMAN12841	O14905	1	53	MRPPPALALAGLCLLALPAAAASYFGLTGREVLTPFPGLGTAAAPAQGGAHLK	52	70	251	181
6319	HUMAN12852	P12829	1	40	MAPKKPEPKKEAAKPAPAPAPAPAPAPAPAPEAPKEPAFD	39	108	154	46
6320	HUMAN12856	Q8IY85	375	441	SSNVGVQEPYSKNGINFKKHSEKGEIHDSKSKPQSLKSSTSLSKSLDKSDISSIPKLQKPAVRKHSS	66	531	681	150
6321	HUMAN12856	Q8IY85	77	146	SSDFSGEKKVGRKSLQVQQHSKRTEIIPPFLKLSKEKVTRKENSLCKLPNQYSVHKTSSPLCTSSAITRE	69	101	224	123
6324	HUMAN12865	A7MCY6	95	154	DGSLLEVEKVSLQQRLNQFQHELQKNKEQEEQLGEMIQAYEKLCVEKSDLETELREMRAL	59	137	205	68
6325	HUMAN12866	Q9UL17	1	32	MGIVEPGCGDMLTGTEPMPGSDEGRAPGADPQ	31	9	52	43
6328	HUMAN12870	Q96FV0	175	321	SDEEDEASSDEEFPELSGPFCSERGFLKELEQELSRHREHRQQTALTEHLLRMEMQPTLTDLPLLPGVPMAGDSSPSATPAQGEETVPEAVSSPQASSPTKKPCSLIPRGHQSSFWGRKGARAATAPKASVAEAPSTTKTTAKRSKK	146	237	448	211
6330	HUMAN12874	Q3SY56	327	376	DHLAKHMKTHEGAKEEAAGAASGEGKAGGAVEPPGGKGKREAEGSVAPSN	49	392	474	82
6331	HUMAN12875	Q02086	171	351	PSSHKPVPIKPAPIQKSSTTTTPVQSGANVVKLTGGGGNVTLTLPVNNLVNASDTGAPTQLLTESPPTPLSKTNKKARKKSLPASQPPVAVAEQVETVLIETTADNIIQAGNNLLIVQSPGGGQPAVVQQVQVVPPKAEQQQVVQIPQQALRVVQAASATLPTVPQKPSQNFQIQAAEPTP	180	272	482	210
6332	HUMAN12875	Q02086	1	72	MSDPQTSMAATAAVSPSDYLQPAASTTQDSQPSPLALLAATCSKIGPPAVEAAVTPPAPPQPTPRKLVPIKP	71	43	125	82
6333	HUMAN12875	Q02086	362	415	EVQTVLVQDSPPATAAATSNTTCSSPASRAPHLSGTSKKHSAAILRKERPLPKI	53	512	587	75
6334	HUMAN12878	Q9BU68	1	103	MTTEIGWWKLTFLRKKKSTPKVLYEIPDTYAQTEGDAEPPRPDAGGPNSDFNTRLEKIVDKSTKGKHVKVSNSGRFKEKKKVRATLAENPNLFDDHEEGRSSK	102	41	158	117
6335	HUMAN12882	Q9P299	1	37	MQRPEAWPRPHPGEGAAAAQAGGPAPPARAGEPSGLR	36	1	134	133
6337	HUMAN12888	P83916	73	114	TAHETDKSEGGKRKADSDSEDKGEESKPKKKKEESEKPRGFA	41	353	466	113
6338	HUMAN12889	Q9Y5W9	158	270	NCGWAQEERQSSSHLAKGDQPKSCCFLPRSGRRSSPSPPPSEEKDHLEVWAPVVDSEVPSLESPTLPPLSSPLCCDFGRPKEGTSTLQSVRRAVGGDHAVPLDPGQLETVLEK	112	187	327	140
6339	HUMAN12891	Q86WV1	214	291	SLTIPYEEDEEEEEKEETYDDIDGFDSPSCGSQCRPTILPGSVGIKEPTEEKEEEDIYEVLPDEEHDLEEDESGTRRK	77	304	501	197
6340	HUMAN12891	Q86WV1	58	96	PQGGDIGQDSSDDNHSGTLGLSLTSDAPFLSDYQDEGME	38	113	165	52
6341	HUMAN12899	P17483	214	251	RMKWKKDHKLPNTKIRSGGAAGSAGGPPGRPNGGPRAL	37	255	351	96
6343	HUMAN12906	Q96KF2	1	57	MLCAHFSDQGPAHLTTSKSAFLSNKKTSTLKHLLGETRSDGSACNSGISGGRGRKIP	56	0	60	60
6345	HUMAN12917	P05496	1	59	MQTAGALFISPALIRCCTRGLIRPVSASFLNSPVNSSKQPSYSNFPLQVARREFQTSVV	58	5	87	82
6346	HUMAN12918	Q9H832	1	77	MAESPTEEAATAGAGAAGPGASSVAGVVGVSGSGGGFGPPFLPDVWAAAAAAGGAGGPGSGLAPLPGLPPSAAAHGA	76	6	164	158
6347	HUMAN12923	P09681	1	54	MVATKTFALLLLSLFLAVGLGEKKEGHFSALPSLPVGSHAKVSSPQPRGPRYAE	53	0	60	60
6348	HUMAN12923	P09681	83	124	KKNDWKHNITQREARALELASQANRKEEEAVEPQSSPAKNPS	41	88	140	52
6349	HUMAN12924	Q9NZI8	160	192	AQGPENGRRGGFGSRGQPRQGSPVAAGAPAKQQ	32	182	231	49
6352	HUMAN12933	P08138	199	231	STPPEGSDSTAPSTQEPEAPPEQDLIASTVAGV	32	449	494	45
6353	HUMAN12933	P08138	274	333	RWNSCKQNKQGANSRPVNQTPPPEGEKLHSDSGISVDSQSLHDQQPHTQTASGQALKGDG	59	550	635	85
6355	HUMAN12949	P26006	863	897	PGDRPSSPQRRRRQLDPGGGQGPPPVTLAAAKKAK	34	1310	1388	78
6357	HUMAN12954	Q96SB3	585	663	PGEQSEVAQLIQQTLEQERWQREMMEQRYAQYGEDDEETGEYATDEDEELSPTFPGGEMAIEVFELAENEDALSPVDME	78	845	927	82
6358	HUMAN12956	Q16586	341	387	TEELRQMAASREVPRPLSTLPMFNVHTGERLPPRVDSAQVPLILDQH	46	660	737	77
6359	HUMAN12960	Q6UXU6	44	159	SCCQENELFPGPVRIFVIIFLVILSVFCICGLAKCFCRNCREPEPDSPVDCRGPLELPSIIPPERVRVSLSAPPPPYSEVILKPSLGPTPTEPPPPYSFRPEEYTGDQRGIDNPAF	115	51	187	136
6361	HUMAN12963	Q9P0M9	1	49	MASVVLALRTRTAVTSLLSPTPATALAVRYASKKSGGSSKNLGGKSSGR	48	27	129	102
6363	HUMAN12966	Q96AG4	171	264	KKREAKQRAKEAQERELRKREKAEEKERRRKEYDALKAAKREQEKKPKKEANQAPKSKSGSRPRKPPPRKHTRSWAVLKLLLLLLLFGVAGGLV	93	289	417	128
6364	HUMAN12973	Q9HA92	1	37	MALPGARARGWAAAARAAQRRRRVENAGGSPSPEPAG	36	70	245	175
6365	HUMAN12984	O43497	1545	1589	QHQEEEEARRREEKRLRRLEKKRRNLMLDDVIASGSSASAASEAQ	44	4196	4296	100
6367	HUMAN12984	O43497	1	49	MDEEEDGAGAEESGQPRSFMRLNDLSGAGGRPGPGSAEKDPGSADSEAE	48	138	352	214
6368	HUMAN12984	O43497	403	435	QRESQLMREQRVRFLSNASTLASFSEPGSCYEE	32	1103	1150	47
6371	HUMAN12987	O15438	855	946	DEDQGHLEDSWTALEGAEDKEALLIEDTLSNHTDLTDNDPVTYVVQKQFMRQLSALSSDGEGQGRPVPRRHLGPSEKVQVTEAKADGALTQE	91	2802	3048	246
6372	HUMAN12988	Q6AI12	100	242	DDDDDDDNLPQLKKESELPFVPNYLANPAFPFIYTPTAEDSAQMQNGGPSTPPASPPADGSPPLLPPGEPPLLGTFPRDHTSLALVQNGDVSAPSAILRTPESTKPGPVCQPPVSQSRSLFSSVPSKPPMSLEPQNGTYAGPA	142	236	474	238
6374	HUMAN12996	O60271	718	750	GLDTEGSKQRSASQSSLDKLDQELKEQQKELKN	32	1256	1315	59
6376	HUMAN13000	Q05BQ5	1	48	MFDGYDSCSEDTSSSSSSEESEEEVAPLPSNLPIIKNNGQVYTYPDGK	47	85	144	59
6377	HUMAN13000	Q05BQ5	562	628	SQSSRENQSASSKQKKKAKSQQYKGHKKMTTLQLKEELLDGEDYNFLQGASDQESNGSANFYIKQEP	66	811	984	173
6378	HUMAN13000	Q05BQ5	62	135	VRDAFYSKTKRFCSVSCSRSYSSNSKKASILARLQGKPPTKKAKVLQKQPLVAKLAAYAQYQATLQNQAKTKAA	73	157	254	97
6380	HUMAN13008	Q8N4N8	544	613	NVDVRPYHRGHYPIGHEAPRMLKSHIGNSEMSLQRDEFIKIPYVQSEEQKEIEEVETLPTLLGKDTTISG	69	647	758	111
6381	HUMAN13008	Q8N4N8	84	180	DSAEHPMPPPPLSPLALAPSSAIRDQRTATKWVAMIPQKNQTASGDSLDVRVPSKPCLMKQKKSPCLWEIQKLQEQREKRRRLQQEIRARRALDVNT	96	131	270	139
6382	HUMAN13009	O75674	155	196	PSEAEAETARQETAQISSNPPTSVPTAPALSSVIAPKNSTVT	41	176	222	46
6383	HUMAN13009	O75674	288	476	RNQQRILEQNKNQKEATNTTSEPSAPSQDLLDLSPSPRMPRATLGELNTMNNQLSGLNFSLPSSDVTNNLKPSLHPQMNLLALENTEIPPFAQRTSQNLTSSHAYDNFLEHSNSVFLQPVSLQTIAAAPSNQSLPPLPSNHPAMTKSDLQPPNYYEVMEFDPLAPAVTTEAIYEEIDAHQHKGAQNDGD	188	313	539	226
6385	HUMAN13014	Q6ZWJ1	109	223	KSDNIQPENLSCTSLIEASGEYGPQASTLSLFSSPPEILIPKTSSTPKTNNDILSSCEIKTGYNKTVQIPITSENSTVGLSNTDVASAWTENYGLQEKISLNPSVRFKAEKLEMA	114	400	579	179
6386	HUMAN13015	Q16534	1	84	MEKMSRPLPLNPTFIPPPYGVLRSLLENPLKLPLHHEDAFSKDKDKEKKLDDESNSPTVPQSAFLGPTLWDKTLPYDGDTFQLE	83	8	176	168
6387	HUMAN13015	Q16534	95	247	NGIPPSPSQHDHSPHPPGLQPASSAAPSVMDLSSRASAPLHPGIPSPNCMQSPIRPGQLLPANRNTPSPIDPDTIQVPVGYEPDPADLALSSIPGQEMFDPRKRKFSEEELKPQPMIKKARKVFIPDDLKDDKYWARRRKNNMAAKRSRDARR	152	190	416	226
6388	HUMAN13017	A0A1B0GVT2	21	54	YVILLLVFLISCVLYDCRGKDPSKEYAPEATLEA	33	23	57	34
6389	HUMAN13028	P52429	1	52	MEAERRPAPGSPSEGLFADGHLILWTLCSVLLPVFITFWCSLQRSRRQLHRR	51	122	273	151
6393	HUMAN13041	Q9Y3D9	133	190	RRVGEARTQHGGSHVSRKSEHLSVRPQTALEENETQKEVPQDQHLEAPADQSKGLLPP	57	169	242	73
6394	HUMAN13042	Q9NWM3	1	46	MTSLFRRSSSGSGGGGTAGARGGGGGTAAPQELNNSRPARQVRRLE	45	19	97	78
6396	HUMAN13053	P22079	1	56	MRVLLHLPALLASLILLQAAASTTRAQTTRTSAISDTVSQAKVQVNKAFLDSRTRL	55	36	162	126
6398	HUMAN13056	O95153	1710	1761	PDILLEGSGNGPFVYSTAHTTGPPPKPRRSKKAESEGPAQPCPGPPKLVPSA	51	3769	3857	88
6401	HUMAN13056	O95153	515	650	FSLLAQELQAFRLHPGPLDLLTSALDCGSLGDCPPPPCCCSIPQPCRGSGPKDLDLPPGSPGRCTPKSSEPAPATLTGVPRRTAKKAESLSNSSHSESIHNSPKSCPTPEVDTASEVEELEADSVSLLPAAPEGSR	135	1563	1810	247
6402	HUMAN13056	O95153	731	785	LADLSHSSGPELSFLSVGGGGSSSGGQSSVGRSQPRPEEEDAGDELSLSPSPEGL	54	1893	1995	102
6403	HUMAN13062	Q4G112	399	435	QCPTSPSYRGQHILANSNNSNPCSASQASQLEPLTPV	36	491	544	53
6405	HUMAN13063	Q9NYA4	1055	1094	CCAPPAEPPMDYEDDFTCLKESDGSDTEDFGSDHSEDCLS	39	2312	2379	67
6406	HUMAN13063	Q9NYA4	265	301	TRATGGSLSTGNNDTSEACDADFDSSLTACSGVESTA	36	792	867	75
6410	HUMAN13076	Q8WY54	25	124	PCGGGEPEPEPEPEPEPEPESEPEPEPELVEAEAAEASVEEPGEEAATVAATEEGDQEQDPEPEEEAAVEGEEEEEGAATAAAAPGHSAVPPPPPQLPPL	99	43	181	138
6413	HUMAN13082	Q96HE9	134	283	KTISESSSCPSCGQTCHMSGKLTNVPACVLITPGDSKAVLPPTLPQPASHFPPPPPPPPLPPPPPPLAPVLLRKPSLAKALQAGPLKKDGPMQITVKDLLTVKLKKTQSLDEKRKLIPSPKARNPLVTVSDLQHVTLKPNSKVLSTRVTN	149	181	394	213
6414	HUMAN13082	Q96HE9	1	54	MPKFKQRRRKLKAKAERLFKKKEASHFQSKLITPPPPPPSPERVGISSIDISQS	53	32	102	70
6415	HUMAN13085	Q8ND04	1	39	MAGPVSLRDLLMGASAWMGSESPGGSPTEGGGSAAGGPE	38	143	275	132
6417	HUMAN13085	Q8ND04	99	132	VGEAGGAEDPGAAAGGSVRGSGAVAEGNRTEAGS	33	352	415	63
6418	HUMAN13086	Q8N9F7	1	33	MSSTAAFYLLSTLGGYLVTSFLLLKYPTLLHQR	32	106	192	86
6419	HUMAN13088	Q8IX18	1	50	MSRFPAVAGRAPRRQEEGERSRDLQEERLSAVCIADREEKGCTSQEGGTT	49	100	238	138
6420	HUMAN13088	Q8IX18	706	779	DLSSVARREVREDARRRWTNKENVKQLKDGISKDVLKKMQRRNDDKSISDARARFLERKQQRTQDHSDTRKETG	73	1075	1158	83
6425	HUMAN13100	Q6AI08	293	411	YDGRTPIKPQQSESSASRPTLNKKKKSKVKPKKIQQGEEEEKESSGEIEAAPVTGTGRVNLHEGNTWCPSSLGVQSLPLDGSGAAEKDGVSSSFSSSSWKRVSSSESDFSDAEGGMQSK	118	716	933	217
6427	HUMAN13106	Q8NFA0	433	478	FGTAAHPMEQVEDRIGSSLSYVNTTEEKFSDNISTASEASETAGSG	45	822	920	98
6428	HUMAN13109	Q86WR6	137	236	SQPAKFLVTFCASDAPERSLLADREDSLPKLCHAWGLHSNISGMKERLSNMQTPGQGSPLPGQPRSQDHVKKDSLRELSQKPKLKRKRIKEAPETPETEP	99	171	280	109
6429	HUMAN13109	Q86WR6	1	42	MEASDGQGGEGDKPLEQVTNVSCLETSSSASPARDSLMRHAK	41	28	76	48
6430	HUMAN13112	O15297	35	93	AEEKPSPRRSLSQPLPPRPSPAALPGGEVSGKGPAVAAREARDPLPDAGASPAPSRCCR	58	99	225	126
6432	HUMAN13117	Q9H6U6	760	814	SSSSVLQSHGPSDTPQPLLDFDTDDLDLNSLRIQPVRSDPVSMPGSSRPVSDRRG	54	1269	1375	106
6433	HUMAN13119	Q13207	1	102	MREPALAASAMAYHPFHAPRPADFPMSAFLAAAQPSFFPALALPPGALAKPLPDPGLAGAAAAAAAAAAAAEAGLHVSALGPHPPAAHLRSLKSLEPEDEVE	101	4	124	120
6434	HUMAN13120	P57082	1	62	MLQDKGLSESEEAFRAPGPALGEASAANAPEPALAAPGLSGAALGSPPGPGADVVAAAAAEQ	61	24	132	108
6435	HUMAN13121	Q9H009	142	177	KFRVQGEAVGNIQENTQTPTVQEESEEEEVDETGVE	35	320	398	78
6436	HUMAN13121	Q9H009	1	74	MPGEATETVPATEQELPQSQAETGSGTASDSGESVPGIEEQDSTQTTTQKAWLVAAAEIDEEPVGKAKQSRSEK	73	44	224	180
6439	HUMAN13124	Q9H0H0	952	985	EKANGVNPDSLLRNVQSVITTSAPNKGMEEGEDN	33	1853	1925	72
6440	HUMAN13125	Q9UHV7	1475	1631	SQPNLVAPTSQSLITPPQMTNTGNANTPSATLASAASSTMTVTSGVAISTSVATANSTLTTASTSSSSSSNLNSGVSSNKLPSFPPFGSMNSNAAGSMSTQANTVQSGQLGGQQTSALQTAGISGESSSLPTQPHPDVSESTMDRDKVGIPTDGDSH	156	3939	4170	231
6441	HUMAN13125	Q9UHV7	2019	2053	PTGSPVHSPGSHYPHGGDAGKGQSTDRLLSTEPHE	34	4833	4970	137
6444	HUMAN13128	Q96IZ6	108	166	NQNHLKDWFLENKSEVPECRNNEDGPGLIMEEQHKCSSKSLEHKTQTLPVEENVTQKIS	58	576	699	123
6446	HUMAN13129	Q86UE8	306	454	ASFTEQWTDGYAFQNLIKQQERINSQREEIERQRKMLAKRKPPAMGQAPPATNEQKQRKSKTNGAENETPSSGNTELKDTAPALGAHSLLRLTLAEYHEQEEIFKLRLGHLKKEEAEIQAELERLERVRNLHIRELKRIHNEDNSQFKD	148	531	692	161
6447	HUMAN13131	Q9UBG0	1443	1479	ERGAFEGARYSRSSSSPTEATEKNILVSDMEMNEQQE	36	1984	2041	57
6449	HUMAN13134	Q9HCD6	396	436	IASDSPHASPKHVDANRELPLTQPPSAHSSITSGSCPGTPE	40	578	623	45
6450	HUMAN13142	P12821	1	61	MGAASGRRGPGLLLPLPLLLLLPPQPALALDPGLQPGNFSADEAGAQLFAQSYNSSAEQVL	60	34	272	238
6453	HUMAN13149	Q9BSH4	1	44	MSAWAAASLSRAAARCLLARGPGVRAAPPRDPRPSHPEPRGCGA	43	69	180	111
6454	HUMAN13150	Q99759	1	41	MDEQEALNSIMNDLVALQMNRRHRMPGYETMKNKDTGHSNR	40	5	51	46
6455	HUMAN13153	Q9BT23	1	35	MFQAAGAAQATPSHDAKGGGSSTVQRSKSFSLRAQ	34	20	61	41
6456	HUMAN13154	Q7RTN6	20	57	IVEGLRDLELFGEQPPGDTRRKTNDASSESIASFSKQE	37	31	75	44
6457	HUMAN13154	Q7RTN6	307	344	AEELTMSPSRSVANSGLSDSLTTSTPRPSNGDSPSHPY	37	367	422	55
6459	HUMAN13156	Q96A33	426	483	QEAAQSRREEKKRAEKERIMNEEDPEKQRRLEEAALRREQKKLEKKQMKMKQIKVKAM	57	951	1042	91
6466	HUMAN13179	Q8IWB9	643	682	DDFMSKAQTDKETSEEKPPAEGSEDPKKPPRPQEGTRSSQ	39	781	842	61
6467	HUMAN13180	P16284	627	685	KAKAKQMPVEMSRPAVPLLNSNNEKMSDPNMEANSHYGHNDDVRNHAMKPINDNKEPLN	58	870	950	80
6468	HUMAN13180	P16284	697	738	SAESHKDLGKKDTETVYSEVRKAVPDAVESRYSRTEGSLDGT	41	961	1016	55
6469	HUMAN13181	Q7Z6M3	250	313	PKYKTRKAMRNNVPRDRGDTAMEVGIYANILEKQAKEESVPEVGSRPCVSTAQDEAKHSQELQY	63	323	390	67
6470	HUMAN13182	Q9UHN1	24	64	RVDAGQPELLTERSSPKGGHVKSHAELEGNGEHPEAPGSGE	40	82	150	68
6472	HUMAN13186	Q96GE4	580	609	GPTLSKMWKQQIAQVEQLKKEACRENRSKK	29	1126	1158	32
6474	HUMAN13192	O60309	1522	1634	GHLMKLLSGQQEVKASKIEWDTDQWKTENYINESTEAQSEQKEKSLEFTKELPGYGYTKKLILALIVTGILTILIILLCLIEICCHRRSLQEDEEGFSRDSEAPTEEESEALP	112	1569	1704	135
6478	HUMAN13200	P17252	294	330	DEEGNMELRQKFEKAKLGPAGNKVISPSEDRKQPSNN	36	777	887	110
6479	HUMAN13202	Q9UF02	208	275	DMYRPHPGFYRPRLSNCSDYSGQFLHPDAWVRGRSPSDISSEASLQMNSNYPALLKCPDYDQMSSSPC	67	462	570	108
6480	HUMAN13203	Q9UBN1	216	327	KTKREFLKASSSSPYARMPSYRYRRRRSRSSSRSTEASPSRDVSPMGLKITGAIPMGELSMYTLSREPLKVTTAASYSPDQEASFLQVHDFFQQDLKEGFHVSMLNRRTTPV	111	275	424	149
6481	HUMAN13211	Q9H8H0	545	576	ILQNGFNPEEDKCNNCDQELNKKPQDETKEST	31	746	824	78
6486	HUMAN13226	Q96EG1	1	32	MGWLFLKVLLAGVSFSGFLYPLVDFCISGKTR	31	26	166	140
6487	HUMAN13227	O15403	206	279	RGPASPKIVIQENRKEAQYMLENEKTRTSIDSIDSGVELTTSPKNVPTHTNLELEPKADMQQVLVKTSPRPSEK	73	336	503	167
6488	HUMAN13227	O15403	475	523	KMGLCQHHHSGETKVVSHRGKTLQDIPEDFLEMDLAKNEHRVHVQMEPV	48	726	814	88
6489	HUMAN13228	Q5MNZ9	362	410	SGTTEENKENDLRPSLPQSYAATVARPSASSASTVPGYSEDGGALRGEV	48	954	1043	89
6490	HUMAN13230	P10644	62	94	AKQIQNLQKAGTRTDSREDEISPPPPNPVVKGR	32	155	224	69
6491	HUMAN13233	Q96MK3	30	93	QVQRQLRPRERPRGCPCTGRASSLARDSAAAASDPGTIVHNFSRTEPRTEPAGGSHSGSSSKLQ	63	45	138	93
6492	HUMAN13236	Q8IUA7	796	832	TIDESDIGIWGQLQTDGAKDIGSLVELEQVLSSFHET	36	902	981	79
6493	HUMAN13237	Q8N139	792	827	STIEQDFEQVEMIRDSESLNEMELAHSSFSEMQTAV	35	1182	1279	97
6494	HUMAN13240	Q8WWZ4	704	741	KSAIDEPDFDIGKQEKIHVTRNTGDESEMEQVLCSLPE	37	901	1007	106
6495	HUMAN13241	Q8WWZ7	793	830	EIDQADYSVFTQQPLEEEMDSKSFDEMEQSLLILSETK	37	1032	1086	54
6496	HUMAN13242	P52564	1	32	MSQSKGKKRNPGLKIPKEAFEQPQTSSTPPRD	31	58	245	187
6497	HUMAN13244	P63252	1	41	MGSVRTNRYSIVSSEEDGMKLATMAVANGFGNGKSKVHTRQ	40	40	257	217
6498	HUMAN13244	P63252	366	427	YILSNANSFCYENEVALTSKEEDDSENGVPESTSTDTPPDIDLHNQASVPLEPRPLRRESEI	61	707	840	133
6499	HUMAN13245	P48436	450	509	SYYSHAAGQGTGLYSTFTYMNPAQRPMYTPIADTSGVPSIPQTHSPQHWEQPVYTQLTRP	59	745	824	79
6500	HUMAN13252	P30874	1	36	MDMADEPLNGSHTWLSIPFDLNGSVVSTNTSNQTEP	35	48	112	64
6501	HUMAN13252	P30874	333	369	SGTDDGERSDSKQDKSRLNETTETQRTLLNGDLQTSI	36	490	639	149
6502	HUMAN13253	Q8WTW3	918	980	MTSTRKAKSTRNIETKAQVVPPARSTAGDPTVPGSLFRQLVSEEDNTSAPSLFKLGWLSSMTK	62	1764	2010	246
6504	HUMAN13258	Q9H3Q1	1	35	MPILKQLVSSSVHSKRRSRADLTAEMISAPLGDFR	34	0	35	35
6505	HUMAN13258	Q9H3Q1	227	356	KEEWDPEEGEGGYHGDEGAAGTITQAPPYAVAAPPLARQEGKAGPDLPSLPSHALEDEGWAAAAPSPGSARSMGSHTTRDSSSLSSCTSGILEERSPAFRGPDRARAAVSRQPDKEFSFMDEEEEDEIRV	129	257	439	182
6506	HUMAN13258	Q9H3Q1	43	199	AGDAFGDTSFLNSKAGEPDGESLDEQPSSSSSKRSLLSRKFRGSKRSQSVTRGEREQRDMLGSLRDSALFVKNAMSLPQLNEKEAAEKGTSKLPKSLSSSPVKKANDGEGGDEEAGTEEAVPRRNGAAGPHSPDPLLDEQAFGDLTDLPVVPKATYG	156	42	230	188
6511	HUMAN13265	A6NE02	1	40	MPRRGYSKPGSWGSFWAMLTLVGLVTHAAQRADVGGEAAG	39	8	121	113
6512	HUMAN13267	Q7Z601	1	140	MSIMMLPMEQKIQWVPTSLQDITAVLGTEAYTEEDKSMVSHAQKSQHSCLSHSRWLRSPQVTGGSWDLRIRPSKDSSSFRQAQCLRKDPGANNHLESQGVRGTAGDADRELRGPSEKATAGQPRVTLLPTPHVSGLSQEF	139	0	153	153
6513	HUMAN13271	Q9UGN4	128	251	STSMTPASITAAKTSTITTAFPPVSSTTLFAVGATHSASIQEETEEVVNSQLPLLLSLLALLLLLLVGASLLAWRMFQKWIKAGDHSELSQNPKQAATQSELHYANLELLMWPLQEKPAPPREV	123	263	412	149
6514	HUMAN13273	Q08708	136	224	TTTASSPQSSMGTSGPPTKLPVHTWPSVTRKDSPEPSPHPGSLFSNVRFLLLVLLELPLLLSMLGAVLWVNRPQRSSRSRQNWPKGENQ	88	207	305	98
6515	HUMAN13274	Q6UXZ3	129	194	QTAVSEWTTTTASLAFTAAATQKTSSPLTRSPLKSTHFLFLFLLELPLLLSMLGTVLWVNRPQRRS	65	150	274	124
6516	HUMAN13275	Q496F6	132	205	TTPRRTTHPATPPIFLVVNPGRNLSTGEVLTQNSGFRLSSPHFLLVVLLKLPLLLSMLGAVFWVNRPQWAPPGR	73	189	285	96
6517	HUMAN13282	O14745	113	148	AQEAPGQAEPPAAAEVQGAGNENEPREADKSHPEQR	35	144	333	189
6518	HUMAN13282	O14745	250	358	HLNGPLPVPFTNGEIQKENSREALAEAALESPRPALVRSASSDTSEELNSQDSPPKQDSTAPSSTSSSDPILDFNISLAMAKERAHQKRSSKRAPQMDWSKKNELFSNL	108	438	615	177
6521	HUMAN13295	Q7RTS6	1	34	MSEELAQGPKESPPAPRAGPREVWKKGGRLLSVL	33	280	423	143
6522	HUMAN13295	Q7RTS6	430	479	PGAEPHSTHPKEPCQDLTFTNLDALHTLSACPPNPGLVSPSPSDQREAVA	49	1149	1276	127
6523	HUMAN13298	Q7RTS5	1	80	MGRGARAAAAQSRWGRASRASVSPGRTIRSAPAVGEAQETEAAPEKENRVDVGAEERAAATRPRQKSWLVRHFSLLLRRD	79	0	235	235
6524	HUMAN13298	Q7RTS5	480	519	TVPEGLAGKQEAEPPRRGSLLELGQGLQRASLAYIHSYSH	39	936	1011	75
6527	HUMAN13302	Q14197	167	206	EPTKEDVKLHRIRIENMNRERLRQKRIHSAVKTSRRVDMD	39	321	398	77
6528	HUMAN13304	Q14681	1	69	MAELQLDPAMAGLGGGGGSGVGDGGGPVRGPPSPRPAGPTPRGHGRPAAAVAQPLEPGPGPPERAGGGG	68	45	195	150
6529	HUMAN13308	O15375	422	505	KEQGKQAVAADALERDLFLEAKDGPGKQRSPEIMCQSSRQPRPAGVNKHLWGCPASSRTSHEWLLWPKAVLQAKQTALGWNSPT	83	746	935	189
6530	HUMAN13322	Q9NZ52	146	182	SDPPIPVDRTLIPSPPPRPKNPVFDDEEKSKLLAKLL	36	363	410	47
6533	HUMAN13338	Q7Z6J9	175	292	SVLSPYERQLNLDASVQHLEDGDGKRKRSSSSPRSINKKAKALDNSLQPKSLAASSPPPCSQPSQCPEEKPQESSPMKGPGGPFQLLGSLGPSPGPAREGVGCSWESGRAENGVTGAG	117	293	514	221
6534	HUMAN13341	Q6P1M3	635	708	ALEGPLSRVKSLKKSLRQSFRRMRRSRVSSRKRHPAGPPGEAQEGSAKAERPGLQNMELAPVQRKIEARSAEDS	73	1232	1405	173
6536	HUMAN13349	O94762	474	539	GRKGYGDFSRYDEGSGGSGDEGRDEAHKREWNLFYQKQMQLRKGKDPKIEEFVPPDENCPLKEASS	65	563	677	114
6538	HUMAN13353	P0DI80	25	62	LAVIILFITAVLLLILFAIVFGLLTSTENTQCEAGEEE	37	25	63	38
6539	HUMAN13356	P16144	1405	1436	GRSSDAEAPHGPPDDGGAGGKGGSLPRSATPG	31	1844	1886	42
6541	HUMAN13362	Q9C0B0	1	30	MSKGPGPGGSAASSAPPAATAQVLQAQPEK	29	222	369	147
6544	HUMAN13370	Q96LD4	387	416	PGGNEDGPQKLDSEADAEPQDLESTNLLES	29	472	511	39
6545	HUMAN13370	Q96LD4	83	114	SGPGSGPGPAPALAPEPSAPSALPSVPEPSAP	31	102	157	55
6546	HUMAN13387	Q9UHB9	1	55	MAAEKQVPGGGGGGGSGGGGGSGGGGSGGGRGAGGEENKENERPSAGSKANKEFG	54	76	288	212
6547	HUMAN13388	Q401N2	322	412	NLGAKSGPSPAPRGEQREHGNPGPHPAEEPSRGVKGSQRSWPETADRIFFLVYVVGVLCTQFVFAGIWMWAACKSDAAPGEAAPHGRRPRL	90	363	490	127
6548	HUMAN13391	O43603	312	379	GRAPGRASGRVCAAARGTHSGSVLERESSDLLHMSEAAGALRPCPGASQPCILEPCPGPSWQGPKAGD	67	341	438	97
6550	HUMAN13395	Q92949	1	117	MAESWLRLSGAGPAEEAGPEGGLEEPDALDDSLTSLQWLQEFSILNAKAPALPPGGTDPHGYHQVPGSAAPGSPLAADPACLGQPHTPGKPTSSCTSRSAPPGLQAPPPDDVDYATN	116	56	213	157
6551	HUMAN13395	Q92949	208	308	GAFKKRRLPPVHIHPAFARQAAQEPSAVPRAGPLTVNTEAQQLLREFEEATGEAGWGAGEGRLGHKRKQPLPKRVAKVPRPPSTLLPTPEEQGELEPLKGN	100	303	452	149
6553	HUMAN13397	Q8IYN6	1	164	MSVNMDELRHQVMINQFVLAAGCAADQAKQLLQAAHWQFETALSTFFQETNIPNSHHHHQMMCTPSNTPATPPNFPDALAMFSKLRASEGLQSSNSPMTAAACSPPANFSPFWASSPPSHQAPWIPPSSPTTFHHLHRPQPTWPPGAQQGGAQQKAMAAMDGQR	163	52	268	216
6554	HUMAN13404	Q9C0C9	1155	1249	AQALPNGVPKASSSPEPPAVAELSDSGQQEPEDGGPAPGEASQGSDSEGGAQGLASASRDHTDQTSETAPDASVPPSVKPKKRRKSYRSFLPEKS	94	2743	2956	213
6555	HUMAN13404	Q9C0C9	1	55	MADPAAPTPAAPAPAQAPAPAPEAVPAPAAAPVPAPAPASDSASGPSSDSGPEAG	54	182	302	120
6559	HUMAN13411	Q00LT1	20	54	ANRVQPEPSDVDGAARGSSLDADPQSSGREKEPLK	34	19	59	40
6563	HUMAN13432	Q92503	184	236	PSITTSSETSSSSSKKQAASMAVVIPEAALKEGLSGDALSSPSAPEPVVGTPD	52	387	527	140
6564	HUMAN13432	Q92503	686	715	SLESSHSGFSQLSAATTSSSQSHSSSMISR	29	1198	1262	64
6565	HUMAN13443	Q7Z403	1	149	MAQPLAFILDVPETPGDQGQGPSPYDESEVHDSFQQLIQEQSQCTAQEGLELQQREREVTGSSQQTLWRPEGTQSTATLRILASMPSRTIGRSRGAIISQYYNRTVQLRCRSSRPLLGNFVRSAWPSLRLYDLELDPTALEEEEKQSLL	148	5	254	249
6566	HUMAN13445	Q8IU68	652	726	EPGPSDSPGPKYPASQASRPQSFCPGCPCPGSPGHQAPRPGPSVVDAAGLRSPCPGQHGAPASARRFRFPSGAEL	74	1164	1268	104
6569	HUMAN13473	Q8WVQ1	1	75	MPVQLSEHPEWNESMHSLRISVGGLPVLASMTKAADPRFRPRWKVILTFFVGAAILWLLCSHRPAPGRPPTHNAH	74	33	269	236
6570	HUMAN13475	Q9BXJ1	1	140	MGSRGQGLLLAYCLLLAFASGLVLSRVPHVQGEQQEWEGTEELPSPPDHAERAEEQHEKYRPSQDQGLPASRCLRCCDPGTSMYPATAVPQINITILKGEKGDRGDRGLQGKYGKTGSAGARGHTGPKGQKGSMGAPGER	139	129	314	185
6571	HUMAN13476	Q8NFI3	1	57	MEAAAVTVTRSATRRRRRQLQGLAAPEAGTQEEQEDQEPRPRRRRPGRSIKDEEEET	56	55	173	118
6575	HUMAN13487	Q8TBP0	1	31	MSLGRLLRRASSKASDLLTLTPGGSGSGSPS	30	32	68	36
6576	HUMAN13487	Q8TBP0	712	767	SGMWDSGSMPAVECTGHHPGSESCPYGGTVEMPSPKSLREGKKGPKTPQDGFGFRR	55	1009	1084	75
6580	HUMAN13494	Q9BXL6	214	286	LAASRCRSLQEELYLLKQELQRANMVSSCELELQEQSLRTASDQESGDEELNRLKEENEKLRSLTFSLAEKDI	72	271	401	130
6582	HUMAN13494	Q9BXL6	756	803	CTVTRKPSSGGPQKLVRIVSMDKAKASPLRLSFDRGQLDPSRMEGSST	47	1275	1453	178
6584	HUMAN13499	A0A0A0MTC1	3525	3574	GLEHRAEDGHEEAMETEASTSGEVAEVAEEAMETESSEKVGKETSELGGS	49	4490	4594	104
6585	HUMAN13501	Q8N8Q3	249	282	KSLGLPGPPTPRSPKAQRPVACPKGDSGESSALC	33	902	1049	147
6586	HUMAN13510	Q15818	88	223	RCESQSTLDPGAGEARAGGGRKQPGSGKNTMGDLSRTPAAETLSQLGQTLQSLKTRLENLEQYSRLNSSSQTNSLKDLLQSKIDELERQVLSRVNTLEEGKGGPRNDTEERVKIETALTSLHQRISELEKGQKDNR	135	116	297	181
6588	HUMAN13513	Q96FZ7	167	201	QIELPEVPSEPLPEKIPENVPVKARPRQAELVAAS	34	404	654	250
6589	HUMAN13519	Q6ZMQ8	1253	1329	GEPFPGAKESPPTFLRGSPGSPSAPNRPQQADGSPNGSTAEEGGGFAWDDDFPLMTAKAAFAMALDPAAPAPAAPTP	76	2210	2344	134
6594	HUMAN13544	Q5BKU9	1	87	MLLRRVVEGGRAVAAAVRGSGARRFSSPDCCQRLPGGGSFLQRHHPGAQAPDGRRKFGTDHVEVGSQAGADGTRPPKASLPPELQPP	86	3	185	182
6595	HUMAN13572	Q9NRC8	350	400	GEEGSHSRKSLCRSREEAPPGDRGAPLSSAPILGGWFGRGCTKRTKRKKVT	50	703	901	198
6596	HUMAN13576	Q6P988	1	47	MGRGVRVLLLLSLLHCAGGSEGRKTWRRRGQQPPPPPRTEAAPAAGQ	46	219	307	88
6598	HUMAN13589	Q9Y644	1	52	MSRARGALCRACLALAAALAALLLLPLPLPRAPAPARTPAPAPRAPPSRPAA	51	9	178	169
6600	HUMAN13605	O15427	411	465	RKKPKEPQPEVAAAEEEKLHKPPADSGVDLREVEHFLKAEPEKNGEVVHTPETSV	54	926	1044	118
6601	HUMAN13616	Q8NA77	55	119	EEDNWDPELMEHTEAESEQEGSSGMELSWGQSPGQPVQGGSEAWGPGTLAAAPEGLEDAGLDPHF	64	54	121	67
6602	HUMAN13617	Q9UKP6	1	44	MALTPESPSSFPGLAATGSSVPEPPGGPNATLNSSWASPTEPSS	43	45	97	52
6603	HUMAN13617	Q9UKP6	331	389	RGPGSGGGRGPVPSLQPRARFQRCSGRSLSSCSPQPTDSLVLAPAAPARPAPEGPRAPA	58	390	495	105
6604	HUMAN13618	Q6PK18	1	34	MAPQRRAATKAPEGNGAAERRNRSSTKKDRAPRE	33	56	123	67
6605	HUMAN13634	Q01167	162	257	REKQEASESPVKAVQPHISPLTINIPDTMAHLISPLPSPTGTISAANSCPSSPRGAGSSGYKVGRVMPSDLNLMADNSQPENEKEASGGDSPKDDS	95	261	364	103
6606	HUMAN13634	Q01167	1	32	MAAAAAALSGAGTPPAGGGAGGGGAGGGGSPP	31	41	80	39
6607	HUMAN13637	Q12829	228	278	ANGLNARMMHGGSYSLTTSSTHKRSSLRKVKLVRPPQSPPKNCTRNSCKIS	50	330	407	77
6609	HUMAN13649	Q641Q3	1	43	MRGAARAAWGRAGQPWPRPPAPGPPPPPLPLLLLLLAGLLGGA	42	12	112	100
6610	HUMAN13652	Q96FV9	191	227	TNEQESTLGQKHTEDREEGMDVEEGEMGDEEAPTTCS	36	409	486	77
6611	HUMAN13652	Q96FV9	532	571	ELPPPSEEIKTGEDEDEEDNDALLKENESPDVRRDKPVTG	39	979	1125	146
6613	HUMAN13662	P18509	28	71	AAGLRFPGIRPEEEAYGEDGNPLPDFDGSEPPGAGSPASAPRAA	43	108	154	46
6614	HUMAN13663	Q8N3J2	47	77	SLQMDSVSSSGVCAAFIASDSSTKPENDDGG	30	90	130	40
6615	HUMAN13663	Q8N3J2	98	145	PYITPAVHKECQQSNEKEDLMNGVKKEISISIIGKKRKRCVVFNQGEL	47	150	216	66
6617	HUMAN13669	A6NHR9	1960	2005	GMTPIRKCNDSLRHSPKVETTDCPVPPKRMRREATRQNRIITKTDV	45	2192	2324	132
6618	HUMAN13671	Q9BXX0	511	566	NTGAELSPPGAAALPGVSGSGDERVMMELNHLKDKVQVVEDICLLNIQGKPHGMEG	55	708	772	64
6624	HUMAN13678	Q15583	229	381	KDGKDPNQFTISRRGAKISETSSVESVMGIKNFMPALEETPFHSCTAGPNPTLGRPLSPKPSSPGSVLARPSVICHTTVTALKDVPFSLCQSVGVGQNTDIQQIAAKNFTDTSLMYPEDTCKSGPSTNTQSGLFNTPPPTPPDLNQDFSGFQL	152	332	546	214
6626	HUMAN13679	O14490	903	962	DPLDKKERRAPPPVPKKPAKGPAPLIRERSLESSQRQEARKRLMAAKRAASVRQNSATES	59	1197	1287	90
6627	HUMAN13681	O43829	116	272	GIRFLDKLCSQKRDVSSPDENNGQSKSKYCLKINRPIGDAADTQDDDVEEIGDQDDSPSDDTVEGTPPSQEDGKSPTTTLRVQEAILKELGSEEVRKVNCYGQEVESMETPESKDLGSQTPQALTFNDGMSEVKDEQTPGWTTAASDMKFEYLLYGH	156	239	415	176
6628	HUMAN13682	Q9Y2J2	1	102	MTTESGSDSESKPDQEAEPQEAAGAQGRAGAPVPEPPKEEQQQALEQFAAAAAHSTPVRREVTDKEQEFAARAAKQLEYQQLEDDKLSQKSSSSKLSRSPLK	101	153	288	135
6630	HUMAN13688	A6NKL6	1	37	MIATGGLLRISARKQDPLRPPSQIPKRKRKAKKRRKN	36	0	37	37
6632	HUMAN13688	A6NKL6	79	147	TGTNREGGKQLPPAGSSHRVPTTANSSSSGSKNRSRSHPRAPGGVNSSSAGAPRSTPPARAASPSSSST	68	78	177	99
6633	HUMAN13689	Q8NA19	1	47	MKQPNRKRKLNMDSKERLDQDGRLEQAEEEKKPKDSTTPLSHVPSAA	46	269	365	96
6635	HUMAN13694	P28827	720	794	ATKGAATPKPVPEPEKQTDHTVKIAGVIAGILLFVIIFLGVVLVMKKRKLAKKRKETMSSTRQEMTVMVNSMDKS	74	759	872	113
6636	HUMAN13695	Q6IQ22	1	37	MDPGAALQRRAGGGGGLGAGSPALSGGQGRRRKQPPR	36	143	198	55
6642	HUMAN13713	Q8J025	1	34	MSWPRRLLLRYLFPALLLHGLGEGSALLHPDSRS	33	14	72	58
6643	HUMAN13716	Q99747	277	310	GGGIKKKSPATPQAKPDGVTATAADEEEDEYSGG	33	499	722	223
6644	HUMAN13719	Q9H5I5	148	198	VTDEAAQSNPEFENEELAEGEKIDSEEALIYEEDFNGGDGVEGELEESTKL	50	290	498	208
6645	HUMAN13719	Q9H5I5	360	490	LVQDEGTKEEDKALACSPIQITAGRRRSLWYATHYPTDERKLLSMTQDDYKPSDGLLVTVNGNPVDYHTIHPSLPMENGPGKADLYSTPQYRWEPSDESSEKREEEEEEKEEFEEERSREEKRSIKVHAMV	130	785	983	198
6646	HUMAN13719	Q9H5I5	608	682	QEKEALLSEVKIGSQENEEKDEELQDIQVEGEPKEEEEEEAKEEKQERKKVEQEEAEEEDEQDIMKVLGNLVVAM	74	1352	1502	150
6647	HUMAN13727	Q53F39	1	65	MAMIELGFGRQNFHPLKRKSSLLLKLIAVVFAVLLFCEFLIYYLAIFQCNWPEVKTTASDGEQTT	64	27	200	173
6650	HUMAN13742	Q9Y4W6	763	797	TGSLDEDTSLPEGLKDWNKEREKEKEEPPGEKVAN	34	2244	2365	121
6651	HUMAN13747	Q08AE8	1	36	MAQAAGPAGGGEPRTEAVGGEGPREPGAAGGAAGGS	35	0	76	76
6653	HUMAN13747	Q08AE8	647	687	QRGESSMRSEKPSTAHHRPLRSIARFSSKSKSMDKSDEELQ	40	1270	1427	157
6654	HUMAN13747	Q08AE8	718	756	RSLVLANKRARLKRKTQSFYMSSPGPSEYCPSERTISEI	38	1473	1522	49
6655	HUMAN13753	P17706	291	380	ELSKEDLSPAFDHSPNKIMTEKYNGNRIGLEEEKLTGDRCTGLSSKMQDTMEENSESALRKRIREDRKATTAQKVQQMKQRLNENERKRK	89	519	642	123
6657	HUMAN13755	Q8TEP8	2070	2125	REFLQPSSKASLESTSDLGASGKHGGNVSLDVLPVKGPQGSPLLSRAARPPLDQLA	55	3204	3274	70
6658	HUMAN13758	Q96ND0	63	118	CVAKERRPLDAHPPQPGVLRHKQGKQHVSFRRVFSSSATAQGTPEKKEEPDPLQDK	55	109	175	66
6660	HUMAN13761	P33032	1	32	MNSSFHLHFLDLNLNATEGNLSGPNVKNKSSP	31	50	83	33
6661	HUMAN13765	Q8TB69	51	179	QGILPEQGIQDSFKKATLGRYGSCGLENICLWKNWESIGEGEGQKECYNLCSQYLTTSHNKHLTVKGDKEYRIFQKKPQFLSAAPTEPCIPMNKYQHKFLKSVFCNKNQINFNHDSNISKHHSTHFLEN	128	53	184	131
6662	HUMAN13766	B2RU33	361	524	KEKQMLKISSENSNPEQDLKLTSEEESQRLKVSENSQPEKMSQEPEINKDCDREVEEEIKKHGSNPVGLPENLTNGASAGNGDDGLIPQRRSRKPENQQFPDTENEEYHSDEQNDTRKQLSEEQNTGISQDEILTNKQKQIEVAEKKMNSELSLSHKKEEDLLR	163	413	598	185
6663	HUMAN13766	B2RU33	37	126	GSGKSNMGTSGDHDDSFMKMLRSKMGKCCHHCFPCCRGSGTSNVGTSGDHDNSFMKTLRSKMGKWCCHCFPCCRGSGKSNVGAWGDYDDS	89	47	137	90
6665	HUMAN13769	Q13464	1318	1354	KNPPSGFVRASPRTLSTRSTANQSFRKVVKNTSGKTS	36	1771	1898	127
6668	HUMAN13770	Q9C091	49	102	FSSADVKPKVEDLDKDLVNRYTQNGSLDFSNNLTVNEMEDDEDDEEMSDSNSPP	53	73	143	70
6670	HUMAN13774	P62314	84	119	EPKVKSKKREAVAGRGRGRGRGRGRGRGRGRGGPRR	35	253	404	151
6673	HUMAN13781	Q96RT6	445	642	DLRKENAHNRQKLTEIEFKIKLLEKDPYGLDVPNTAFGRQHSPYGPSPLGWPSSETRASLYPPTLLEGPLRLSPLLPRGGGRGSRGPGNPPDHQITKERGESSCDRLTDPHRAPSDAGPLAPPWEQDYRMMFPPPGQSYPDSALPPQRQDRFYSNCARLSGPAELRSFNMPSLDKMDGSMPSEMESSRNDTKDNLGNL	197	557	791	234
6674	HUMAN13781	Q96RT6	712	745	PPRAPFAMRNVYLPRGFLPYRPPRPAFFPPAPTF	33	871	965	94
6676	HUMAN13784	Q8TDN4	410	443	GARRNTIDSTSSFSQFRNLSHRSLSIGRASGTQG	33	576	631	55
6679	HUMAN13805	Q9BXW6	340	387	CSQDQLTDEEEEDTVSAADLKKSLEKAQSCQQRLDREISNFLKMIKEC	47	488	571	83
6680	HUMAN13805	Q9BXW6	429	539	RNFKLEQEQEKNKILSEALETLATEHHELEQSLVKGSPPASILSEDEFYDALSDSESERSLSRLEAVTARSFEEEGEHLGSRKHRMSEEKDCGGGDALSNGIKKHRTSLPS	110	616	781	165
6681	HUMAN13807	Q9P2X3	119	167	MTEPGPDVKKKTEEEDVECEDDLILACQPESSLKALDFDISETRTEVEV	48	240	356	116
6682	HUMAN13809	Q9H3N8	207	291	LSRCQSHPGLTAVSSNICGHSFRGRLSSRRSLSASTEVPASFHSERQRRKSSLMFSSRTKMNSNTIASKMGSFSQSDSVALHQRE	84	239	329	90
6685	HUMAN13822	Q7L1S5	1	166	MQPSEMVMNPKQVFLSVLIFGVAGLLLFMYLQVWIEEQHTGRVEKRREQKVTSGWGPVKYLRPVPRIMSTEKIQEHITNQNPKFHMPEDVREKKENLLLNSERSTRLLTKTSHSQGGDQALSKSTGSPTEKLIEKRQGAKTVFNKFSNMNWPVDIHPLNKSLVKDN	165	17	205	188
6686	HUMAN13827	Q02413	772	805	DPSWPPQSTEPVCLPQETEPVVSGHPPISPHFGT	33	990	1027	37
6687	HUMAN13829	P32926	865	914	GEGKEVQPPSKDSGYGIESCGHPIEVQQTGFVKCQTLSGSQGASALSTSG	49	1052	1191	139
6688	HUMAN13830	Q14126	1056	1118	TLQSSYQIPTENSMTARNTTVSGAGVPGPLPDFGLEESGHSNSTITTSSTRVTKHSTVQHSYS	62	1384	1484	100
6689	HUMAN13830	Q14126	848	900	NKEIEQRQKPATETSMNTASHSLCEQTMVNSENTYSSGSSFPVPKSLQEANAE	52	1041	1108	67
6690	HUMAN13834	Q9Y2L5	255	331	QNQESYEDGPCTITSNKNSDNNLLSLDGLDNEVKDGLPNNFRAHPLQLEQSSDPSNSIDGPDHLRSASSLHETKKGN	76	739	928	189
6691	HUMAN13837	Q8WVD3	104	153	SCKKYQDEYGVSSIIPNFQISQDSVGNSNRSETSTSDNTETYQENTSSSG	49	120	175	55
6693	HUMAN13841	Q9P2G3	69	118	GGGVGGQDGLGAPKDQQQPPQQQPSQQQQPPPQEEPGTPSSSPDDKLLTS	49	125	192	67
6694	HUMAN13848	O94818	121	150	PNGEQIRKHAGQKRTYKAISESYAFLPREA	29	126	156	30
6697	HUMAN13853	Q15555	173	240	RQGQDAIPPPDPGEQIFNLPKKSHHANSPTAGAAKSSPAAKPGSTPSRPSSAKRASSSGSASKSDKDL	67	357	574	217
6698	HUMAN13857	Q86W11	131	295	EEPRQQDTTHGQEMFWQEMTSTGALKSLSLNSPVQPLENQCKTETQESQAFQERDGRMVAGKVLMAKQEIVECVASAAMISPGKLPGETHSQRIAEEALGGLDNSKKQKGNAAGNKISQLPSQDRHFSLATFNRRIPTEHSVLESHESEGSFSMNSNDITQQSVD	164	131	367	236
6699	HUMAN13861	Q96N95	135	247	DGPKQIFFGRRKDMIAEKLAPSEITEELPSSQLMPVKKQLQGASWELQSLRPHDEDIKTTNVKSASRQKTSLGIELHCNVSNILHMNGSQSSTYRGTYEQDGRFEKRQGNPSW	112	135	264	129
6700	HUMAN13861	Q96N95	1	46	MSAKLGKSSSLLTQTSEECNGILTEKMEEEEQTCDPDSSLHWSSSY	45	0	46	46
6701	HUMAN13867	Q10472	1	62	MRKFAYCKVVLATSLIWVLLDMFLLLYFSECNKCDEKKERGLPAGDVLEPVQKPHEGPGEMG	61	22	205	183
6702	HUMAN13868	Q32NC0	115	186	GKSRSFVSTLKSNPATPTSKLSLKTPERRTANPNHDMSGSKGKSPASVFRTPTSGQSVSTCSSKNTSKTKKH	71	144	244	100
6703	HUMAN13869	Q96P16	131	162	GDKKPRKRTYEQIKVDENENCSSLGSPSEPPQ	31	267	377	110
6704	HUMAN13871	Q13433	383	422	ASHHHSHSHEEPAMEMKRGPLFSHLSSQNIEESAYFDSTW	39	773	815	42
6708	HUMAN13884	Q9BZC1	1	50	MYIKMATLANGQADNASLSTNGLGSSPGSAGHMNGLSHSPGNPSTIPMKD	49	1	103	102
6709	HUMAN13884	Q9BZC1	282	354	GGYLNPMAAFAAAQMQQMAALNMNGLAAAPMTPTSGGSTPPGITAPAVPSIPSPIGVNGFTGLPPQANGQPAA	72	685	871	186
6710	HUMAN13887	Q8NEB9	412	470	KNGLEPTKKDSQSSVSENVSNSGINSAEIDSSQIITSPLPSVSSPPPASKTKEVPDGEN	58	1795	1981	186
6711	HUMAN13889	Q99578	186	217	SMPSLMEKKLKRKDSLWKKLKGSLKKKRENMT	31	274	324	50
6713	HUMAN13894	Q15849	1	87	MSDPHSSPLLPEPLSSRYKLYEAEFTSPSWPSTSPDTHPALPLLEMPEEKDLRSSNEDSHIVKIEKLNERSKRKDDGVAHRDSAGQR	86	18	110	92
6714	HUMAN13894	Q15849	443	550	GEEEKAPSGGGGEHPPTAGPKVEEGSEAVLSKHRSVFHIEWSSIRRRSKVFGKGEHQERQNKDPFPYRYRKPTVELLDLDTMEESSEIKVETNISKTSWIRSSMAASG	107	492	622	130
6715	HUMAN13897	Q6ZMC9	291	328	PEHLDTPDTPPRSQAQESNYENLSQMNPRSPPATMCSP	37	383	435	52
6717	HUMAN13900	Q9H939	290	334	SQKNAVPAGKATGPNLARRGPLPIPKSSPDDPNYSLVDDYSLLYQ	44	467	612	145
6718	HUMAN13901	P25705	1	45	MLSVRVAAAVVRALPRRAGLVSRNALGSSFIAARNFHASNTHLQK	44	177	353	176
6720	HUMAN13913	Q6ZSG1	16	175	SVRNRGAPFQRSQHPHATSCRHFHLGPPQPQQLAPDFPLAHPVQSQPGLSAHMAPAHQHSGALHQSLTPLPTLQFQDVTGPSFLPQALHQQYLLQQQLLEAQHRRLVSHPRRSQERVSVHPHRLHPSFDFGQLQTPQPRYLAEGTDWDLSVDAGLSPAQF	159	83	265	182
6721	HUMAN13916	O15466	1	38	MRYADPSANRDLLGSRTLLFIFICAFALVTLLQQILYG	37	16	54	38
6723	HUMAN13919	O75928	67	140	RTLEGLSDLSTIKSSVFSLDGGSSPVEPDLAVAGIHSLPSTSVTPHSPSSPVGSVLLQDTKPTFEMQQPSPPIP	73	299	408	109
6725	HUMAN13924	A6NLF2	277	315	WMQANYDLLSAFEAMTSQANPEALSAPTLQEEAAFPGRR	38	687	756	69
6727	HUMAN13926	Q3SY89	284	317	LLSAFEAMTSQANPEALCAPALQEEAAFPGRRVN	33	407	442	35
6729	HUMAN13928	Q8IYF1	476	505	PLSDSDSMTSQAKPEALSSPKFREEAAFPG	29	806	873	67
6730	HUMAN13928	Q8IYF1	613	753	DAPEQRLRVMTTNIRSARGNNPNGREAKMICFKSVAKTPYDTSRRQEKSAGDADPENGEIKPASKPAGSSHTPSSQSSSGGGRDSSSSILRWLPEKRANPCLSSSNEHAAPAAKTRKQAAKKVAPLMAKAIRDYKRRFSRR	140	980	1148	168
6732	HUMAN13933	Q2VWA4	1	37	MASSPLPGPNDILLASPSSAFQPDTLSQPRPGHANLK	36	21	76	55
6735	HUMAN13938	O15105	1	88	MFRTKRSALVRRLWRSRAPGGEDEEEGAGGGGGGGELRGEGATDSRAHGAGGGGPGRAGCCLGKAVRGAKGHHHPHPPAAGAGAAGGA	87	229	346	117
6736	HUMAN13938	O15105	220	250	KPTADCPDAVPSSAETGGTNYLAPGGLSDSQ	30	528	593	65
6737	HUMAN13944	Q8TCD1	1	76	MVCIPCIVIPVLLWIYKKFLEPYIYPLVSPFVSRIWPKKAIQESNDTNKGKVNFKGADMNGLPTKGPTEICDKKKD	75	0	118	118
6739	HUMAN13951	Q9ULV0	1365	1406	LEALKEEMDKQQQTFCQTLLLSPEAQVEFGVQQEISRLTNEN	41	1816	1876	60
6740	HUMAN13951	Q9ULV0	1416	1470	LEKNERKLKKQLKIYMKKAQDLEAAQALAQSERKRHELNRQVTVQRKEKDFQGML	54	1919	2065	146
6741	HUMAN13951	Q9ULV0	596	628	KDPVPATTPGKGSSSKISVRSARPPMKVSNKEH	32	745	782	37
6742	HUMAN13956	Q96BD8	96	133	PQVTVTQSCVKGSDLDPEEPIKVEEPEPVKKPPKEQRS	37	308	408	100
6743	HUMAN13957	P31152	334	415	IDDIVLMAANQSQLSNWDTCSSRYPVSLSSDLEWRPDRCQDASEVQRDPRAGSAPLAEDVQVDPRKDSHSSSERFLEQSHSS	81	358	475	117
6746	HUMAN13969	P43146	1044	1101	VEHPDKMANDQGRHGDGGYWPVDTNLIDRSTLNEPPIGQMHPPHGSVTPQKNSNLLVI	57	1163	1226	63
6748	HUMAN13976	Q9UNA4	1	50	MEKLGVEPEEEGGGDDDEEDAEAWAMELADVGAAASSQGVHDQVLPTPNA	49	0	128	128
6750	HUMAN13981	Q8N1N2	154	210	DGECVTVKPGTPSPACPPTMTTTSTVPASTATESTTSTATAATTSTEPITVAPTDHL	56	158	220	62
6751	HUMAN13984	Q9H2F9	2	107	TTVTVTTEIPPRDKMEDNSALYESTSAHIIEETEYVKKIRTTLQKIRTQMFKDEIRHDSTNHKLDAKHCGNLQQGSDSEMDPSCCSLDLLMKKIKGKDLQLLEMNK	105	26	158	132
6752	HUMAN13995	Q9Y4E6	1061	1118	VISPGVTSEAAQTITTAPDASGPEAKVQEEEHDLVDDDITTGCLSSVPQMKKISTSYE	57	2435	2643	208
6753	HUMAN13995	Q9Y4E6	636	666	SLAALKNMAHHKLQTLATNLLASEASDKGNL	30	1497	1582	85
6754	HUMAN13995	Q9Y4E6	708	788	SRPNTALISPENLQKASGSSDKGGSFLTGKRAAVLFQQVKETIKENIKEHLLDDEEEDEEIMRQRREESDPEYRSSKSKPL	80	1634	1884	250
6755	HUMAN13995	Q9Y4E6	860	890	HGKTEVGRKLPASEGVGKGTYGVSRAVTTQH	30	2015	2158	143
6756	HUMAN13995	Q9Y4E6	913	971	HMKKGPTRPPRPSTPDLSKARGSPPTSSNIVQGQIKQVAAPVVSARSDADHSGSDPPSA	58	2197	2327	130
6757	HUMAN13998	Q8IYS8	1	30	MADGGGGGSGGAGPASTRASGGGGPINPAS	29	5	47	42
6758	HUMAN13999	O43173	1	63	MRNCKMARVASVLGLVMLSVALLILSLISYVSLKKENIFTTPKYASPGAPRMYMFHAGFRSQF	62	128	227	99
6761	HUMAN14005	O43520	1	59	MSTERDSETTFDEDSQPNDEVVPYSDDETEDELDDQGSAVEPEQNRVNREAEENREPFR	58	52	172	120
6762	HUMAN14006	Q96PU5	120	208	PTMERPYTFKDFLLRPRSHKSRVKGFLRLKMAYMPKNGGQDEENSDQRDDMEHGWEVVDSNDSASQHQEELPPPPLPPGWEEKVDNLGR	88	381	599	218
6764	HUMAN14009	Q86TB3	2134	2170	QNNNQKQKQPSIGKSKVQTNSMTIKKAGPETPGEKKT	36	2345	2384	39
6765	HUMAN14010	Q9UDY8	724	824	KTCFQTCLMSNGPYQSSAATSGGAGHYHSLQDPFHGVYHSHPGNPSNVTPADSCHCSRTPDAFISSFAHHASCHFSRSNVPVETTDEIPFSFSDRLRISEK	100	1038	1178	140
6766	HUMAN14011	Q9HCE3	1113	1165	IKDPDLKEMTDATNEEETEIKEDTKVPSPKRKLEEPVLEFRPPRGAITQPLKK	52	1858	1943	85
6767	HUMAN14011	Q9HCE3	1229	1261	KEPQPVSKQNGAGEDNQQENKPSHEDESPDGAV	32	2014	2090	76
6768	HUMAN14011	Q9HCE3	943	1022	LLYAQKQLMMDHIKSMHGTLKSIEGPPNLGINLPLSIKPATQNSANQNKEDTKSMNGKEKLEKKSPSPVKKSMETKKVAS	79	1642	1761	119
6769	HUMAN14016	P07492	91	148	KENRNHQPPQPKALGNQQPSWDSEDSSNFKDVGSKGKVGRLSAPGSQREGRNPQLNQQ	57	120	199	79
6770	HUMAN14019	Q7Z7G2	1	160	MAFLMKSMISNQVKNLGFGGGSEENKEEGGASDPAAAQGMTREEYEEYQKQMIEEKMERDAAFTQKKAERACLRVHLREKYRLPKSEMDENQIQMAGDDVDLPEDLRKMVDEDQEEEEDKDSILGQIQNLQNMDLDTIKEKAQATFTEIKQTAEQKCSVM	159	20	181	161
6771	HUMAN14020	P49257	1	38	MAGSRQRGLRARVRPLFCALLLSLGRFVRGDGVGGDPA	37	48	132	84
6772	HUMAN14020	P49257	358	428	EQRRYVSSLTEEISKRGAGMPGQHGQITQQELDTVVKTQHEILRQVNEMKNSMSETVRLVSGMQHPGSAGG	70	617	760	143
6773	HUMAN14021	Q6UXH8	164	198	GYIREDDGKTCTRGDKYPNDTGHEKSENMVKAGTC	34	210	252	42
6775	HUMAN14025	Q8N8N0	138	203	EQQPLQGGAPQEAVEEEQDRRGVVKSSTWSGVCTVILVACVLVFLLGIVLHNMSCISKRFTVISCG	65	149	225	76
6776	HUMAN14028	Q9P260	134	246	PGNFERQSGTPPGMGAPGVPGAAGVGGAGGREPSTASGGGQLNRAGSISTLDSLDFARYSDDGNRETDEKVAVLEFELRKAKETIQALRANLTKAAEHEVPLQERKNYKSSPE	112	346	590	244
6777	HUMAN14028	Q9P260	1	88	MAAMAPGGSGSGGGVNPFLSDSDEDDDEVAATEERRAVLRLGAGSGLDPGSAGSLSPQDPVALGSSARPGLPGEASAAAVALGGTGET	87	110	276	166
6779	HUMAN14030	Q9Y6Q6	298	377	DMCYPDQGGVCQGTCVGGGPYAQGEDARMLSLVSKTEIEEDSFRQMPTEDEYMDRPSQPTDQLLFLTEPGSKSTPPFSEP	79	357	442	85
6780	HUMAN14030	Q9Y6Q6	420	523	NYLQKEVDSGHCPHWAASPSPNWADVCTGCRNPPGEDCEPLVGSPKRGPLPQCAYGMGLPPEEEASRTEARDQPEDGADGRLPSSARAGAGSGSSPGGQSPASG	103	542	705	163
6781	HUMAN14030	Q9Y6Q6	555	616	SQEGAAAAAEPMGRPVQEETLARRDSFAGNGPRFPDPCGGPEGLREPEKASRPVQEQGGAKA	61	736	867	131
6782	HUMAN14031	Q9C0B9	1	92	MLRMKLPLKPTHPAEPPPEAEEPEADARPGAKAPSRRRRDCRPPPPPPPPAGPSRGPLPPPPPPRGLGPPVAGGAAAGAGMPGGGGGPSAAL	91	16	165	149
6783	HUMAN14031	Q9C0B9	207	351	AARGEGSRGGAEDERGEDGDGEQDAEKDGSGPEGGIVEPRVGGGLGSRAQEELLLLFTMASLHPAFSFHQRVTLREHLERLRAALRGGPEDAEVEVEPCKFAGPRAQNNSAHGDYMQNNESSLIEQAPIPQDGLTVAPHRAQREA	144	300	486	186
6784	HUMAN14031	Q9C0B9	382	435	LSVTTVTKTHQELQEFLLKLPKELSSETFDKTILRALNQGSLKREERRHPDLEP	53	516	598	82
6786	HUMAN14033	O60346	1428	1516	SFCCCELSAGGAVPPPSPGIFPPSVNMVIKDRPSDGLGVPSSSSGMASEISSELSTSEMSSEVGSTASDEPPPGALSENSPAYPSEQRC	88	1939	2104	165
6787	HUMAN14033	O60346	1575	1636	KEKEKQQHLLQVPAEASDEGIVISANEDEPGLPRKADFSAVGTIGRRRANGSVAPQERSHNV	61	2189	2320	131
6789	HUMAN14034	P10415	33	87	GDVGAAPPGAAPAPGIFSSQPGHTPHPAASRDPVARTSPLQTPAAPGAAAGPALS	54	54	131	77
6790	HUMAN14036	O75351	78	111	NKEKKAQKPVKEGQPSPADEKGNDSDGEGESDDP	33	329	434	105
6791	HUMAN14053	Q9ULB5	1	43	MKLGKVEFCHFLQLIALFLCFSGMSQAELSRSRSKPYFQSGRS	42	108	165	57
6792	HUMAN14054	Q9H159	1	39	MNCYLLLRFMLGIPLLWPCLGATENSQTKKVKQPVRSHL	38	44	95	51
6793	HUMAN14054	Q9H159	644	678	EGGGEEDTEAFDIAELRSSTIMRERKTRKTTSAEI	34	749	828	79
6794	HUMAN14056	Q96JJ7	401	454	TDGGYIEERYEVSKSENENQEQIEESKEQQEPSSGGSVVPTVQEPKDVLEKKKD	53	795	956	161
6796	HUMAN14059	Q6PKX4	235	331	ERLMLEMEQKARLQTSLTEPMTLSKSISLPRSAYWHHITRQNSVGEIYSLQGHGFGSSKMSRAQTFPSYAPEQSEEAQQPLSRSSSYGFSYSSSLIQ	96	271	414	143
6797	HUMAN14060	Q15762	280	318	RRERRDLFTESWDTQKAPNNYRSPISTSQPTNQSMDDTR	38	411	472	61
6798	HUMAN14061	Q86VV8	120	165	PALSSASYQTNQTELSKNPEILTGYFPQDKSNFQQMEVPPRPVVNQ	45	232	390	158
6799	HUMAN14061	Q86VV8	1512	1571	DRNSESNDLNGLDDSFKFWRAPSRTSQDRDPSSLSTSETTVAPSLGSTEFQPLVQSTTLL	59	2205	2322	117
6800	HUMAN14061	Q86VV8	279	360	KHDTVSQNSSLSYCHEARGTHHSQNPSPGSSSPRPSVVGRTGQRPRGDGQDWDAASSSGSSSHAHVNSRISVHSPLDMGHID	81	530	632	102
6802	HUMAN14063	Q8IUK8	1	55	MQAPGRGPLGLRLMMPGRRGALREPGGCGSCLGVALALLLLLLPACCPVRAQNDT	54	6	107	101
6803	HUMAN14064	Q8TDF5	417	471	YHKLRRSSSKCIHDHHCGSQLSSTKGSRSNLSTRDASILTEMPTQPGKPLIPPMN	54	492	566	74
6804	HUMAN14064	Q8TDF5	481	533	SYSQDAADACDIDEIEEVPTTSHRLSRHDKAVQRFCLIGSLSKHESEYNTTRV	52	575	631	56
6805	HUMAN14065	Q8NCQ5	1	70	MATGRGRILQQHWLGLQTLRGPSRGGGAARGRARAFGCRKGPGVKLSAGSAALRCHAGGGQHWESSFSCC	69	78	243	165
6806	HUMAN14068	Q9BVV7	1	105	MICTFLRAVQYTEKLHRSSAKRLLLPYIVLNKACLKTEPSLRCGLQYQKKTLRPRCILGVTQKTIWTQGPSPRKAKEDGSKQVSVHRSQRGGTAVPTSQKVKEAG	104	14	191	177
6808	HUMAN14073	Q0P6D2	1	44	MARAAGARGPAGWCRRRGRCGRGTLLAFAAWTAGWVLAAALLLR	43	33	122	89
6812	HUMAN14106	O95644	14	44	LGPAAAVFGRGETLGPAPRAGGTMKSAEEEH	30	89	138	49
6816	HUMAN14109	Q9UJ96	422	466	AASPEPALQEDSTHSATATEDSSQGPDSAGLADDSADALWVRAGR	44	518	577	59
6817	HUMAN14120	Q8N0V3	202	343	FGPRDERDNFVQNDFRDPDAPQPCGTTEPTTSSSLCGIDHEALNKQIMEYKRRKDKGLGGLVWQGQVAELTTQMKKGRKRAKPRLEQDSSLKSYLSGEEVEDDLDLVGAPEYECYAPDTEELEAERGGGRTEDGHSCGASRE	141	305	494	189
6818	HUMAN14121	Q6IQ32	192	230	EEMGEQPKTNDTVSIEKIPPPDKYYCKKCNANASSQDAL	38	317	357	40
6820	HUMAN14121	Q6IQ32	943	1030	KDSSSDLQAQPGFIHNSELLLVSGEVMHDSSFSVKRKLPDGHLGAEDQRHGEEQPPILNADAAPGPEKVTSVVPFKRQRNESRTEGPI	87	1464	1665	201
6821	HUMAN14124	Q9BYG4	103	142	RGSLGAGSLCRRRRALGALRDEGPRRRAHLDIGLPRDFRP	39	180	232	52
6823	HUMAN14128	Q8N344	1	194	MAEASSLGRQSPRVVSCLEHSLCPGEPGLQTTAVVSMGSGDHQFNLAEILSQNYSVRGECEEASRCPDKPKEELEKDFISQSNDMPFDELLALYGYEASDPISDRESEGGDVAPNLPDMTLDKEQIAKDLLSGEEEEETQSSADDLTPSVTSHEASDLFPNRSGSRFLADEDREPGSSASSDTEEDSLPANKCK	193	38	245	207
6824	HUMAN14128	Q8N344	348	473	ERYDYFAQQTRLGRRKYVPSGTTDADQDLDGSDPDGPGRPRPEQDTLTGMRTDPLSVDGTAGGLDEPGVASDGLPSSEPGPCSFQQLDESPAVPLSHRPPALADPASYQPAVTAPEPDASPRLAVD	125	403	608	205
6827	HUMAN14131	P98077	1	122	MTQGPGGRAPPAPPAPPEPEAPTTFCALLPRMPQWKFAAPGGFLGRGPAAARAAGASGGADPQPEPAGPGGVPALAAAVLGACEPRCAAPCPLPALSRCRGAGSRGSRGGRGAAGSGDAAAA	121	33	274	241
6829	HUMAN14133	Q3SX64	1	41	MGTLSCDSTPRLATAPLGRRVTEGQIPETGLRKSCGTATLE	40	33	125	92
6830	HUMAN14135	Q6ZTW0	1	33	MAAVEKRRQAVPPPAGFTDSGRQSVSRAAGAAE	32	89	128	39
6831	HUMAN14136	P49427	194	236	TKAPAPDEGSDLFYDDYYEDGEVEEEADSCFGDDEDDSGTEES	42	302	376	74
6832	HUMAN14138	P35613	349	385	RKPEDVLDDDDAGSAPLKSSGQHQNDKGKNVRQRNSS	36	456	503	47
6836	HUMAN14140	O00411	9	62	GAAGLKRALRPCGRPGLPGKEGTAGGVCGPRRSSSASPQEQDQDRRKDWGHVEL	53	47	187	140
6837	HUMAN14142	Q9HCT0	1	32	MRRRLWLGLAWLLLARAPDAAGTPSASRGPRS	31	46	115	69
6838	HUMAN14144	Q9BV68	274	311	TGQNTATNPPGLTGVSFSSSSSSSSSSSPSNENATSNS	37	411	522	111
6839	HUMAN14144	Q9BV68	43	142	ETRSTENGSAPSTAPTDQSRPPLEHVDQHLFTLPQGYGQFAFGIFDDSFEIPTFPPGAQADDGRDPESRRERDHPSRHRYGARQPRARLTTRRATGRHEG	99	124	259	135
6842	HUMAN14159	Q96D70	1	70	MVALENPECGPEAAEGTPGGRRLLPLPSCLPALASSQVKRLSASRRKQHFINQAVRNSDLVPKAKGRKSL	69	86	217	131
6843	HUMAN14161	Q969F8	1	37	MHTVATSGPNASWGAPANASGCPGCGANASDGPVPSP	36	17	81	64
6844	HUMAN14161	Q969F8	342	398	PRRPRRPRRPGPSDPAAPHAELLRLGSHPAPARAQKPGSSGLAARGLCVLGEDNAPL	56	405	484	79
6846	HUMAN14162	Q99856	539	593	PAPTPTSAPNKGGGGGGGSSSNAGGRGGNTGTSGGQAGPAGLSTPSTSTSNNSLP	54	679	789	110
6847	HUMAN14164	Q9BV38	364	395	HQQGSEPSYLDRTEQLQAVLCSTMEKSVLGGQ	31	870	999	129
6849	HUMAN14166	Q4ZIN3	1	34	MSEHVEPAAPGPGPNGGGGGPAPARGPRTPNLNP	33	2	118	116
6851	HUMAN14173	Q8IZY2	1152	1210	ADTDMEDGSCGQHLCTGIAGLDVTLRLKMPPQETALENGEPAGSAPETDQGSGPDAVGR	58	2157	2249	92
6852	HUMAN14173	Q8IZY2	2105	2146	GKDEDTEEQKEAGVGVDPAPGLQHPKRVSQFLDDPSTAETVL	41	3611	3728	117
6855	HUMAN14183	Q9Y2G9	616	677	KRKRDRGAGSKRKRRPRGRGAKAPRLACETAGVIRISDDSSTESDPGLDSDFNSSPESLVDD	61	1463	1584	121
6856	HUMAN14184	Q15831	312	433	KHPPAEAPVPIPPSPDTKDRWRSMTVVPYLEDLHGADEDEDLFDIEDDIIYTQDFTVPGQVPEEEASHNGQRRGLPKAVCMNGTEAAQLSTKSRAEGRAPNPARKACSASSKIRRLSACKQQ	121	705	948	243
6857	HUMAN14189	P30049	1	34	MLPAALLRRPGLGRLVRHARAYAEAAAAPAAASG	33	81	215	134
6858	HUMAN14199	Q9BVV8	1	132	MGPRVLQPPLLLLLLALLLAALPCGAEEASPLRPAQVTLSPPPAVTNGSQPGAPHNSTHTRPPGASGSALTRSFYVILGFCGLTALYFLIRAFRLKKPQRRRYGLLANTEDPTEMASLDSDEETVFESRNLR	131	0	156	156
6859	HUMAN14201	O43921	1	32	MAPAQRPLLPLLLLLLPLPPPPFARAEDAARA	31	13	59	46
6860	HUMAN14208	Q96EP5	369	407	QPPSYGGPSVPGSGGPPAGGSGFGRGQNHNVQGFHPYRR	38	625	683	58
6861	HUMAN14212	O95996	180	273	MDLIRQQLEFEAQHIRSLMEERFGTSDEMVQRAQIRASRLEQIDKELLEAQDRVQQTEPQALLAVKSVPVDEDPETEVPTHPEDGTPQPGNSKV	93	512	708	196
6862	HUMAN14212	O95996	57	128	LEQEARVLVSSGQTEVLEQLKALQMDITSLYNLKFQPPTLGPEPAARTPEGSPVHGSGPSKDSFGELSRATI	71	297	445	148
6863	HUMAN14223	Q496M5	90	167	PLGRIFRKVGQRLLTQCRPPCPFTPKEASGPGEGGPDPDSMEWDGESSLSAKEVPCLEGPIHLVAQGTLQSDLAGPEG	77	89	168	79
6865	HUMAN14224	Q86XN8	485	594	FSGCSTVNGAPGPPAAGARRSSGAGTPRHSPTLPEPGGLRLELPLSRRGAPDPVGALSWRPPQGPVSFPGGAAFSTATSLPSSPAAAACAPLDSGASENSRKPPSASSAP	109	767	927	160
6866	HUMAN14225	O95983	250	291	HVEELARDGEAPLDKACAEDDDEEDEEEEEEEPDPDPEMEHV	41	519	568	49
6867	HUMAN14231	O60423	1221	1300	EEKVEEGPSEEIFTMEPLPHVHRESRARRSSYAFSHREGYANLITQGTILRRGPGVSSDIASESLDPSDEEAASSPKESQ	79	2745	2960	215
6870	HUMAN14233	Q8N1G1	876	916	PSAVPGLSKTSGRRVVSHEVVLGGRLAAKTSFSLSRPSSPR	40	1606	1658	52
6871	HUMAN14242	P78368	1	38	MDFDKKGGKGETEEGRRMSKAGGGRSSHGIRSSGTSSG	37	0	108	108
6872	HUMAN14242	P78368	331	415	GKPLPTPIGTVHTDLPSQPQLRDKTQPHSKNQALNSTNGELNADDPTAGHSNAPITAPAEVEVADETKCCCFFKRRKRKSLQRHK	84	484	710	226
6873	HUMAN14247	Q9BX70	1	93	MAAGGSGGRASCPPGVGVGPGTGGSPGPSANAAATPAPGNAAAAAAAAAAAAAAPGPTPPAPPGPGTDAQAAGAERAEEAAGPGAAALQREAA	92	32	257	225
6874	HUMAN14251	Q9HBH9	1	74	MVQKKPAELQGFHRSFKGQNPFELAFSLDQPDHGDSDFGLQCSARPDMPASQPIDIPDAKKRGKKKKRGRATDS	73	29	192	163
6875	HUMAN14251	Q9HBH9	408	465	QHDEDLAEEEAAGQGQPVLVRATSRCLQLSPPSQSKLAQRRQRASLSSAPVVLVGDHA	57	667	894	227
6876	HUMAN14253	Q96BX8	1	35	MSNPFLKQVFNKDKTFRPKRKFEPGTQRFELHKKA	34	92	128	36
6879	HUMAN14266	P03971	262	306	AHGQLDTVPFPPPRPSAELEESPPSADPFLETLTRLVRALRVPPA	44	479	563	84
6880	HUMAN14266	P03971	412	458	PGGPGGLGDPLRALLLLKALQGLRVEWRGRDPRGPGRAQRSAGATAA	46	690	760	70
6882	HUMAN14269	P54368	1	88	MVKSSLQRILNSHCFAREKEGDKPSATIHASRTMPLLSLHSRGGSSSESSRVSLHCCSNPGPGPRWCSDAPHPPLKIPGGRGNSQRDH	87	8	111	103
6883	HUMAN14272	Q6ZS72	1	127	MSSPEPPTEPPEPDNPTWSTQPTYSNLGQIRAHLLPSKACRLRTPGSLSTNPEPLPPPLPKKILTRTQSLPTRRTLHPSSIQVQPPRRPFLGSHSVDKSQAAVGPACLPAELTFGPADAPLGLSLRD	126	0	149	149
6884	HUMAN14276	Q8TCT7	201	239	RYMKHKRDDGPEKQEDEAVDVTPVMTCVFVVMCCSMLVL	38	470	536	66
6885	HUMAN14276	Q8TCT7	506	592	KVLPPSPWAPAPADGPQPPKDSATPLSPQPPSEEPATSPWPAEQSPKSRTSEEMGAGAPMREPGSPAESEGRDQAQPSPVTQPGASA	86	915	1066	151
6886	HUMAN14280	Q03252	1	45	MSPPSPGRRREQRRPRAAATMATPLPGRAGGPATPLSPTRLSRLQ	44	8	171	163
6887	HUMAN14280	Q03252	404	469	LSPSPSSRVTVSRATSSSSGSLSATGRLGRSKRKRLEVEEPLGSGPSVLGTGTGGSGGFHLAQQAS	65	605	701	96
6888	HUMAN14280	Q03252	583	616	MRENENGEEEEEEAEFGEEDLFHQQGDPRTTSRG	33	821	900	79
6889	HUMAN14289	O43765	249	313	GMISGGNNPLGTPGTSPSQNDLASLIQAGQQFAQQMQQQNPELIEQLRSQIRSRTPSASNDDQQE	64	519	744	225
6890	HUMAN14294	Q86TJ5	1	33	MVTCAHLGRRARLPAAQPSACPGTCFSQEERMA	32	0	107	107
6891	HUMAN14294	Q86TJ5	89	259	NQCTDVGIKEGPLSPAQTSQVTSLSSWTGYLLFQPVASSHLEQREALWIEEKGTPQASCSDWMTVLRNQDSTYKKVALQEEPASGINMIKLIREDGGWKQLEDSHEDPQGLLSQKASLHVVAVPQEKATAWHGFGENGNLSPALVLSQGSSKGNHLCGSELDITSLASDSV	170	175	350	175
6892	HUMAN14301	Q15935	49	213	VRTSGSSSQRDVFGNGISNDEEIVKFTGSDSWSIFGENWRFDNTGDQHQIPQRHLRSQLGRLCESNEGHQCGETLSQTANLLVHKSYPTEAKPSECTKCGKAFENRQRSHTGQRPCKECGQACSCLSCQSPPMKTQTVEKPCNCQDSRTASVTYVKSLSSKKSYE	164	127	306	179
6894	HUMAN14311	O95977	330	384	GMRGPGDCLARAVEAHSGASTTDSSLRPRDSFRGSRSLSFRMREPLSSISSVRSI	54	478	559	81
6895	HUMAN14312	Q969V3	1	32	MLEEAGEVLENMLKASCLPLGFIVFLPAVLLL	31	107	215	108
6896	HUMAN14313	Q8N6W0	1	41	MARLTESEARRQQQQLLQPRPSPVGSSGPEPPGGQPDGMKD	40	24	115	91
6897	HUMAN14313	Q8N6W0	290	322	ATPIAPASGLHSPPLLGTTAVPGLVAPITNGFA	32	410	453	43
6899	HUMAN14315	O75264	1	130	METLGALLVLEFLLLSPVEAQQATEHRLKPWLVGLAAVVGFLFIVYLVLLANRLWCSKARAEDEEETTFRMESNLYQDQSEDKREKKEAKEKEEKRKKEKKTAKEGESNLGLDLEEKEPGDHERAKSTVM	129	18	160	142
6900	HUMAN14318	Q9UM11	1	44	MDQDYERRLLRQIVIQNENTMPRVTEMRRTLTPASSPVSSPSKH	43	151	294	143
6902	HUMAN14326	A6NCJ1	165	209	SDYVPSLSAPQRPPGTTQNYREWVLEPYCPSTCQRSPPSLTPTPR	44	200	248	48
6903	HUMAN14327	Q9P0W2	140	182	SEAYKMCTEKIQEKKIKKEDSSSGLMNTLLNGHKGGDCDGFST	42	250	438	188
6904	HUMAN14327	Q9P0W2	1	69	MSHGPKQPGAAAAPAGGKAPGQHGGFVVTVKQERGEGPRAGEKGSHEEEPVKKRGWPKGKKRKKILPNG	68	10	180	170
6905	HUMAN14329	Q8TF64	1	33	MEGAAAREARGTETPRASAPPPAPSEPPAAPRA	32	28	166	138
6907	HUMAN14332	Q8WUQ7	471	556	EQGVESEPLFPILKQEPQSPSRSLEPEDAAPTPPGPSSEGGPAEAEVDGATPTEGDGDGDGEGEGEGEAVLMEEDLIQQSLDDYDA	85	1566	1815	249
6909	HUMAN14333	O60331	1	67	MELEVPDEAESAEAGAVPSEAAWAAESGAAAGLAQKKAAPTEVLSMTAQPGPGHGKKLGHRGVDASG	66	0	191	191
6910	HUMAN14333	O60331	323	375	VHNIDQHERERQAQGAQSTSDEKRPVGQKALYSTAMESIQGGAARGEAIESDD	52	446	511	65
6913	HUMAN14338	Q96IS3	1	32	MFLSPGEGPATEGGGLGPGEEAPKKKHRRNRT	31	63	97	34
6914	HUMAN14338	Q96IS3	79	126	RAKWRRQERLESGSGAVAAPRLPEAPALPFARPPAMSLPLEPWLGPGP	47	143	197	54
6915	HUMAN14343	Q9UPR6	539	592	WHAERRRLEEEPPQDVPPHAPPDWAQPLLMGRPESPASAPLQPGRRPASSDDRH	53	810	893	83
6916	HUMAN14343	Q9UPR6	904	939	RHRLGARFRKRQRGPGEGEEGAGEKKRGRRGGEGLV	35	1258	1304	46
6917	HUMAN14348	Q86WG3	1	150	MGTTEATLRMENVDVKEEWQDEDLPRPLPEETGVELLGSPVEDTSSPPNTLNFNGAHRKRKTLVAPEINISLDQSEGSLLSDDFLDTPDDLDINVDDIETPDETDSLEFLGNGNELEWEDDTPVATAKNMPGDSADLFGDGTTEDGSAAN	149	40	211	171
6918	HUMAN14350	O43293	281	313	RNVRGEDSGRKPERRRLKTTRLKEYTIKSHSSL	32	431	470	39
6919	HUMAN14354	Q8N2W9	411	510	KERSCSPQGAILVLGPSDANGLLPAPSVNGSGALGSTGGGGPVGSMENGKPGADVVDLTLDSSSSSEDEEEEEEEEEDEDEEGPRPKRRCPFQKGLVPAC	99	476	619	143
6920	HUMAN14354	Q8N2W9	68	125	KKNSEPAPQPHRPLDPLTMHSTYDRAGAVPRTPLAGPNIDYPVLYGKYLNGLGRLPAK	57	92	169	77
6922	HUMAN14355	O95365	473	584	KTFVRSDHLHRHLKKDGCNGVPSRRGRKPRVRGGAPDPSPGATATPGAPAQPSSPDARRNGQEKHFKDEDEDEDVASPDGLGRLNVAGAGGGGDSGGGPGAATDGNFTAGLA	111	736	891	155
6923	HUMAN14356	P36507	1	41	MLARRKPVLPALTINPTIAEGPSPTSEGASEANLVDLQKKL	40	121	224	103
6924	HUMAN14356	P36507	282	313	PVVDGEEGEPHSISPRPRPPGRPVSGHGMDSR	31	662	799	137
6926	HUMAN14361	Q9BW85	104	148	ATRNFQAEKLLEEEEKRVQKEREDEELNNPMKVLENRTKDSKLEM	44	224	324	100
6929	HUMAN14363	Q96BF3	137	282	DPTQNRNRIASFPGFLFVLLGVGSMGVAAIVWGAWFWGRRSCQQRDSGNSPGNAFYSNVLYRPRGAPKKSEDCSGEGKDQRGQSIYSTSFPQPAPRQPHLASRPCPSPRPCPSPRPGHPVSMVRVSPRPSPTQQPRPKGFPKVGEE	145	155	364	209
6930	HUMAN14369	Q99961	1	80	MSVAGLKKQFYKASQLVSEKVGGAEGTKLDDDFKEMEKKVDVTSKAVTEVLARTIEYLQPNPASRAKLTMLNTVSKIRGQ	79	68	199	131
6933	HUMAN14370	Q13111	516	551	QPLRSGPTHVSTRNADIFNSDVVIVERGKGDGVPER	35	790	830	40
6934	HUMAN14370	Q13111	603	656	EWEEEEPGESLSHSEGDDDDDMGEDEDEDDGFFVPHGYLSEDEGVTEECADPEN	53	882	977	95
6935	HUMAN14370	Q13111	831	956	EHLPVPCQWSYVTSVPSAPKEDSGSVPSTGPSQGTPISLKRKSAGSMCITQFMKKRRHDGQIGAEDMDGFQADTEEEEEEEGDCMIVDVPDAAEVQAPCGAASGAGGGVGVDTGKATLTASPLGAS	125	1188	1412	224
6936	HUMAN14372	Q9BZV1	1	114	MKKFFQEFKADIKFKSAGPGQKLKESVGEKAHKEKPNQPAPRPPRQGPTNEAQMAAAAALARLEQKQSRAWGPTSQDTIRNQVRKELQAEATVSGSPEAPGTNVVSEPREEGSA	113	104	315	211
6937	HUMAN14373	Q7Z4V5	549	671	RVLGPKIEAVQKVNKAGMEKEKAEEKLAGEELAGEEAPQEKAEDKPSTDLSAPVNGEATSQKGESAEDKEHEEGRDSEEGPRCGSSEDLHDSVREGPDLDRPGSDRQERERARGDSEALDEES	122	1024	1197	173
6939	HUMAN14377	Q00G26	1	42	MSEEEAAQIPRSSVWEQDQQNVVQRVVALPLVRATCTAVCDV	41	120	173	53
6940	HUMAN14377	Q00G26	384	463	ERPEPLPDLADLVDEVIGGPDPRWAHLDWPAQQRAWEAEHRDGSGNGDGDRMGVAGDICEQEPETPSCPVKHTLMPELDF	79	687	816	129
6944	HUMAN14391	Q8IUC6	634	673	HAWQAGTPPPPSPQPAAFPQSLPFPQSPAFPTASPAPPQS	39	902	996	94
6945	HUMAN14392	O60664	1	41	MSADGAEADGSTQVTVEEPVQQPSVVDRVASMPLISSTCDM	40	2	83	81
6946	HUMAN14392	O60664	204	234	LPLTDAELARIATSLDGFDVASVQQQRQEQS	30	292	324	32
6947	HUMAN14392	O60664	53	172	YPHIKTVCDAAEKGVRTLTAAAVSGAQPILSKLEPQIASASEYAHRGLDKLEENLPILQQPTEKVLADTKELVSSKVSGAQEMVSSAKDTVATQLSEAVDATRGAVQSGVDKTKSVVTGG	119	94	259	165
6948	HUMAN14398	Q13332	1308	1358	NKPDSKRKDSEPRTKCLLNNADLAPHHPKDPVEMRRINFQTPDSGLRSPLR	50	1620	1679	59
6949	HUMAN14399	Q8WWF5	1	68	MPLCRPEHLMPRASRVPVAASLPLSHAVIPTQLPSRPGHRPPGRPRRCPKASCLPPPVGPSSTQTAKR	67	0	76	76
6950	HUMAN14399	Q8WWF5	357	429	ATEDSFDSTTYSFRDEDPSLPGHRPPIWAIQVQLRSRRLELLGRASPHCHCSTTSLEAEYTTVSSAPPEAPGQ	72	400	564	164
6958	HUMAN14421	Q99748	24	100	REGLLLSHRLGPALVPLHRLPRTLDARIARLAQYRALLQGAPDAMELRELTPWAGRPPGPRRRAGPRRRRARARLGA	76	23	162	139
6959	HUMAN14422	P51993	1	58	MDPLGPAKPQWSWRCCLTTLLFQLLMAVCFFSYLRVSQDDPTVYPNGSRFPDSTGTPA	57	12	174	162
6960	HUMAN14423	P21217	1	59	MDPLGAAKPQWPWRRCLAALLFQLLVAVCFFSYLRVSRDDATGSPRAPSGSSRQDTTPT	58	0	103	103
6961	HUMAN14431	Q2NL98	128	169	GPLPASDPGHPPPGGPGPPLDNSTGEEADRDHLQPAVFGTTV	41	127	189	62
6962	HUMAN14432	Q13938	1	84	MQCHRDLALSQALWGWQLSKQSGWAHPSLPHSPLPSTVHSCSWAPPHLQRHLPLATVSPGTTQLTQGPAGRTLGQTQASCPEPR	83	47	155	108
6964	HUMAN14433	Q9H6Z4	514	567	RVEQEQEAKMPAPEPGAAPSNEEDDSDDDDVLAPSGATAAGAGDEGDGQTTGST	53	591	684	93
6965	HUMAN14440	P48378	275	334	DSPLNRLQEDTQYMAMRQQPMHQKPRYRPAQKTDSLGDSGSHSGLHSTPEQTMAVQSQHH	59	576	748	172
6966	HUMAN14440	P48378	673	723	NDLASLSLTLLDKDDMGDEQRGSEAGPDARSLGEPLVKRERSDPNHSLQGI	50	1275	1416	141
6968	HUMAN14447	O60542	23	61	GPDARGVPVADGEFSSEQVAKAGGTWLGTHRPLARLRRA	38	26	79	53
6970	HUMAN14462	Q9BUF7	83	120	LREKRQTEGTYRPSSEEQVGARVPPTPNLKLPPEERLI	37	99	148	49
6972	HUMAN14470	P41273	1	86	MEYASDASLDPEAPWPPAPRARACRVLPWALVAGLLLLLLLAAACAVFLACPWAVSGARASPGSAASPRLREGPELSPDDPAGLLD	85	51	169	118
6973	HUMAN14473	O43557	68	107	MVTRLPDGPAGSWEQLIQERRSHEVNPAAHLTGANSSLTG	39	76	168	92
6974	HUMAN14475	Q9NPR9	147	186	APSKPGLPKPQATVPRKVDGGGTSAASKPKSTPAVIQGPS	39	223	416	193
6975	HUMAN14475	Q9NPR9	513	543	EDVQMEQVMTDSGFREGLSKVNKTASGRELL	30	785	818	33
6976	HUMAN14477	Q15642	275	386	GFARPGDVEFEDFSQPMNRAPSDSSLGTPSDGRPELRGPGRSRTKRWPFGKKNKPRPPPLSPLGGPVPSALPNGPPSPRSGRDPLAILSEISKSVKPRLASFRSLRGSRGTV	111	343	541	198
6977	HUMAN14477	Q15642	472	538	ESRVLSNRGDSLSRHARPPDPPASAPPDSSSNSASQDTKESSEEPPSEESQDTPIYTEFDEDFEEEP	66	627	775	148
6980	HUMAN14481	A0A1B0GVZ6	1	156	MGEPAFTSFPSLPVLGKLKRNMMPWALQKKREIHMAKAHRRRAARSALPMRLTSCIFRRPVTRIRSHPDNQVRRRKGDEHLEKPQQLCAYRRLQALQPCSSQGEGSSPLHLESVLSILAPGTAGESLDRAGAERVRSPLEPTPGRFPAVAGGPTPG	155	0	157	157
6981	HUMAN14482	A6NJ08	179	208	ARRVKKARERLAKALQADRLARQAEMLTGG	29	197	231	34
6982	HUMAN14482	A6NJ08	1	156	MGEPAFTSFPSPPVLGKLKRNMMPWALQKKREIHMAKAHRRRAARSALPMRLTSCIFRRPVTRIRSHPDNQVRRRKGDEHLEKPQQLCAYRRLQALQPCSSQGEGSSPLHLESVLSILAPGTAGESLDRAGAERVRIPLEPTPGRFPAVAGGPTPG	155	0	175	175
6983	HUMAN14483	A6NDZ8	1	158	MGEPAFTSFPSPPVLGKLKRNMMPWALQKKREIHMAKAHRRRAARSALPMRLTSCIFRRPVTRIRSHPDNQVRRRKGDEHLEKPQQLCAYRRLQALQPCSSQGEGSSPLHLESVLSILAPGTAGESLDRAGAERVRIPLEPTPGRFPAVAGGPTPGMG	157	0	159	159
6984	HUMAN14484	Q8NHZ7	169	208	LVTPADIRRQARRVKKARERLAKALQADRLARRAEMLTGG	39	256	297	41
6985	HUMAN14484	Q8NHZ7	1	158	MGEPAFTSFPSLPVLGKLKRNMMPWALQKKREIHMAKAHRRRAARSALPMRLTSCIFRRPVTRIRSHPDNQVRRRKGDEHLEKPQQLCAYRRLQALQPCSSQGEGSSPLHLESVLSILAPGTAGESLDRAGAERVRSPLEPTPGRFPAVAGGPTPGMG	157	85	246	161
6986	HUMAN14485	A6NE82	1	158	MGEPAFTSFPSPPVLGKLKRNMMPWALQKKREIHMAKAHRRRAARSALPMRLTSCIFRRPVTRIRSHPDNQVRRRKGDEHLEKPQQLCAYRRLQALQPCSSQGEGSSPLHLESVLSILAPGTAGESLDRAGAERVRSPLEPTPGRFPAVAGGPTPGMG	157	30	197	167
6987	HUMAN14487	P06213	1309	1382	NKAPESEELEMEFEDMENVPLDRSSHCQREEAGGRDGGSSLGFKRSYEEHIPYTHMNGGKKNGRILTLPRSNPS	73	1832	1913	81
6988	HUMAN14487	P06213	719	793	ILKELEESSFRKTFEDYLHNVVFVPRKTSSGTGAEDPRPSRKRRSLGDVGNVTVAVPTVAAFPNTSSTSVPTSPE	74	973	1089	116
6991	HUMAN14494	Q9GZU1	1	36	MTAPAGPRGSETERLLTPNPGYGTQAGPSPAPPTPP	35	33	124	91
6992	HUMAN14496	Q8IY17	1302	1375	EPPTSYVSDGCADGEESDCLTEYEEDAGPDCSRDEGGSPEGASPSTASEMEEEKSILRQRRCLPQEPPGSATDA	73	2729	2890	161
6996	HUMAN14508	Q8IX19	1	36	MEVEEIYKHQEVKMQAPAFRDKKQGVSAKNQGAHDP	35	26	78	52
6997	HUMAN14508	Q8IX19	47	103	NQDHAKGGHSRPTSQVPAQCRPPSDSTQVPCWLYRAILSLYILLALAFVLCIILSAF	56	88	171	83
6998	HUMAN14511	P06734	1	74	MEEGQYSEIEELPRRRCCRRGTQIVLLGLVTAALWAGLLTLLLLWHWDTTQSLKQLEERAARNVSQVSKNLESH	73	20	105	85
6999	HUMAN14511	P06734	289	321	TPPASEGSAESMGPDSRPDPDGRLPTPSAPLHS	32	409	449	40
7000	HUMAN14512	Q6UXB4	1	81	MDTTRYSKWGGSSEEVPGGPWGRWVHWSRRPLFLALAVLVTTVLWAVILSILLSKASTERAALLDGHDLLRTNASKQTAAL	80	49	147	98
7001	HUMAN14514	Q9NNX6	1	38	MSDSKEPRLQQLGLLEEEQLRGLGFRQTRGYKSLAGCL	37	0	61	61
7002	HUMAN14515	Q9H2X3	1	60	MSDSKEPRVQQLGLLEEDPTTSGIRLFPRDFQFQQIHGHKSSTGCLGHGALVLQLLSFML	59	0	84	84
7004	HUMAN14518	Q6NSJ5	172	226	ENQKGPAATERAAATIVAMAGTGPGKAGEGEKEKVLAEPEKVVTEPPVVTLLDKK	54	253	324	71
7005	HUMAN14520	H3BV60	179	316	LRGVRRAPAPLTPPPPPPPSRCLPQDEACADTGSGSAEGLAADGPHLHTLTQPIVVTVPRPPPRPPKSVPGRAVRPEPPAPAPAALEPAPVVALVLAAFVLGAALAAGLGLVCAHSAPHAPGPPARASPSGPQPRRSQ	137	191	417	226
7007	HUMAN14521	Q13487	264	304	TAPQPIPAGGSLGPAAEGDGAGSKAPEETPPATEKAEHSEL	40	656	824	168
7008	HUMAN14523	P60606	1	31	MSATWTLSPEPLPPSTGPPVGAGLDAEQRTV	30	0	63	63
7011	HUMAN14528	O15444	94	150	NKVFAKLHHNTQTFQAGPHAVKKLSSGNSKLSSSKFSNPISSSKRNVSLLISANSGL	56	142	208	66
7012	HUMAN14530	Q9HA82	335	394	QMEKDIRSDVEESDSSEEAAAAQEPLQLKNGAAGGPRPAPTDGPRSRVAGRLTNRHTTAT	59	492	646	154
7013	HUMAN14533	O95182	61	112	RESVPPSIIMSSQKALVSGKPAESSAVAATEKKAVTPAPPIKRWELSSDQPY	51	131	194	63
7015	HUMAN14536	Q6NY19	790	840	QPDTQAGVQRHNLSSLQPPPPRFKKFSCLSLPSSWDYNSCEPSRLAQLTIF	50	1300	1370	70
7017	HUMAN14539	Q15907	183	218	DRAAHDESPGNNVVDISVPPTTDGQKPNKLQCCQNL	35	339	423	84
7018	HUMAN14541	Q9P0N8	1	59	MTTGDCCHLPGSLCDCSGSPAFSKVVEATGLGPPQYVAQVTSRDGRLLSTVIRALDTPS	58	13	102	89
7019	HUMAN14542	P52272	1	68	MAAGVEAAAEVAATEIKMEEESGAPGVPSGNGAPGPKGEGERPAQNEKRKEKNIKRGGNRFEPYANPT	67	69	153	84
7020	HUMAN14542	P52272	551	649	MATGLERMGANNLERMGLERMGANSLERMGLERMGANSLERMGPAMGPALGAGIERMGLAMGGGGGASFDRAIEMERGNFGGSFAGSFGGAGGHAPGVA	98	925	1053	128
7022	HUMAN14545	Q96IQ9	1	106	MEEKPSGPIPDMLATAEPSSSETDKEVLSPAVPAAAPSSSMSEEPGPEQAATPPVWERGGAGGMQQGSSPAPDSCQPGPGPSPGLTSIVSGTSEDLRPPRRRPPPG	105	2	120	118
7024	HUMAN14553	Q96NG5	1	32	MAAVILPSTAAPSSLFPASQQKGHTQGGELVN	31	18	52	34
7025	HUMAN14554	Q8WWY6	1	128	MAKSSQRKQRDCVNQCKSKPGLSTSIPLRMSSYTFKRPVTRITPHPGNEVRYHQWEESLEKPQQVCWQRRLQGLQAYSSAGELSSTLDLANTLQKLVPSYTGGSLLEDLASGLEHSCPMPHLACSSDA	127	20	148	128
7026	HUMAN14560	Q96PQ6	102	220	KPSLISHLEQEEEPRTEERGAHQGACADWETPSKTKWSLLMEDIFGKETPSGVTMERAGLGEKSTEYAHLFEVFGMDPHLTQPMGRHAGKRPYHRRDYGVAFKGRPHLTQHMSMYDGRK	118	123	258	135
7027	HUMAN14560	Q96PQ6	1	53	MAALSPTFATSTQDSTCLQDSEFPVSSKDHSCPQNLDLFVCSGLEPHTPSVGS	52	18	75	57
7028	HUMAN14565	Q32M78	64	193	TPHLISQWEQEEDLQTVKRELIQGIFMGEHREGFETQLKTNESVASQDICGEKISNEQKIVRFKRNDSWFSSLHENQESCGIDYQNKSHERHLRNHMVENIYECYEENQDGQTFSQVPNLDSLKRNTEVK	129	65	250	185
7029	HUMAN14572	Q13360	59	146	RHSLISKVDQEQLKTDERGILQGDCADWETQLKPKDTIAMQNIPGGKTSNGINTAENQPGEHSLECNHCGKFRKNTRFICTRYCKGEK	87	61	185	124
7030	HUMAN14576	Q9BUY5	87	145	KPSLISWLEQEESRTVQGGVLQGWEMRLETQWSILQQDFLRGQTSIGIQLEGKHNGREL	58	88	163	75
7031	HUMAN14577	P58317	1	38	MAEIHNGGELCDFMENGEIFSEHSCLNAHMGTENTGDT	37	101	141	40
7032	HUMAN14583	Q147U1	53	168	FKRSLMSGLEQMEELRTGVTGVLQELDLQLKTKGSPLLQDISAERSPNGVQLERSNTAEKLYDSNHSGKVFNEHPFLMTHMITHIGEKTSEDNQSGKALRKNFPHSFYKKSHAEGK	115	98	235	137
7033	HUMAN14593	O95897	107	169	LRAADGSLSAKSFQELKDRMTELLPLSSVLEQYKADTRTIVRLREEVRNLSGSLAAIQEEMGA	62	187	253	66
7035	HUMAN14597	Q9NUL5	126	291	RKEVSRCRKCRKRYEPVPADKMWGLAEFHCPKCRHNFRGWAQMGSPSPCYGCGFPVYPTRILPPRWDRDPDRRSTHTHSCSAADCYNRREPHVPGTSCAHPKSRKQNHLPKVLHPSNPHISSGSTVATCLSQGGLLEDLDNLILEDLKEEEEEEEEVEDEEGGPRE	165	180	364	184
7036	HUMAN14600	Q8NI99	186	252	PGGAGGQQQVLPPPPLVPVVPVRLVGSTSDTSRMLDPAPEPQRDQTQRQQEPMASPMPAGHPAVPTK	66	227	317	90
7038	HUMAN14603	O75821	174	236	TLGPMQKELAEQLGLSTGEKEKLPGELEPVQATQNKTGKYVPPSLRDGASRRGESMQPNRRAD	62	429	578	149
7039	HUMAN14603	O75821	1	47	MPTGDFDSKPSWADQVEEEGEDDKCVTSELLKGIPLATGDTSPEPEL	46	67	163	96
7040	HUMAN14610	O95136	310	353	VGVQGRRRGGTPGHHLLPLRSSSSLERGMHMPTSPTFLEGNTVV	43	376	458	82
7041	HUMAN14611	Q9BYD3	1	42	MLQFVRAGARAWLRPTGSQGLSSLAEEAARATENPEQVASEG	41	38	264	226
7043	HUMAN14618	Q6P4F2	1	66	MHVMAASMARGGVSARVLLQAARGTWWNRPGGTSGSGEGVALGTTRKFQATGSRPAGEEDAGGPER	65	9	235	226
7044	HUMAN14620	P32942	514	547	QRSGSYHVREESTYLPLTSMQPTEAMGEEPSRAE	33	535	569	34
7045	HUMAN14622	P29597	333	368	VNKEEGSSGSSGRNPQASLFGKKAKAHKAVGQPADR	35	429	474	45
7047	HUMAN14631	Q14145	1	49	MQPDPRPSGAGACCRFLPLQSQCPEGAGDAVMYASTECKAEVTPSQHGN	48	84	175	91
7048	HUMAN14633	Q9H228	327	398	SCGRDPSGSQQSASAAEASGGLRRCLPPGLDGSFSGSERSSPQRDGLDTSGSTGSPGAPTAARTLVSEPAAD	71	427	518	91
7049	HUMAN14636	Q86TL0	1	64	MNSVSPAAAQYRSSSPEDARRRPEARRPRGPRGPDPNGLGPSGASGPALGSPGAGPSEPDEVDK	63	61	206	145
7050	HUMAN14636	Q86TL0	439	469	SLDDLCSQLAQPTLRLPRTGRLLRAKRPSSE	30	955	1042	87
7051	HUMAN14647	Q12906	340	407	PSKMPKKPKNENPVDYTVQIPPSTTYAITPMKRPMEEDGEEKSPSKKKKKIQKKEEKAEPPQAMNALM	67	461	535	74
7052	HUMAN14647	Q12906	54	84	KGSSEQAESDNMDVPPEDDSKEGAGEQKTEH	30	153	196	43
7054	HUMAN14657	A8MVS5	182	230	KTMPEEDPATLDDHSGTTATPSNSRTRKRPTSTSSSPETPEFSTFRACQ	48	209	261	52
7055	HUMAN14658	Q86X55	550	608	RMGSIMSTGIVQGSSGAQGSGGGSTSAHYAVNSQFTMGGPAISMASPMSIPTNTMHYGS	58	907	1112	205
7056	HUMAN14660	Q9BWQ6	1	72	MASADELTFHEFEEATNLLADTPDAATTSRSDQLTPQGHVAVAVGSGGSYGAEDEVEEESDKAALLQEQQQQ	71	32	195	163
7057	HUMAN14660	Q9BWQ6	287	316	PENVAPPPQITSLPSNIALSPTLPQSLAPS	29	525	645	120
7058	HUMAN14662	Q9BSF4	231	260	LWEEQVLQKEKKDRLALSQAHSLVQAEAPR	29	320	355	35
7059	HUMAN14667	Q8NBT2	25	76	AQQRRLLGRHEQVVERLLETQDGAEKQLREILTMEKEVAQSLLNAKEQVHQG	51	102	159	57
7060	HUMAN14672	Q96HP0	1185	1242	GPGQRSRLASMLDSDTEGEGDIAGTINPSVAMAIAGGPLAPGSRASISQGPPTASRAG	57	2065	2160	95
7061	HUMAN14672	Q96HP0	1308	1375	SLTFKKSLDMKARLEEAILGTIGARQEMVRRSRERSPFGNPENVRWRKSVTHWKQTSDRVDKTKDEME	67	2233	2355	122
7062	HUMAN14672	Q96HP0	148	194	GLPRQVFEQDASGDERSGPEDSNDSRRGSGSPEDTPRSSGASSIFDL	46	391	459	68
7063	HUMAN14672	Q96HP0	1	44	MAASERRAFAHKINRTVAAEVRKQVSRERSGSPHSSRRCSSSLG	43	166	260	94
7064	HUMAN14672	Q96HP0	410	444	QLDRDSDSEGERRPAWTDRRRRGPQDRASSGDDAC	34	775	857	82
7065	HUMAN14672	Q96HP0	848	900	SLPDGAPPVTVQAATLARGSGRPASLYLARSKSISSSNPDLAVAPGSVDDEVS	52	1510	1593	83
7066	HUMAN14678	O95716	190	219	SLEPSSSSGSNGKGPAVGDAPAPQPSSCSC	29	299	343	44
7067	HUMAN14680	P0C7I6	196	225	QQGHETAACPETEEIPQGASGCWKDDLQKE	29	351	381	30
7068	HUMAN14680	P0C7I6	1	90	MGEHEQVKPLETSSSKVKAKTIVMIPDSQKLLRCELESLKSQLQAQTKAFEFLNHSVTMLEKESCLQQIKIQQLEEVLSPTGRQGEKEEH	89	134	243	109
7069	HUMAN14680	P0C7I6	239	297	SIDSLTLCSGACPKASSLRGHKGHQCLSPPLPSWDSDSDCDQDLSQPPFSKSGRSFPPA	58	405	467	62
7070	HUMAN14686	P19235	1	32	MDHLGASLWPQVGSLCLLLAGAAWAPPPNLPD	31	12	102	90
7071	HUMAN14686	P19235	340	445	GTMQAVEPGTDDEGPLLEPVGSEHAQDTYLVLDKWLLPRNPPSEDLPGPGGSVDIVAMDEGSEASSCSSALASKPSPEGASAASFEYTILDPSSQLLRPWTLCPEL	105	479	662	183
7072	HUMAN14689	Q3MIN7	184	236	EAQKAEKLLEDFLEEAEREQEEEPPQVWTGPPRVAQTSDPDSSEACAEEEEGL	52	266	335	69
7073	HUMAN14689	Q3MIN7	386	419	HLSSREILFQEEATEGSQEEDNTPGSLPSKPPPG	33	517	579	62
7074	HUMAN14690	A5D8V7	164	197	QNALRHQVVLRQRRLEELQLQHSLRLLEMAEAQN	33	334	410	76
7075	HUMAN14690	A5D8V7	1	99	MTSPLCRAASANALPPQDQASTPSSRVKGREASGKPSHLRGKGTAQAWTPGRSKGGSFHRGAGKPSVHSQVAELHKKIQLLEGDRKAFFESSQWNIKKN	98	32	241	209
7076	HUMAN14690	A5D8V7	296	347	KRERYISECKKRAEEKKLENERMERKTHREHLLLQSDDTIQDSLHAKEEELR	51	528	635	107
7077	HUMAN14690	A5D8V7	529	595	REFLASLEGRLPEYNTRIALPLATSKDKFFDEESEEEDNEVVTRASLKIRSQKLIESHKKHRRSRRS	66	941	1107	166
7078	HUMAN14694	Q14576	1	36	MVTQILGAMESQVGGGPAGPALPNGPLLGTNGATDD	35	27	75	48
7080	HUMAN14697	Q96CK0	1	48	MAERALEPEAEAEAEAGAGGEAAAEEGAAGRKARGRPRLTESDRARRR	47	10	72	62
7081	HUMAN14699	Q9BQ95	1	67	MSWVQATLLARGLCRAWGGTCGAALTGTSISQVPRRLPRGLHCSAAAHSSEQSLVPSPPEPRQRPTK	66	31	196	165
7082	HUMAN14699	Q9BQ95	398	431	RELQTSSAGLEEPPLPEDHQEEDDNLQRQQQGQS	33	645	747	102
7083	HUMAN14711	P16415	45	162	MKWEDQNIGDQCQNAKRNLRSHTCEIKDDSQCGETFGQIPDSIVNKNTPRVNPCDSGECGEVVLGHSSLNCNIRVDTGHKSCEHQEYGEKPYTHKQRGKAISHQHSFQTHERPPTGKK	117	76	202	126
7084	HUMAN14712	Q8N8Z8	23	107	PSQKSLYRDVMQETIRNLDCIGMIWQNHDIEEDQYKDLRRNLRCHMVERACEIKDNSQCGGPFTQTQDSIVNEKIPGVDPWESSE	84	150	255	105
7085	HUMAN14714	Q8IYI8	48	142	KDQNIEYEHQNPRRNFRSLIEEKVNEIKDDSHCGETFTPVPDDRLNFQEKKASPEVKSCESFVCGEVGLGNSSFNMNIRGDIGHKAYEYQEYGPK	94	49	144	95
7086	HUMAN14715	Q8NDP4	63	154	KDQNIEYEYQNPRRNFRSVTEEKVNEIKEDSHCGETFTPVPDDRLNFQKKKASPEVKSCDSFVCEVGLGNSSSNMNIRGDTGHKACECQEYG	91	62	155	93
7087	HUMAN14716	Q9UC07	65	161	KSWKDQNIEYEYQNPRRNFRSLIEKKVNEIKDDSHCGETFTQVPDDRLNFQEKKASPEIKSCDSFVCGEVGLGNSSFNMNIRGDIGHKAYEYQEYGP	96	64	161	97
7088	HUMAN14722	Q8N7K0	52	140	PQNIYVEYENLRRNLRIVGERLFESKEGHQHGEILTQVPDDMLKKTTTGVKSCESSVYGEVGSAHSSLNRHIRDDTGHKAYEYQEYGQK	88	106	197	91
7089	HUMAN14737	P52737	48	134	KDQNIKDHYKHRGRNLRSHMLERLYQTKDGSQRGGIFSQFANQNLSKKIPGVKLCESIVYGEVSMGQSSLNRHIKDHSGHEPKEYQE	86	73	160	87
7090	HUMAN14742	Q9H7R0	67	149	CIGMKWEDTNIEDQHRNPRRSLRCHIIERFSESRQPDSTVNEKPPGVDPCKSSVCGEIMGCSFLNCYITFDAGHKPDECQEYG	82	74	160	86
7091	HUMAN14744	Q96GE5	48	111	KDQNIEDQYRYPRKNLRCRMLERFVESKDGTQCGETSSQIQDSIVTKNTLPGVGPYESRMSGEV	63	49	119	70
7092	HUMAN14746	Q9Y2A4	45	140	MKWKDQNIEDQYRYPRKNLRCRMLERFVESKDGTQCGETSSQIQDSIVTKNTLPGVGPCESSMRGEKVMGHSSLNCYIRVGAGHKPHEYHECGEKP	95	46	142	96
7093	HUMAN14748	Q8N972	20	117	LLGPSQKKLYRDVMQETFVNLASIGENWEEKNIEDHKNQGRKLRSHMVERLCERKEGSQFGETISQTPNPKPNKKTFTRVKPYECSVCGKDYMCHSSL	97	53	204	151
7094	HUMAN14750	Q8TBZ8	519	553	SFQRHERAHNGDKPYVKNVGKLSFITQPSNTCENE	34	632	667	35
7095	HUMAN14753	Q9ULM2	101	154	KDQDIEDEHKNQGRNLRSPMVEALCENKEDCPCGKSTSQIPDLNTNLETPTGLK	53	110	167	57
7096	HUMAN14753	Q9ULM2	1	54	MRRNSSLSFQMERPLEEQVQSKWSSSQGRTGTGGSDVLQMQNSEHHGQSIKTQT	53	0	58	58
7097	HUMAN14758	O00754	1	45	MGAYARASGVCARGCLDSAGPWTMSRALRPPLPPLCFFLLLLAAA	44	20	103	83
7098	HUMAN14767	Q5XUX1	1	76	MELPLGRCDDSRTWDDDSDPESETDPDAQAKAYVARVLSPPKSGLAFSRPSQLSTPAASPSASEPRAASRVSAVSE	75	0	101	101
7099	HUMAN14768	O14787	319	367	DVEEDEAVPDSEQDIKPRFHKSRTVTLPHEAERPDGSEDAEDDDDDDAL	48	1224	1432	208
7100	HUMAN14772	Q9BQ61	1	145	MAARGRRAEPQGREAPGPAGGGGGGSRWAESGSGTSPESGDEEVSGAGSSPVSGGVNLFANDGSFLELFKRKMEEEQRQRQEEPPPGPQRPDQSAAAAGPGDPKRKGGPGSTLSFVGKRRGGNKLALKTGIVAKKQKTEDEVLTS	144	20	264	244
7102	HUMAN14775	Q96ED9	155	256	TKDTPDSLSPETYGNFDSQSRRYYFLSEEAEEGDELQQRCLDLERQLMLLSEEKQSLAQENAGLRERMGRPEGEGTPGLTAKKLLLLQSQLEQLQEENFRLE	101	242	408	166
7103	HUMAN14775	Q96ED9	386	481	WLFECRNLEEKYESVTKEKERLLAERDSLREANEELRCAQLQPRGLTQADPSLDPTSTPVDNLAAEILPAELRETLLRLQLENKRLCRQEAADRER	95	571	706	135
7111	HUMAN14793	Q6PIF2	164	218	PEQSLRLRWGPDHSRGKSPPRPGNSQPPDVFVSSVAETTSQATASEVQTNRDGEC	54	185	251	66
7112	HUMAN14793	Q6PIF2	1	57	MERQGVDVPHVKCKDQEPQPLGESKEHPRWEENCEEEAGGGPASASCQLTVLEGKSG	56	0	76	76
7114	HUMAN14800	Q8TAE8	182	222	LEKKERKRLKEEKQKRKKEARAAALAAAVAQDPAASGAPSS	40	317	391	74
7115	HUMAN14800	Q8TAE8	1	45	MAASVRQARSLLGVAATLAPGSRGYRARPPPRRRPGPRWPDPEDL	44	45	165	120
7116	HUMAN14802	Q8N907	1	82	MLLGQLSTLLCLLSGALPTGSGRPEPQSPRPQSWAAANQTWALGPGALPPLVPASALGSWKAFLGLQKARQLGMGRLQRGQD	81	4	105	101
7118	HUMAN14805	P12980	1	157	MCPPQAQAEVGPTMTEKAEMVCAPSPAPAPPPKPASPGPPQVEEVGHRGGSSPPRLPPGVPVISLGHSRPPGVAMPTTELGTLRPPLLQLSTLGTAPPTLALHYHPHPFLNSVYIGPAGPFSIFPSSRLKRRPSHCELDLAEGHQPQKVARRVFTNS	156	12	254	242
7119	HUMAN14805	P12980	212	280	ALAAGPTPPGPRKRPVHRVPDDGARRGSGRRAEAAARSQPAPPADPDGSPGGAARPIKMEQTALSPEVR	68	310	410	100
7123	HUMAN14809	O60499	106	170	MVSPTAVAFLERNNREILAGKPAAQKSPSDLLDASAVSATSRYIEEQQATQQLIMDEQDQQLEMV	64	292	468	176
7126	HUMAN14819	Q9UNZ5	1	99	MAQGQRKFQAHKPAKSKTAAAASEKNRGPRKGGRVIAPKKARVVQQQKLKKNLEVGIRKKIEHDVVMKASSSLPKKLALLKAPAKKKGAAAATSSKTPS	98	0	106	106
7129	HUMAN14829	Q6P1N0	814	854	AAVPTQVAGPKGKAPPVPAPARESGNRSARPLHSLSVLAFD	40	1774	1867	93
7130	HUMAN14832	Q6PEZ8	1	37	MAESGLAMWPSLLLLLLLPGPPPVAGLEDAAFPHLGE	36	117	230	113
7131	HUMAN14833	Q66K64	1	37	MAPSSKSERNSGAGSGGGGPGGAGGKRAAGRRREHVL	36	49	91	42
7134	HUMAN14836	P22670	515	572	SPLLRLMEDQQHMAMRGQPFSQKQRLKPIQKMEGMTNGVAVGQQPSTGLSDISAQVQQ	57	851	925	74
7135	HUMAN14836	P22670	914	967	TSLNPLDPDKDEEEEEEEESEDELPQDISLAAGGESPALGPETLEPPAKLARTD	53	1354	1417	63
7136	HUMAN14837	Q8WXF3	55	120	SDILAHEAMGDTFPDADADEDSLAGELDEAMGSSEWLALTKSPQAFYRGRPSWQGTPGVLRGSRDV	65	105	233	128
7137	HUMAN14839	Q6UWB1	590	636	EMEPPPVMESSQPAQATAPLDSGYEKHFLPTPEELGLLGPPRPQVLA	46	914	1009	95
7139	HUMAN14843	A6NJJ6	1	81	MATEQWFEGSLPLDPGETPPPDALEPGTPPCGDPSRSTPPGRPGNPSEPDPEDAEGRLAEARASTSSPKPLVPRPGPAPPR	80	0	108	108
7140	HUMAN14847	Q9NVP2	156	202	NMDRLEAIETQDPSLGCGLPLNCTPIKGLGLPGCIPGLLPENSMDCI	46	260	384	124
7142	HUMAN14849	O94910	400	472	DPSAGPATSPPLSTTTTARPTPLTSTASPAATTPLRRAPLTTHPVGAINQLGPDLPPATAPVPSTRRPPAPNL	72	460	553	93
7143	HUMAN14852	O00148	1	33	MAEQDVENDLLDYDEEEEPQAPQESTPAPPKKD	32	167	290	123
7144	HUMAN14855	P34995	1	38	MSPCGPLNLSLAGEATTCAAPWVPNTSAVPPSGASPAL	37	48	116	68
7145	HUMAN14855	P34995	236	321	RRSRRPPPASGPDSRRRWGAHGPRSASASSASSIASASTFFGGSRSSGSARRARAHDVEMVGQLVGIMVVSCICWSPMLVLVALAV	85	327	427	100
7146	HUMAN14855	P34995	371	402	GAKGGPAGLGLTPSAWEASSLRSSRHSGLSHF	31	489	521	32
7147	HUMAN14856	O14908	1	56	MPLGLGRRKKAPPLVENEEAEPGRGGLGVGEPGPLGGGGSGGPQMGLPPPPPALRP	55	19	137	118
7148	HUMAN14862	P17568	94	137	DYVMRMKEFERERRLLQRKKRREKKAAELAKGQGPGEVDPKVAL	43	161	206	45
7150	HUMAN14864	Q9BY15	619	652	SKSESETYTLSSKMGPDSKPSEGDVFPGQVKRKY	33	680	720	40
7151	HUMAN14875	P48664	1	42	MSSHGNSLFLRESGQRLGRVGWLQRLQESLQQRALRTRLRLQ	41	12	77	65
7152	HUMAN14875	P48664	530	564	QEAELTLPSLGKPYKSLMAQEKGASRGRGGNESAM	34	644	744	100
7153	HUMAN14876	Q8IYK2	1	32	MRVLVPPAERSQDTRVGAPAWREAAQAMARTA	31	1	36	35
7154	HUMAN14876	Q8IYK2	257	377	EQARRHSWVNLSRAPTPRTQGQKTPPPDPVGTYNPACALALNEAKRLLVESKDTLVEMAKNEVDVREQQLQISDRVCASLAQKASETLELKERLNMTLGLMRGTILRCTKYNQELYTTHGL	120	286	455	169
7155	HUMAN14878	O60431	315	355	PEQLLDVYHVPGSLLAARDTEMHPIPYPGGVQSLAGNRDME	40	337	385	48
7157	HUMAN14879	Q6ZW31	604	650	RLPRQSPDVAPYLRPKRQPPLHLPLADPEVVTRPRGRGGPESPPSNR	46	1082	1151	69
7158	HUMAN14879	Q6ZW31	667	701	RDFLSGPDYDHVTGSDSEDEDEEVGEPRVTGDFED	34	1171	1238	67
7159	HUMAN14881	A1L0T0	1	32	METPAAAAPAGSLFPSFLLLACGTLVAALLGA	31	66	214	148
7160	HUMAN14882	Q9UM47	1683	1754	HKDVASGHKGRREPVGQDALGMKNMAKGESLMGEVATDWMDTECPEAKRLKVEEPGMGAEEAVDCRQWTQHH	71	3154	3275	121
7163	HUMAN14885	O60885	1	58	MSAESGPGTRLRNLPVMGDGLETSQMSTTQAQAQPQPANAASTNPPPPETSNPNKPKR	57	72	229	157
7166	HUMAN14886	O43823	543	692	EDPFTSETVDPEMEGDDNLGGEDKKETPEEVAADVLAEVITAAVRAVDGEGAPAPESSGEPAEDEGPTDTAEAGSDPQAEQLLEEQVPCGTAHEKGVPKARSEAAEAGNGAETMAAEAESAQTRVAPAPAAADAEVEQTDAESKDAVPTE	149	712	944	232
7168	HUMAN14887	Q9ULX6	427	482	QTADFLQEYVTNKTKKTEELRKTVEDLDGLIQQIYRDQDLTQEIAMEHFVKKVEAA	55	668	724	56
7169	HUMAN14887	Q9ULX6	503	537	KTMDHNRNRRLMMEQSKKSSLMVARSILNNKLISK	34	744	779	35
7171	HUMAN14892	Q86YV0	154	241	EEGPRRPRVGSASSEGSIHVAMGNFRDPDRMPGKTEPETAGPNQVHNVRGLLKRLKEKKKARLEPRDGPPSALGSRESLATLSELDLG	87	395	511	116
7174	HUMAN14913	P61006	176	207	KLEGNSPQGSNQGVKITPDQQKRSSFFRCVLL	31	289	364	75
7175	HUMAN14914	Q96JZ2	143	334	NAVAEEAACPVSAPEEASPKPVLCHQSKERKPSAEMNRITTKEATSSCPPKSPLGETRQKLWRSLKMLPERGQRVRQQLKSHLATVNLSSLLDVRRSTVISGPGTGKGSQDHSGDPTSGDRGYTDPCVATSLKSPSQPQAPKDRKVPTRKAERSVSCIEVTPGDRSWHQMVVRALSSQESKPEHQGLAEPEN	191	191	419	228
7176	HUMAN14917	Q9Y421	1	74	MEAYEQVQKGPLKLKGVAELGVTKRKKKKKDKDKAKLLEAMGTSKKNEEEKRRGLDKRTPAQAAFEKMQEKRQM	73	64	288	224
7178	HUMAN14923	Q9UBC2	211	265	PSKRKKTVFPGAVPVLPASPPPKDSLRSTPSHGSVSSLNSTGSLSPKHSLKQTQP	54	522	715	193
7182	HUMAN14937	Q9H6F2	255	299	GDHHHDNHGGSHSGGGPGAQHSAMPAKSKEELSEGSRKKKAKKAD	44	332	401	69
7183	HUMAN14940	O75182	1	36	MAHAGGGSGGSGAGGPAGRGLSGARWGRSGSAGHEK	35	70	315	245
7185	HUMAN14942	Q96RI0	1	58	MWGRLLLWPLVLGFSLSGGTQTPSVYDESGSTGGGDDSTPSILPAPRGYPGQVCANDS	57	115	196	81
7187	HUMAN14945	Q9BT25	352	410	SACRESGGAPKNTPLSEDDNPGASSAPAQATFISPSEDFSSSSQAEVPPSLSRSGRDLS	58	537	599	62
7189	HUMAN14952	Q9H607	1	150	MHNPDGSASPTADPGSELQTLGQAARRPPPPRAGHDAPRRTRPSARKPLSCFSRRPMPTREPPKTRGSRGHLHTHPPGPGPPLQGLAPRGLKTSAPRPPCQPQPGPHKAKTKKIVFEDELLSQALLGAKKPIGAIPKGHKPRPHPVPDYE	149	0	164	164
7190	HUMAN14956	P10588	121	159	MRKEAVQRGRIPHSLPGAVAASSGSPPGSALAAVASGGD	38	248	317	69
7191	HUMAN14956	P10588	1	50	MAMVTGGWGGPGGDTNGVDKAGGYPRAAEDDSASPPGAASDAEPGDEERP	49	34	152	118
7193	HUMAN14957	Q8N6Y0	661	703	LEQQMALMEAQQAEEVAVLEATARALGKPRPPLPPPQLGDTFL	42	806	850	44
7194	HUMAN14958	Q9NWV8	1	78	MEVAEPSSPTEEEEEEEEHSAEPRPRTRSNPEGAEDRAVGAQASVGSRSEGEGEAASADDGSLNTSGAGPKSWQVPPP	77	22	194	172
7195	HUMAN14963	Q96I13	101	153	ADLLHGQNGSGEPPAALEVELADPAGSDGRLAPGSAGSGSGSGSGGRRRRARR	52	165	228	63
7196	HUMAN14966	Q9BW61	1	53	MADFLKGLPVYNKSNFSRFHADSVCKASNRRPSVYLPTREYPSEQIIVTEKTN	52	93	149	56
7197	HUMAN14966	Q9BW61	65	102	KKNAAKKRDQEQVELEGESSAPPRKVARTDSPDMHEDT	37	160	210	50
7198	HUMAN14968	Q9HCE9	1154	1220	PWGCGGEGAAPRQALAAAECPPCAMAGPPPAPQPLPGDASFYSLPPPPLPPTSDPLETPAPSPSPSP	66	2073	2194	121
7199	HUMAN14968	Q9HCE9	1	35	MAEAASGAGGTSLEGERGKRPPPEGEPAAPASGVL	34	47	200	153
7203	HUMAN14972	Q9BX97	371	442	EAEQLRMELAIRNSALDTCIKTKSQPMMPVSRPMGPVPNPQPIDPASLEEFKRKILESQRPPAGIPVAPSSG	71	508	715	207
7204	HUMAN14974	A0A1B0GVG4	32	69	ALVAWNLAASAARGPRCPEPGANATAPPGDPPPGVDDL	37	37	79	42
7205	HUMAN14975	Q10589	131	180	SAEVERLRRENQVLSVRIADKKYYPSSQDSSSAAAPQLLIVLLGLSALLQ	49	143	219	76
7206	HUMAN14976	Q96EY5	153	203	PRPVPKPRGLSRDMQGLSLDAASQPSKGGLLERTASRLGSRASTLRRNDSI	50	229	295	66
7207	HUMAN14978	A6NGB7	179	291	ARRGLHELSPPSFEDDLARPAEVSKASPRAQPQQGIHRRTPYSTCPEPGDPFGSMATATAPAALEGGWESSLPASRMHRTLSAGLGHWDGVTHEMRRMLGHRPGSMGKDSTLV	112	213	381	168
7208	HUMAN14978	A6NGB7	1	58	MARSYGGRVLAAMTLLGIAAAVLAALGAQLLFQLQAGRAELRGLRAEGLGQELGAGPG	57	28	88	60
7209	HUMAN14980	Q96CM4	166	212	PEDLEDQEPRSLTECLRRHKYRVEKAARGGRDPGGGGGEEGGAGGLF	46	170	255	85
7210	HUMAN14985	Q86XR2	1	35	MGPDRKEVPLSRGTQAVVVGKGRGAPGDDSSMGGR	34	0	40	40
7212	HUMAN15000	Q92911	577	643	KEEVAILDDNLVKGPEELPTGNKKPPGFLPTNEDRLFFLGQKELEGAGSWTPCVGHDGGRDQQETNL	66	907	1042	135
7214	HUMAN15002	Q92952	1	90	MNSHSYNGSVGRPLGSGPGALGRDPPDPEAGHPPQPPHSPGLQVVVAKSEPARPSPGSPRGQPQDQDDDEDDEEDEAGRQRASGKPSNVG	89	145	349	204
7215	HUMAN15002	Q92952	508	543	RPPPPPLPPRPGPGPQDQAARSSPCRWTPVAPSDCG	35	951	1096	145
7216	HUMAN15007	P42701	624	662	DKGERTEPLEKTELPEGAPELALDTELSLEDGDRCKAKM	38	785	854	69
7220	HUMAN15010	O00459	260	322	PPSSPPPGGAPDGSEPSPDFPALLVEKLLQEHLEEQEVAPPALPPKPPKAKPASTVLANGGSP	62	419	496	77
7222	HUMAN15014	Q08493	663	712	EEAEEEDEEEEEEGEETALAKEALELPDTELLSPEAGPDPGDLPLDNQRT	49	1078	1166	88
7225	HUMAN15027	Q99988	1	42	MPGQELRTVNGSQMLLVLLVLSWLPHGGALSLAEASRASFPG	41	11	80	69
7226	HUMAN15028	Q8N386	198	238	SRELNKPWAAQDGPKPGLGLQPRYGSRSAPKPQVAVPSCPS	40	315	358	43
7228	HUMAN15034	Q9NPH2	512	558	GPSLKRVGPVAATYPMLNKKGPVPAATNGCTGDANGHLQEEPPMPTT	46	1385	1492	107
7229	HUMAN15038	Q14318	1	89	MASCAEPSEPSAPLPAGVPPLEDFEVLDGVEDAEGEEEEEEEEEEEDDLSELPPLEDMGQPPAEEAEQPGALAREFLAAMEPEPAPAPA	88	64	298	234
7230	HUMAN15044	O75462	1	32	MPAGRRGPAAQSARRPPPLLPLLLLLCVLGAP	31	0	66	66
7231	HUMAN15045	Q96EN9	1	30	MITETAAEPTVPAVPAAEEATEARGREEPA	29	14	46	32
7232	HUMAN15047	Q9UK28	195	296	LGFQGGRLQRVEVTWRGSHPEALEVHVDPVGPLDKVRKAKIRVKTSSKAKVESEEPQDNDFLSCMSRRSGLPRWILACCLFLSVLVMLWLSCSTLVTAPGQH	101	360	482	122
7233	HUMAN15048	Q53HC5	1	34	MAESGGSSGGAGGGGAFGAGPGPERPNSTADKNG	33	17	60	43
7236	HUMAN15056	P27544	313	350	QVHELKDLREYDTAEAQSLKPSKAEKPLRNGLVKDKRF	37	462	616	154
7238	HUMAN15061	Q9NSC5	117	285	REKSQDGGELTSPALGLASHQVPPSPLVSANGPGEEKLFRSQSADAPGPTERERLKKMLSEGSVGEVQWEAEFFALQDSNNKLAGALREANAAAAQWRQQLEAQRAEAERLRQRVAELEAQAASEVTPTGEKEGLGQGQSLEQLEALVQTKDQEIQTLKSQTGGPREAL	168	201	394	193
7239	HUMAN15081	O14594	1275	1311	RRSHRMRRHHHHHQHHHQHHHHKSRKERRKHKKHPTE	36	2421	2465	44
7241	HUMAN15081	O14594	983	1012	FWEEVASGEEPALPGTPMNAGAEEVHSDPC	29	2063	2117	54
7242	HUMAN15096	A6XGL0	1	58	MSSAAGPDPSEAPEERHFLRALELQPPLADMGRAELSSNATTSLVQRRKQAWGRQSWL	57	52	127	75
7243	HUMAN15099	Q9HBW0	317	351	QSTRESVHYTSSAQGGASTRIMLPENGHPLMDSTL	34	339	413	74
7244	HUMAN15100	Q9P107	225	262	EDLRARSQGSPEDSAPQASPGPSKQQERRRRSREEAQA	37	434	478	44
7245	HUMAN15100	Q9P107	355	479	EAPPPPPPAFSFQEFLPSLNSSPLDIRKKLSGPLPPRLDENSAEPGPWEDPGTGWRWQGTPGPTPGSDVDSVGGGSESRSLDSPTSSPGAGTRQLVKASSTGTESSDDFEERDPDLGDGLENGLG	124	575	807	232
7246	HUMAN15100	Q9P107	45	74	LLSEDPEPDKTPTATVTNEASCWSGPSPEG	29	207	265	58
7248	HUMAN15101	Q9HD20	1	40	MAAAAAVGNAVPCGARPCGVRPDGQPKPGPQPRALLAAGP	39	463	583	120
7250	HUMAN15114	P35789	58	143	QGKKPLTMKRHEMVANPSVICSHFAQDLWPEQNIKDSFQKVILRRYEKRGHGNLQLIKRCESVDECKVHTGGYNGLNQCSTTTQSK	85	70	169	99
7251	HUMAN15130	Q6ZN08	58	143	QGKKPSTMQRHEMVANPSVLCSHFNQDLWPEQSIKDSFQKLILRRHKKCGHDNLQLKKGCESVDKCKVHKRGYNGLNQCLTTTQSK	85	93	191	98
7252	HUMAN15136	Q9H8G1	140	174	HEDLQLRTGCKSVDECNLHKECYDELNQCLTTTQS	34	194	236	42
7253	HUMAN15143	Q8TF32	90	166	EKEPWNMKRHEMVDEPPAMCSYFTKDLWPEQDIKDSFQQVILRRYGKCEHENLQLRKGSASVDEYKVHKEGYNELNQ	76	91	170	79
7254	HUMAN15155	M0R3E3	56	92	KGHSTVVKPPGGDCSIFLMEHQGDVTLLPGPCPQRRL	36	84	125	41
7255	HUMAN15156	Q86V71	633	674	SSRLTQHKKIHRMGVVAHACNPSTLGGRGGRITRSGDRDRPG	41	709	756	47
7256	HUMAN15165	O43345	59	142	GKESWNMKRHEMVEESPVICSHFAQDLWPEQGIEDSFQKVILRRYEKCGHENLHLKIGYTNVDECKVHKEGYNKLNQSLTTTQS	83	309	491	182
7257	HUMAN15170	Q9Y2Q1	102	142	RYDKCEHENLQLRKGCKSVDECKVCKGGYNGLNQCLITTQS	40	113	154	41
7258	HUMAN15172	A6NN14	67	151	QGKEPWNMKRHEMVTKPPVMRSHFTQDLWPDQSTKDSFQEVILRTYARCGHKNLRLRKDCKSANEGKMHKEGYNKLNQCRTATQR	84	88	175	87
7259	HUMAN15178	P0DKX0	59	200	GKEPWNMKRHELVKEPPVICSHFAQDLWPEQGREDSFQKVILRRYEKCGHENLQLKIGCTNVDECKVHKKGYNKLNQSLTTTQSKVFQCGKYANIFHKCSNSKRHKIRHTGKKLLKCKEYVRSFCMLSHLSQHKRIYTRENS	141	63	205	142
7260	HUMAN15184	Q05481	70	122	EPWNMKQHEMVDEPTGICPHFPQDFWPEQSMEDSFQKVLLRKYEKCGHENLQL	52	173	228	55
7261	HUMAN15187	Q8TD23	89	140	QNIKDSFEKVTLRRYEKCGNDNFQLKGCKSVDECKLHKGGYNGLNQCLPTMQ	51	88	141	53
7262	HUMAN15195	O75437	67	208	QGKEPWNMKRHEMVDEPPGMCPHFAQDLWPEQGMEDSFQKAILRRYGKYGHENLQLRKGCKSVDEYKVNKEGYNGLNQCFTTAQSKVFQCDKYLKVFYKFLNSNRPKIRHTEKKSFKCKKRVKLFCMLSHKTQHKSIYHREK	141	67	217	150
7263	HUMAN15197	P47985	1	63	MLSVASRSGPFAPVLSATSRGVAGALRPLVQATVPATPEQPVLDLKRPFLSRESLSGQAVRRP	62	24	166	142
7264	HUMAN15198	A6NLU5	155	246	PNMQAAEAVSHIQSSGPRRHGPASAANANNAGAASRTTSEPGRGDKSPPPGSPPAAIDPAVPEAAAASAAHTPTTTVAAAAAASSASPPSGQ	91	205	333	128
7265	HUMAN15199	O95707	44	84	PQAREDQLQRKAVVLEYFTRHKRKEKKKKAKGLSARQRREL	40	157	243	86
7266	HUMAN15202	Q96S99	216	260	RQEEAEEQGAGSPGQPAHLARPICGASSGDDDDSDEDKEGSRDGD	44	312	382	70
7267	HUMAN15205	P24864	1	102	MPRERRERDAKERDTMKEDGGAEFSARSRKRKANVTVFLQDPDEEMAKIDRTARDQCGSQPWDNNAVCADPCSLIPTPDKEDDDRVYPNSTCKPRIIAPSRG	101	62	307	245
7268	HUMAN15205	P24864	377	410	KAMLSEQNRASPLPSGLLTPPQSGKKQSSGPEMA	33	623	691	68
7271	HUMAN15215	O14737	1	37	MADEELEALRRQRLAELQAKHGDPGDAAQQEAKHREA	36	58	182	124
7272	HUMAN15217	Q96NW4	622	665	ERRQKSSEAPVQSPQRSVDSISQESSTSSFSSMSASSRQEETKK	43	935	1051	116
7273	HUMAN15217	Q96NW4	962	1050	SVPNLTEGSLHEPGRQSVTLRQNNLPAQSGSHAAEKGNSDWPERPGLTQTGPGHRRMLRRHTVEDAVVSQGPEAAGPLSTPQEVSASRS	88	1526	1753	227
7274	HUMAN15218	Q6ZS82	106	235	HAPRRPLVRTGVAGASSGVAARALSTRSLRLEAEGDFDVADLRELEREVLQVGEMIDNMEMKVNVPRWTVQARQAAGAELLSTVSAGPSSVVSLQERGGGCDPRKALAAILFGAVLLAAVALAVCVAKLS	129	163	322	159
7276	HUMAN15220	Q587J7	214	387	KNKNLDYLEKPRLNIKSAPSFNKLNPALTLWPMFLQGKDVQGMEDSHGVNFPAQSLQHTWCKGIVGDLRPTATAQDKAVKCNMDSLRDSPKDKSEKKHHCISLKDTNKRVESSVYWPAKRGITIYADPDVPEASALSQKSNEKPLRLTEKKEYDEKNSCVKLLQFLNPDPLRAD	173	363	571	208
7278	HUMAN15224	Q96ST8	742	783	RTGVQDNPRALVAPSLNGVSQADLLDGCDVCSYDLKSHAPTC	41	1236	1316	80
7279	HUMAN15229	Q8IUC4	596	684	STSSMHNKSATYSVGMQKTYSMICLAIDDDDKTDKTKKISKKLSFLSWGTNKNRQKSASTLCLPSVGAARPQVKKKLPSPFSLLNSDSS	88	632	730	98
7282	HUMAN15230	Q9BRR8	68	156	KEGWTPSTFVSSRQNRADKSVLGPEDFMDEEDLSEFGIAPKAIVTTDDFASKTKDRIREKARQLAAATAPIPGATLLDDLITPAKLSVG	88	323	500	177
7284	HUMAN15233	Q9NS82	1	31	MAGHTQQPSGRGNPRPAPSPSPVPGTVPGAS	30	73	152	79
7287	HUMAN15239	Q96SI1	1	49	MPHRKERPSGSSLHTHGSTGTAEGGNMSRLSLTRSPVSPLAAQGIPLPA	48	7	92	85
7288	HUMAN15242	O15063	1	64	MYCCSAQDSKMDYKRRFLLGGSKQKVQQHQQYPMPELGRALSAPLASTATTAPLGSLTAAGSCH	63	0	71	71
7291	HUMAN15250	Q9UBT2	201	232	DADQEVSPDRADPEAAWEPTEAEARARASNED	31	892	1029	137
7293	HUMAN15251	A6NIX2	1	197	MQRSRAGADEAALLLAGLALRELEPGCGSPGRGRRGPRPGPGDEAAPALGRRGKGSGGPEAGADGLSRGERGPRRAAVPELSAQPAGSPRASLAGSDGGGGGGSARSSGISLGYDQRHGSPRSGRSDPRPGPGPPSVGSARSSVSSLGSRGSAGAYADFLPPGACPAPARSPEPAGPAPFPLPALPLPPGREGGPSA	196	1	232	231
7294	HUMAN15256	Q96NL3	62	197	EHGQELWTVKRGLSQSTCAGEKAKPKITEPTASQLAFSEESSFQELLAQRSSRDSRLGQARDEEKLIKIQEGNLRPGTNPHKEICPEKLSYKHDDLEPDDSLGLRVLQERVTPQDALHECDSQGPGKDPMTDARNN	135	63	203	140
7295	HUMAN15259	Q3KQV3	602	632	PEISSENRPYQGAVNYKLKLVHPSTHPGEVP	30	681	712	31
7296	HUMAN15262	Q07699	178	218	MIYCYKKIAAATETAAQENASEYLAITSESKENCTGVQVAE	40	242	284	42
7297	HUMAN15279	Q86X29	1	70	MQQDGLGVGTRNGSGKGRSVHPSWPWCAPRPLRYFGRDARARRAQTAAMALLAGGLSRGLGSHPAAAGRD	69	105	237	132
7299	HUMAN15287	P81172	1	61	MALSSQIWAACLLLLLLLASLTSGSVFPQQTGQLAELQPQDRAGARASWMPMFQRRRRRDT	60	45	114	69
7300	HUMAN15288	P20916	537	591	RRKKNVTESPSFSAGDNPPVLFSSDFRISGAPEKYESERRLGSERRLLGLRGEPP	54	746	820	74
7301	HUMAN15292	O14843	299	346	GQWQQESSMELKEQKGGEEQRADRPAERKTSEHSQGCGTGGQVACAES	47	419	540	121
7302	HUMAN15293	O15529	299	346	GQWQQESSMELKEQKGGEEQRADRPAERKTSEHSQGCGTGGQVACAEN	47	319	367	48
7303	HUMAN15294	O15552	292	330	RNQGSSLLGRRGKDTAEGTNEDRGVGQGEGMPSSDFTTE	38	378	480	102
7304	HUMAN15295	P60985	1	43	MKIPVLPAVVLLSLLVLHSAQGATLGGPEEESTIENYASRPEA	42	0	57	57
7306	HUMAN15304	O14556	22	72	PVTRAPPPPEPKAEVEPQPQPEPTPVREEIKPPPPPLPPHPATPPPKMVSV	50	80	241	161
7313	HUMAN15325	Q96GY3	129	200	VRERECSPSSPLPPLPEDEEGSEVTNSKSRDVYKLPPPTPPGPPGDACRSRIPSPLQPEMQGTPDDEPSEPE	71	205	316	111
7314	HUMAN15325	Q96GY3	33	91	SHMDRERLDEEAGKTPSDTHNKDCSIAATGKRPSARFPHQRRKKRREMDDGLAEGGPQR	58	77	163	86
7316	HUMAN15334	Q9UF12	1	94	MSPRVVSNSSVLASQSVGITNVRTVFSNVFNNTTAFPILRGSNCHKITAPGLGKGQLVNLLPPENLPWCGGSQGPRMLRTCYVLCSQAGPPSRG	93	0	192	192
7317	HUMAN15335	O60500	1092	1137	RLAEGISEKTEAGSEEDRVRNEYEESQWTGERDTQSSTVSTTEAEP	45	2026	2201	175
7318	HUMAN15336	Q6UWL6	658	708	RAGYLTTPHPRAFTSYIKPTSFGPPDLAPGTPPFPYAAFPTPSHPRLQTHV	50	1056	1206	150
7319	HUMAN15337	P51693	1	49	MGPASPAARGLSRRPGQPPLPLLLPLLLLLLRAQPAIGSLAGGSPGAAE	48	6	77	71
7320	HUMAN15340	Q9UBK5	1	41	MIHLGHILFLLLLPVAAAQTTPGERSSLPAFYPGTSGSCSG	40	1	47	46
7321	HUMAN15342	Q9BTN0	391	425	LANSTSCDPPRDGDPDALTPPSAASASAKVADTGP	34	445	496	51
7322	HUMAN15342	Q9BTN0	566	628	GGQPPGKAKIPAPVSSVCSQTNGALGPTPTPAPPAPEPAALRAHTVVQLDCEPWGPGHEPVGP	62	653	799	146
7323	HUMAN15343	A6NFY7	68	115	HATAMGAFVRPRAPTGEPGGVGCQPDDGDSPRNPHDSTGAPETRPDGR	47	120	177	57
7324	HUMAN15344	Q8N205	1	88	MALSLPLGPRLGSEPLNHPPGAPREADIVGCTVCPASGEESTSPEQAQTLGQDSLGPPEHFQGGPRGNEPAAHPPRWSTPSSYEDPAG	87	180	269	89
7325	HUMAN15344	Q8N205	207	368	VFEEANTLDQDLEVEGDSDWPGPGGVWGPWAPSSLPTSTELEWDPAGDIGGLGPLGQKTARTLGVPCELCGQRGPQGRGQGLEEADTSHSRQDMLESGLGHQKRLARHQRHSLLRKPQDKKRQASPHLQDVRLEGNPGAPDPASRQPLTFLLILFLLFLLLV	161	388	554	166
7326	HUMAN15348	Q96DZ5	1	40	MTKTDPAPMAPPPRGEEEEEEEEDEPVPEAPSPTQERRQK	39	124	253	129
7327	HUMAN15348	Q96DZ5	227	285	RNRKGQVPAEVVPDPMDMSLDKAEAALVAKELRTLLEEAVPLSCALPKVTLPNYDNVPG	58	534	599	65
7328	HUMAN15348	Q96DZ5	361	415	SKAVDAPPSSVTSTPRTPRMDFSRVTGKGRREHKGKKKTPSSPSLGSLQQRDGAK	54	743	902	159
7329	HUMAN15348	Q96DZ5	487	547	GSTDSPGDSVGAKKVHQVTMTQPKRTFTTVRTPKDIASENSISRLLFCCWFPWMLRAEMQS	60	1031	1187	156
7330	HUMAN15349	Q8NA92	89	231	PPAKSQRRTRSTQKPVSPPPPLQKNTPLPQSPAIPVSGPVRLVVLGPTSGSPKTVATMLLTPLAPAPTPERSQPEVPAQQAQTGLGPVLGALQRRVRRLQRCQERHQAQLQALERLAQQLHGESLLARARRGLQRLTTAQTLG	142	89	251	162
7331	HUMAN15350	O43379	1	55	MAAVGSGGYARNDAGEKLPSVMAGVPARRGQSSPPPAPPICLRRRTRLSTASEET	54	3	69	66
7332	HUMAN15351	O00110	11	92	RPQPPNWGHLPDQLRGDAYIPGGPLTVPGGKGQERRSVTIWLFSSDCSSLGGPPAQQSSSVRDPWTAQPTQGNLTSAPRGPG	81	48	242	194
7333	HUMAN15359	Q8N9K5	101	206	GKEPWMIANDVTGPWCPDLESRCEKFLQKDIFEIGAFNWEIMESLKCSDLEGSDFRADWECEGQFERQVNEECYFKQVNVTYGHMPVFQHHTSHTVRQSRETGEKL	105	118	226	108
7334	HUMAN15359	Q8N9K5	1	36	MRRGPWERWSLASHRLDAGLCTCPREESREIRAGQI	35	6	51	45
7335	HUMAN15376	A8MQ14	63	95	KEPWMVSRDVLGGWCRDSEFRCKTKDSCLPKEI	32	95	128	33
7336	HUMAN15377	Q6PG37	51	202	PEAFSLLEKGKEPWKILRDETRGPCPDMQSRCQTKKLLPKNGIFEREIAQLEIMRICKNHSLDCLCFRGDWEGNTQFQTLQDNQEECFKQVIRTCEKRPTFNQHTVFNLHQRLNTGDKLNEFKELGKAFISGSDHTQHQLIHTSEKFCGDKE	151	51	203	152
7337	HUMAN15378	Q14585	1	59	MENLTKHSIECSSFRGDWECKNQFERKQGSQEGHFSEMIFTPEDMPTFSIQHQRIHTDE	58	0	225	225
7338	HUMAN15382	Q3ZCX4	1	47	MTSQSSVISNSCVTMERLSHMMERKAWCSQESALSEEEEDTTRPLET	46	0	53	53
7339	HUMAN15396	Q8NA42	60	146	QGKEPWMVGRELTRGLCSDLESMCETKLLSLKKEVYEIELCQREIMGLTKHGLEYSSFGDVLEYRSHLAKQLGYPNGHFSQEIFTPE	86	139	241	102
7340	HUMAN15401	P10072	77	232	SKPKLIAQLERGEAPWREERKCPLDLCPESKPEIQLSPSCPLIFSSQQALSQHVWLSHLSQLFSSLWAGNPLHLGKHYPEDQKQQQDPFCFSGKAEWIQEGEDSRLLFGRVSKNGTSKALSSPPEEQQPAQSKEDNTVVDIGSSPERRADLEETDK	155	140	307	167
7341	HUMAN15405	Q8NB42	69	177	GKEPWMVERKMSQGHCADWESWCEIEELSPKWFIDEDEISQEMVMERLASHGLECSSFREAWKYKGEFELHQGNAERHFMQVTAVKEISTGKRDNEFSNSGRSIPLKSV	108	176	285	109
7342	HUMAN15408	Q5MCW4	61	185	EQEEEPWVMEEEVLRRHWQGEIWGVDEHQKNQDRLLRQVEVKFQKTLTEEKGNECQKKFANVFPLNSDFFPSRHNLYEYDLFGKCLEHNFDCHNNVKCLMRKEHCEYNEPVKSYGNSSSHFVITP	124	107	235	128
7343	HUMAN15412	Q6ZN11	61	225	EQEEAPWIGEAACPGCHCWEDIWRVNIQRKRRQDMLLRPGAAISKKTLPKEKSCEYNKFGKISLLSTDLFSSIQSPSNWNPCGKNLNHNLDLIGFKRNCAKKQDECYAYGKLLQRINHGRRPNGEKPRGCSHCEKAFTQNPALMYKPAVSDSLLYKRKRVPPTEK	164	80	245	165
7344	HUMAN15416	Q8NDQ6	60	191	QGKEPCVVARDVTGRQCPGLLSRHKTKKLSSEKDIHEISLSKESIIEKSKTLRLKGSIFRNEWQNKSEFEGQQGLKERSISQKKIVSKKMSTDRKRPSFTLNQRIHNSEKSCDSHLVQHGKIDSDVKHDCKE	131	60	195	135
7346	HUMAN15430	O60292	1	148	MTTYRAIPSDGVDLAASCGARVGDVLPGPHTGDYAPLGFWAQNGSMSQPLGESPATATATATATTRPSPTTPAMPKMGVRARVADWPPKREALREHSNPSPSQDTDGTKATKMAHSMRSIQNGQPPTSTPASSGSKAFHRLSRRRSKD	147	0	196	196
7347	HUMAN15430	O60292	248	330	PHLMGGGGGAKGDSHNGQPAKDSLLPLQPTKEKEKARKKPARGLGGGDTVDSSIFRKLRSSKPEGEAGRSPGEADEGRSPPEA	82	321	432	111
7348	HUMAN15430	O60292	361	420	SVSQRRNTTTGASAASAASAMASLTASRAHSLGGLDPAFTSTEDLNCKENLEQDLGDDNS	59	464	545	81
7349	HUMAN15434	O43291	93	128	ENATGDLATSRNAADSSVPSAPRRQDSEDHSSDMFN	35	141	182	41
7350	HUMAN15437	Q96A00	1	32	MAAQRLGKRVLSKLQSPSRARGPGGSPGGLQK	31	12	53	41
7351	HUMAN15440	Q9GZP8	1	106	MEFDLGAALEPTSQKPGVGAGHGGDPKLSPHKVQGRSEAGAGPGPKQGHHSSSDSSSSSSDSDTDVKSHAAGSKQHESIPGKAKKPKVKKKEKGKKEKGKKKEAPH	105	0	132	132
7353	HUMAN15443	Q9Y257	274	313	PCPASFNADEDDRVDILGPQPESHQQLSASSHTDYASIPR	39	481	539	58
7354	HUMAN15444	Q6ZRH7	1121	1159	SGISSMPSLRHSRMGSMFSSRMTEDRAEPKEAVERQLMT	38	1260	1311	51
7355	HUMAN15446	P48556	1	84	MFIKGRAPRAPPRERRRATRGGLRQVVAPPRALGSTSRPHFRRASVCRRRCRKSGGLLAASRKMAAAAVNGAAGFSSSGPAATS	83	0	148	148
7357	HUMAN15453	Q17RN3	317	349	GRPNELEPPMPTWRSRREDGGPQCWGRKKKKKK	32	411	503	92
7358	HUMAN15455	Q8TDF6	161	190	QRRLGDSSDLLSPGGPGPPLPMSSPGLGKK	29	189	219	30
7359	HUMAN15455	Q8TDF6	1	35	MNRKDSKRKSHQECTGKIGGRGRPRQVRRHKTCPS	34	0	55	55
7360	HUMAN15455	Q8TDF6	593	673	RPGAKGDAGPPGAPVPSTPAPHASCGSEENHSYTLSLEPETGCQLRHAWTQTESPHPSWETDTVPCPVMDPPSTASSKLDS	80	641	724	83
7361	HUMAN15456	P21817	1307	1422	TPLAPPGLQPPAEDEARAAEPDPDYENLRRSAGGWSEAENGKEGTAKEGAPGGTPQAGGEAQPARAENEKDATTEKNKKRGFLFKAKKVAMMTQPPATPTLPRLPHDVVPADNRDD	115	1736	1877	141
7362	HUMAN15456	P21817	1874	1927	EEEEEDEEEEGEEEDEEEKEEDEEETAQEKEDEEKEEEEAAEGEKEEGLEEGLL	53	2450	2580	130
7363	HUMAN15456	P21817	2047	2089	DGEEEEPEEETTLGSRLMSLLEKVRLVKKKEEKPEEERSAEES	42	2786	2830	44
7365	HUMAN15456	P21817	4585	4625	DSPPGEDDMEGSAAGDVSGAGSGGSSGWGLGAGEEAEGDED	40	6468	6527	59
7367	HUMAN15461	O43707	1	37	MVDYHAANQSYQYGPSSAGNGAGGGGSMGDYMAQEDD	36	274	512	238
7368	HUMAN15470	Q13011	14	50	LLTRRLTGSNYPGLSISLRLTGSSAQEEASGVALGEA	36	100	177	77
7369	HUMAN15475	P14866	1	97	MSRRLLPRAEKRRRRLEQRQQPDEQRRRSGAMVKMAAAGGGGGGGRYYGGGSEGGRAPKRLKTDNAGDQHGGGGGGGGGAGAAGGGGGGENYDDPHK	96	116	272	156
7370	HUMAN15478	Q6ZS11	141	254	PTLGPRDEHTDPVQIGRVQQDTPGKVLSIVNQLYLETHRGWGREQTPQETEPEAAQRHDPAPRNPAPHGVSWVKGPLSPEVDHPGPALASLLEEEEEDLEGKEEGREDDPEEEG	113	143	295	152
7371	HUMAN15478	Q6ZS11	1	30	MAQPEDKAPEVPTEGVRLVPPQVNKADRTP	29	2	32	30
7372	HUMAN15478	Q6ZS11	533	566	RRRTLHRKDHPRAQANLPFKEPWAEETVTGTSDN	33	602	678	76
7373	HUMAN15482	Q15653	297	356	GAPEPEGEDEKSGPCSSSSDSDSGDEGDEYDDIVVHSSRSQTRLPPTPASKPLPDDPRPV	59	540	617	77
7374	HUMAN15483	I3L3R5	69	266	EPHGCASTEEKGLLLGDFKKQEAGKMRSSQEVRDEEEEEVAERTHKSEVQEQAIRMQGHRQLHQEEDEEEEKEERKRGPMETFEDLWQRHLENGGDLQKRVAEKASDKETAQFQAEEKGVRVLGGDRSLWQGAERGGGERREDLPHHHHHHHQPEAEPRQEKEEASEREEKEVEQLEHLRDELKKVTETLGEQLRREG	197	145	368	223
7376	HUMAN15494	Q6ZVX7	1	50	MEEVREGHALGGGMEADGPASLQELPPSPRSPSPPPSPPPLPSPPSLPSP	49	29	80	51
7377	HUMAN15499	Q8IZJ0	1	34	MKLDMTGDCTPVLVLMAAVLTVTGAVPVARLHGA	33	0	38	38
7378	HUMAN15500	Q8IU54	1	32	MAAAWTVVLVTLVLGLAVAGPVPTSKPTTTGK	31	12	47	35
7381	HUMAN15504	Q5PRF9	339	381	QNVTKGARHKIALSIQKLRERQSVLKSLEKDVLEGGNLRNALQ	42	674	736	62
7382	HUMAN15504	Q5PRF9	390	469	PIKAYSVLQATVAAATTTPTAKDGAPGEPPLPGAEPPLAHPGTDKGTEAKDPPAVENYPPPPAPAPTDGSEPAPAPVADG	79	744	873	129
7385	HUMAN15512	Q9H7P9	1	98	MPEGAQGLSLSKPSPSLGCGRRGEVCDCGTVCETRTAPAAPTMASPRGSGSSTSLSTVGSEGDPAPGPTPACSASRPEPLPGPPIRLHLSPVGIPGSA	97	0	100	100
7386	HUMAN15512	Q9H7P9	370	401	SPRDPLGFKVSDLTIPKHRHLLQAKNQEEKRL	31	380	412	32
7389	HUMAN15518	O00267	669	702	ISSPMHPSAGGQRGGFGSPGGGSGGMSRGRGRRD	33	2292	2479	187
7390	HUMAN15523	Q9NYJ7	520	570	HSQDAGSRLLAGTPEPSVHALPDALNNLRTQEGSGDGPSSSVDWNRPEDVD	50	607	694	87
7391	HUMAN15525	Q96D98	1	86	MAEPTGLLEMSELPGDSSVPQVGTASGVSDVLRGAVGGGVRVQEAREGPVAEAARSMARMPGPVPGPIPSSVPGLASAPDPHQQLA	85	0	86	86
7392	HUMAN15526	Q8N6I1	1	139	MSKLPADSSVPQTGAANGDRDVPQAEVGRGRREPAPAQPEEAGEGAMAAARGGPVPAAREGRMAAARAAPAAAARGAPVAAAALARAAAAGRESPAAAAAREARMAEVARLLGEPVDEEGPEGRPRSRHGNGGLAALPY	138	17	180	163
7393	HUMAN15534	Q9Y463	1	42	MAVPPGHGPFSGFPGPQEHTQVLPDVRLLPRRLPLAFRDATS	41	84	157	73
7396	HUMAN15538	P43686	1	33	MEEIGILVEKAQDEIPALSVSRPQTGLSFLGPE	32	111	202	91
7397	HUMAN15541	Q86UE3	1	54	MQVDPPLHGPPNDFLIFQIIPLHSLSIMPRFLWILCFSMEETQGELTSSCGSKT	53	0	62	62
7399	HUMAN15546	Q8N6N2	1	56	MQRGALSPVLMLSAAPEPPPRPPPALSPPGSGPGSGSRHGSARPGPTPEPSGSLGA	55	7	112	105
7400	HUMAN15548	Q9H8S5	1	70	MLVRGRDQGSGSRLGPIVRRWAPRPSPLQSLAASLDAEPSSAAVPDGFPAGPTVSPRRLARPPGLEEALS	69	0	78	78
7402	HUMAN15553	Q8N9M1	1	98	MVMAALSLVAACWGRAAADESVQLPAAPGSSVRARETMVSVTMATSEWIQFFKEAGIPPGPAVNYAVMFVDNRIQKSMLLDLNKEIMNELGVTVVGDI	97	41	167	126
7405	HUMAN15561	Q9UHV2	1	36	MLSKGLKRKREEEEEKEPLAVDSWWLDPGHTAVAQA	35	18	65	47
7406	HUMAN15561	Q9UHV2	83	168	PAAALPPVPSPPAAPSVADNLLASSDAALSASMASLLEDLSHIEGLSQAPQPLADEGPPGRSIGGAAPSLGALDLLGPATGCLLDD	85	112	241	129
7408	HUMAN15565	Q9H254	2529	2564	HAEIARWGQTLPTTSSTDEGNPKREGGDRRASGRRK	35	3023	3099	76
7409	HUMAN15566	Q8TBC3	135	191	FPVKRRNRHSLVGPQQLGGRPAPVRRSNTMPPNLGNAGLLGRMLDEKTPPSPSGQPE	56	313	527	214
7412	HUMAN15571	Q8N2S1	490	525	QPRTLPATSRPSAGFLPTHRLEPRPEPRPDPRPGPE	35	1295	1450	155
7413	HUMAN15574	Q9Y6R0	1	60	MSRSAAASGGPRRPERHLPPAPCGAPGPPETCRTEPDGAGTMNKLRQSLRRRKPAYVPEA	59	129	201	72
7417	HUMAN15577	Q5BKX5	1	71	MTSPCSPPLKPPISPPKTPVPQASSIPSPPLPPSPLDFSALPSPPWSQQTPVPPPLPLPPPPAATGPAPRH	70	8	116	108
7418	HUMAN15579	P09012	100	202	TFVERDRKREKRKPKSQETPATKKAVQGGGATPVVGAVQGPVPGMPPMTQAPRIMHHMPGQPPYMPPPGMIPPPGLAPGQIPPGAMPPQQLMPGQMPPAQPLS	102	340	541	201
7419	HUMAN15581	P61018	181	213	ERMGSGIQYGDASLRQLRQPRSAQAVAPQPCGC	32	398	526	128
7420	HUMAN15582	Q96KS0	1	171	MDSPCQPQPLSQALPQLPGSSSEPLEPEPGRARMGVESYLPCPLLPSYHCPGVPSEASAGSGTPRATATSTTASPLRDGFGGQDGGELRPLQSEGAAALVTKGCQRLAAQGARPEAPKRKWAEDGGDAPSPSKRPWARQENQEAEREGGMSCSCSSGSGEASAGLMEEALP	170	0	200	200
7424	HUMAN15597	Q96F63	1	61	MEAVATATAAKEPDKGCIEPGPGHWGELSRTPVPSKPQDKVEAAEATPVALDSDTSGAENA	60	86	198	112
7425	HUMAN15601	Q6ZNR0	1	87	MDSPSLRELQQPLLEGTECETPAQKPGRHELGSPLREIAFAESLRGLQFLSPPLPSVSAGLGEPRPPDVEDMSSSDSDSDWDGGSRL	86	14	104	90
7426	HUMAN15611	Q7Z7M8	1	92	MRCPKCLLCLSALLTLLGLKVYIEWTSESRLSKAYPSPRGTPPSPTPANPEPTLPANLSTRLGQTIPLPFAYWNQQQWRLGSLPSGDSTETG	91	22	116	94
7427	HUMAN15613	A6NGS2	79	130	MGALREELVTILEEEEESSKEEEEDQEPQRKQEEEHLEACPAPHPPDFEMMI	51	130	208	78
7428	HUMAN15621	P40198	195	225	ALAPGRGPSHSSAFSMSPLSTAQAPLPNPRT	30	265	301	36
7429	HUMAN15638	Q16478	857	980	KTSRSRRRRRPGGPSRALLSLRAVREMRLSNGKLYSAGAGGDAGSAHGGPQRLLDDPGPPSGARPAAPTPCTHVRVCQECRRIQALRASGAGAPPRGLGVPAEATSPPRPRPGPAGPRELAEHE	123	1319	1537	218
7430	HUMAN15648	Q8WXF8	101	221	HLARKRRRPVSPERYSYGTSSSSKRTEGSCRRRRQSSSSANSQQGQWETGSPPTKRQRRSRGRPSGGARRRRRGAPAAPQQQSEPARPSSEGKVTCDIRLRVRAEYCEHGPALEQGVASRR	120	255	433	178
7431	HUMAN15650	P49840	1	95	MSGGGPSGGGPGGSGRARTSSFAEPGGGGGGGGGGPGGSASGPGGTGGGKASVGAMGGGVGASSSGGGPGGSGGGGSGGPGAGTSFPPPGVKLGR	94	10	223	213
7432	HUMAN15650	P49840	434	483	PSLNAILIPPHLRSPAGTTTLTPSSQALTETPTSSDWQSTDATPTLTNSS	49	790	1003	213
7438	HUMAN15664	Q6UXB2	1	49	MKVLISSLLLLLPLMLMSMVSSSLNPGVARGHRDRGQASRRWLQEGGQE	48	0	52	52
7439	HUMAN15664	Q6UXB2	60	99	PRRKFMTVSGLPKKQCPCDHFKGNVKKTRHQRHHRKPNKH	39	62	106	44
7440	HUMAN15665	P13688	459	526	RASDQRDLTEHKPSVSNHTQDHSNDPPNKMNEVTYSTLNFEAQQPTQPTSASPSLTATEIIYSEVKKQ	67	574	645	71
7441	HUMAN15689	O95274	202	346	DGVTGPGFTLSGSCCQGSRCNSDLRNKTYFSPRIPPLVRLPPPEPTTVASTTSVTTSTSAPVRPTSTTKPMPAPTSQTPRQGVEHEASRDEEPRLTGGAAGHQDRSNSGQYPAKGGPQQPHNKGCVAPTAGLAALLLAVAAGVLL	144	234	441	207
7445	HUMAN15698	Q8WZA9	336	392	EDPECLGEGKMENPKGESLKNAGGGGLENALSKGREKCSAGSQKAGSGEGPGKAGSE	56	377	447	70
7446	HUMAN15699	Q9H609	1	32	MEDPNPEENMKQQDSPKERSPQSPGGNICHLG	31	53	88	35
7448	HUMAN15702	Q8NFZ8	342	388	VGMVWCSVRQKGSYLTHEASGLDEQGEAREAFLNGSDGHKRKEEFFI	46	467	547	80
7449	HUMAN15707	Q6NXR0	407	436	DEPQPEVSLEVASDNGVEKGGSGEGGGEEA	29	460	494	34
7451	HUMAN15722	Q9UIE0	51	167	PFHPFHFLREEKFWMMETATQREGNSGGKTIAEAGPHEDCPCQQIWEQTASDLTQSQDSIINNSHFFEQGDVPSQVEAGLSIIHTGQKPSQNGKCKQSFSDVAIFDPPQQFHSGEKS	116	50	169	119
7452	HUMAN15729	Q2VY69	53	174	HRDTFHFQREEKFWIMETATQREGNSGGKIQTELESVPETGPHEEWSCQQIWEQTASELTRPQDSISSSQFSTQGDVPSQVDAGLSIIHIGETPSEHGKCKKFFSDVSILDLHQQLHSGKIS	121	52	175	123
7453	HUMAN15730	Q9NZL3	54	174	RDTFHFLREEKIWMMKTAIQREGNSGDKIQTEMETVSEAGTHQEWSFQQIWEKIASDLTRSQDLMINSSQFSKEGDFPCQTEAGLSVIHTRQKSSQGNGYKPSFSDVSHFDFHQQLHSGEK	120	53	174	121
7454	HUMAN15731	Q9UK10	51	173	SLHRDTFHFLKEEKFWMMETATQREGNLGGKIQMEMETVSESGTHEGLFSHQTWEQISSDLTRFQDSMVNSFQFSKQDDMPCQVDAGLSIIHVRQKPSEGRTCKKSFSDVSVLDLHQQLQSRE	122	50	203	153
7455	HUMAN15733	Q14588	53	147	KHDVFLLEKEKKLDIMKTATQRKGKSADKIQSEVETVPEAGRHEELYWGQIWKQIASDLIKYEDSMISISRFPRQGDLSCQVRAGLYTTHTGQKF	94	95	197	102
7456	HUMAN15736	Q9NYT6	53	195	KQDVSPIERNEQLWIMTTATRRQGNLGEKNQSKLITVQDRESEEELSCWQIWQQIANDLTRCQDSMINNSQCHKQGDFPYQVGTELSIQISEDENYIVNKADGPNNTGNPEFPILRTQDSWRKTFLTESQRLNRDQQISIKNK	142	52	201	149
7457	HUMAN15738	Q86WZ6	70	248	DMVSQLEAEEKLWMMETETQRSSKHQNKMETLQKFALKYLSNQELSCWQIWKQVASELTRCLQGKSSQLLQGDSIQVSENENNIMNPKGDSSIYIENQEFPFWRTQHSCGNTYLSESQIQSRGKQIDVKNNLQIHEDFMKKSPFHEHIKTDTEPKPCKGNEYGKIISDGSNQKLPLGEK	178	115	317	202
7458	HUMAN15740	Q14590	52	267	FKPDMISQLEREEKLWMKELQTQRGKHSGDRNQNEMATLHKAGLRCFSLGELSCWQIKRHIASKLARSQDSMINIEGKSSQFPKHHDSPCQVGAGESIQASVDDNCLVNHIGDHSSIIENQEFPTGKVPNSWSKIYLNETQNYQRSCKQTQMKNKLCIFAPYVDIFSCISHHHDDNIVHKRDKVHSNSDCGKDTLKVSPLTQRSIHTGQKTYQGNE	215	78	298	220
7459	HUMAN15744	A6NK53	49	278	YQPFKLDVILQLGKEDKLRMMETEIQGDGCSGHKNQNEIDTLQEVRLRFLSYEDLICWQIWEQFTSKLTSNQDLIINLQGKRSKLLKQGDSPCQVWTGESSQVSEDENYVIKLQGESSNSIKNQELPLRTTWDFWRKMYLREPQNYQSRCQQIDVKNKLCKCDHCVRQRIAHQHDDHGVHKREKAFSHNNCGKDCVKESSQHSIIQSGEQTSDENGKGLSVGSNLELHQQ	229	67	298	231
7460	HUMAN15745	Q9UJU3	48	197	AHQPFKPDLISQLEREEKLLMVETETPRDGCSGRKNQQKMESIQEVTVSYFSPKELSSRQTWQQSAGGLIRCQDFLKVFQGKNSQLQEQGNSLGQVWAGIPVQISEDKNYIFTHIGNGSNYIKSQGYPSWRAHHSWRKMYLKESHNYQCR	149	65	222	157
7461	HUMAN15752	Q6UY09	475	573	RRPSRKTTEDPSHETSQPIPKEEHPTEPSSESLSPEYRNISQLQGRIRVELMQPPDLPEETYETKLPSASRRGNSFSPWKPPPKPLMPPLRLVSTVPKN	98	682	791	109
7462	HUMAN15759	P20749	1	81	MPRCPAGAMDEGPVDLRTRPKAAGLPGAALPLRKRPLRAPSPEPAAPRGAAGLVVPLDPLRGGCDLPAVPGPPHGLARPEA	80	23	116	93
7463	HUMAN15759	P20749	353	454	RVIDILRGKATRPASTSQPDPSPDRSANTSPESSSRLSSNGLLSASPSSSPSQSPPRDPPGFPMAPPNFFLPSPSPPAFLPFAGVLRGPGRPVPPSPAPGGS	101	424	589	165
7465	HUMAN15761	P50895	576	628	GPCCRQRREKGAPPPGEPGLSHSGSEQPEQTGLLMGGASGGARGGSGGFGDEC	52	760	822	62
7466	HUMAN15764	O96008	1	74	MGNVLAASSPPAGPPPPPAPALVGLPPPPPSPPGFTLPPLGGSLGAGTSTSRSSERTPGAATASASGAAEDGAC	73	62	246	184
7468	HUMAN15771	O96005	597	669	EFGMSGEDPTAAAPVAEVPTAAGALTPTPAPTTTTATREEASTSLPTKPTQGASSASEPQEAPPKPAEDKKKD	72	1526	1695	169
7469	HUMAN15773	Q01201	1	121	MLRSGPASGPSVPTGRAMPSRRVARPPAAPELGALGSPDLSSLSLAVSRSTDELEIIDEYIKENGFGLDGGQPGPGEGLPRLVSRGAASLSTVTLGPVAPPATPPPWGCPLGRLVSPAPGP	120	0	235	235
7470	HUMAN15773	Q01201	403	579	DSYGVDKKRKRGMPDVLGELNSSDPHGIESKRRKKKPAILDHFLPNHGSGPFLPPSALLPDPDFFSGTVSLPGLEPPGGPDLLDDGFAYDPTAPTLFTMLDLLPPAPPHASAVVCSGGAGAVVGETPGPEPLTLDSYQAPGPGDGGTASLVGSNMFPNHYREAAFGGGLLSPGPEAT	176	535	748	213
7471	HUMAN15779	Q96L34	1	52	MSSRTVLAPGNDRNSDTHGTLGSGRSSDKGPSWSSRSLGARCRNSIASCPEE	51	5	65	60
7473	HUMAN15780	O75864	1	43	MEIAPQEAPPVPGADGDIEEAPAEAGSPSPASPPADGRLKAAA	42	138	206	68
7475	HUMAN15781	Q17RQ9	332	366	REMTRKPWLPGDAGGESAQLLAVQAQAGTERGQGR	34	608	668	60
7476	HUMAN15781	Q17RQ9	541	610	LKPPSPPKSPTRDTPHAAHRANSASRAPPSGRASGQAGEGHHTGDLAHRGKLWPVACALFRPGQSSPGGP	69	855	1025	170
7477	HUMAN15783	Q6QNY0	1	106	MASQGRRRRPLRRPETVVPGEATETDSERSASSSEEEELYLGPSGPTRGRPTGLRVAGEAAETDSEPEPEPEPTAAPRDLPPLVVQRESAEEAWGTEEAPAPAPAR	105	3	200	197
7479	HUMAN15792	P07992	1	96	MDPGKDKEGVPQPSGPPARKKFVIPLDEDEVPPGVAKPLFRSTQSLPTVDTSAQAAPQTYAEYAISQPLEGAGATCPTGSEPLAGETPNQALKPGA	95	0	190	190
7481	HUMAN15797	Q8N819	1	53	MAVLARQLQRLLWTACKKKEREKEGREEEEEEEAGRRAPEGPRSLLTAPRRAQ	52	0	88	88
7483	HUMAN15804	P46093	309	362	ASDKPQEMANASLTLETPLTSKRNSTAKAMTGSWAATPPSQGDQVQLKMLPPAQ	53	368	439	71
7484	HUMAN15809	P48546	413	466	RRSLGEEQRQLPERAFRALPSGSGPGEVPTSRGLSSGTLPGPGNEASRELESYC	53	522	635	113
7485	HUMAN15812	Q9NXS2	1	36	MRSGGRGRPRLRLGERGLMEPLLPPKRRLLPRVRLL	35	22	77	55
7488	HUMAN15814	C9JSJ3	1	104	MFGSSRYLGSSEQPRANSLGPSDRTLVLCSLVEGEDKVNPSEPHGLRMEEKWLLKGKLRNQRNQNKLLSPNKKQRKNHTSKLQELALLLPIALKTGTKKLTKKE	103	0	166	166
7489	HUMAN15815	Q8N196	176	214	RGRALGAVDKYRLRKKFPLPKTIWDGEETVYCFKERSRA	38	315	354	39
7490	HUMAN15815	Q8N196	1	82	MATLPAEPSAGPAAGGEAVAAAAATEEEEEEARQLLQTLQAAEGEAAAAAGAGAGAAAAGAEGPGSPGVPGSPPEAASEPPT	81	86	208	122
7491	HUMAN15823	Q09019	386	423	AATAAGADGERSGEEEEEEPEAAGTGSAGGAPLSPLPK	37	610	668	58
7492	HUMAN15823	Q09019	38	94	GDGAARRSGPASAQTPVPPQPPQPPPGPASASGPGAAGPASSPPPAGPGPGPALPAV	56	136	237	101
7493	HUMAN15823	Q09019	452	575	PHPPLARTRTLPGTPGTTPPAASSSRGGEPGPGPLPRSLSRSNSLPHPAGGGKAGGPGVAAEPGTPFSIGRFATLTLQERRDRGAEKEHKRYHSLGNISRGGSGGSGSGGEKPSGPVPRSRLDP	123	703	922	219
7494	HUMAN15823	Q09019	634	674	AFTDEETEAQTGEGSWPRSPSKSVVEGISSQPGNSPSGTVV	40	982	1038	56
7495	HUMAN15828	Q9H0K4	1	188	MGDLPPYPERPAQQPPGRRTSQASQRRHSRDQAQALAADPEERQQIPPDAQRNAPGWSQRGSLSQQENLLMPQVFQAEEARLGGMEYPSVNTGFPSEFQPQPYSDESRMQVAELTTSLMLQRLQQGQSSLFQQLDPTFQEPPVNPLGQFNLYQTDQFSEGAQHGPYIRDDPALQFLPSELGFPHYSAQ	187	0	231	231
7496	HUMAN15828	Q9H0K4	365	420	GEEEAEEEEVEEMTEGGEVMEAHGEEEGEEDEEKAVDIVPKSVWKPPPVIPKEESR	55	475	566	91
7497	HUMAN15828	Q9H0K4	561	596	QKTEEEEDLGEEEEKADEGPEEVEQEVGPPLLTPLS	35	773	822	49
7498	HUMAN15828	Q9H0K4	681	717	PTVEEEQALKAAQEQALGATEEEEEGEEEEEGEETDD	36	957	1009	52
7501	HUMAN15831	P55318	198	301	GNMFENGCYLRRQKRFKLEEKVKKGGSGAATTTRNGTGSAASTTTPAATVTSPPQPPPPAPEPEAQGGEDVGALDCGSPASSTPYFTGLELPGELKLDAPYNFN	103	256	455	199
7502	HUMAN15831	P55318	1	114	MLGSVKMEAHDLAEWSYYPEAGEVYSPVTPVPTMAPLNSYMTLNPLSSPYPPGGLPASPLPSGPLAPPAPAAPLGPTFPGLGVSGGSSSSGYGAPGPGLVHGKEMPKGYRRPLA	113	6	173	167
7506	HUMAN15834	P60321	27	58	GQRLETQEIEEPSPGPPLGQDQGLGAPGANGG	31	57	122	65
7507	HUMAN15835	Q9UNW9	1	30	MEPEAPDSRKRPLETPPEVVCTKRSNTGEE	29	118	179	61
7508	HUMAN15835	Q9UNW9	312	404	VAAGANPAAAAAANLLASYAGEAGAGPAGGAAPPPPPPPGALGSFALAAAANGYLGAGAGGGAGGGGGPLVAAAAAAGAAGGFLTAEKLAAES	92	536	684	148
7512	HUMAN15846	A0A1B0GUJ8	132	204	ELCPPATGPRELPARKCSVPGLGEKPEAGATVQMDVVPPLDSSEKESKAGVGKRGKRKNKKNRRRHHASDKKL	72	132	211	79
7515	HUMAN15853	P43119	216	268	QQKRHQGSLGPRPRTGEDEVDHLILLALMTVVMAVCSLPLTIRCFTQAVAPDS	52	275	369	94
7516	HUMAN15853	P43119	313	385	GPAHGDSQTPLSQLASGRRDPRAPSAPVGKEGSCVPLSAWGEGQVEPLPPTQQSSGSAVGTSSKAEASVACSL	72	420	527	107
7518	HUMAN15858	Q9BZL6	190	250	GARKRRLSSTSLASGHSVRLGTSESLPCTAEELSRSTTELLPRRPPSSSSSSSASSYTGRP	60	358	492	134
7519	HUMAN15858	Q9BZL6	1	40	MATAPSYPAGLPGSPGPGSPPPPGGLELQSPPPLLPQIPA	39	20	97	77
7520	HUMAN15858	Q9BZL6	314	393	CLGEALINGDVPMEEATDFSEADKSALMDESEDSGVIPGSHSENALHASEEEEGEGGKAQSSLGYIPLMRVVQSVRHTTR	79	558	796	238
7521	HUMAN15864	Q15758	1	42	MVADPPRDSKGLAAAEPTANGGLALASIEDQGAAAGGYCGSR	41	23	139	116
7522	HUMAN15864	Q15758	491	541	SRSTEPELIQVKSELPLDPLPVPTEEGNPLLKHYRGPAGDATVASEKESVM	50	747	840	93
7523	HUMAN15868	Q9NRY4	1442	1499	TEPPGARPSSPSAVASTVPFLTSTPVTSQPSPPQSPPPTPQSPMQPLLPSQLQAEHTL	57	2479	2696	217
7525	HUMAN15869	Q99742	200	240	LRTPTPGPPTPPSVSSSSSSSSSLADTPEIEASLTKVPPSS	40	259	343	84
7526	HUMAN15869	Q99742	409	521	EGGQTPLDAFQLPASVACEEASSPGPEPTEPEPPTEGKQAAPAENEAPQTQGKRIKVEPGPRETKGSEDSGDEDPSSHPATPRPEFTSVIRAGVLKQDPVRPWGLAPPGDPPP	112	593	760	167
7527	HUMAN15870	Q9NX00	1	53	MGGGWWWARAARLARLRFRRSLLPPQRPRSGGARGSFAPGHGPRAGASPPPVS	52	30	86	56
7531	HUMAN15877	C9JVW0	59	142	RSPAAPAGPQPSAPSPPCAARPGVPPVPAPAAASLSCLLGVPGGPRPQLQLPLSRRRRYSDPDRRPSRQTPRETPEAAEGRRPG	83	71	173	102
7532	HUMAN15878	P21730	1	32	MDSFNYTTPDYGHYDDKDTLDLNTPVDKTSNT	31	62	124	62
7533	HUMAN15880	Q14147	698	763	AGAQAAQVGDSYSRLQQRRERRALHQLKRQHEEGAGRRRKVLRLQEEQDGGSSDEDRAGPAPPGAS	65	1165	1304	139
7534	HUMAN15882	Q99687	118	277	SERPLFSSNPELDNLMIQAIQVLRFHLLELEKVHDLCDNFCHRYITCLKGKMPIDLVIEDRDGGCREDFEDYPASCPSLPDQNNMWIRDHEDSGSVHLGTPGPSSGGLASQSGDNSSDQGDGLDTSVASPSSGGEDEDLDQERRRNKKRGIFPKVATNIM	159	311	543	232
7535	HUMAN15882	Q99687	1	67	MARRYDELPHYPGIVDGPAALASFPETVPAVPGPYGPHRPPQPLPPGLDSDGLKREKDEIYGHPLFP	66	44	219	175
7536	HUMAN15882	Q99687	78	108	LATCSPRDGAGAGLGTPPGGDVCSSDSFNED	30	229	269	40
7537	HUMAN15885	Q9UPR5	1	44	MAPLALVGVTLLLAAPPCSGAATPTPSLPPPPANDSDTSTGGCQ	43	194	288	94
7540	HUMAN15893	Q9NZM5	449	478	NMIEPRERAKFKRKYKVKLVEKRAFREIQL	29	1313	1402	89
7542	HUMAN15908	Q86XI8	445	476	EGPDGGGPWLEDEPGRGAQGENERVRGLETGD	31	530	562	32
7543	HUMAN15909	Q8NC26	51	219	CKTKDATPQPDILPKRTFPEANRVCLTSISSQHSTLREDWRCPKTEEPHRQGVNNVKPPAVAPEKDESPVSICEDHEMRNHSKPTCRLVPSQGDSIRQCILTRDSSIFKYNPVLNDSQKTHENNEDDGVLGWNIQWVPCGRKTELKSSTWTGSQNTVHHIRDEIDTGAN	168	83	257	174
7545	HUMAN15922	O95473	183	234	GGMVLTTLPLPSANSPVNMPTTGPNSLSYASSALSPCLTAPKSPRLAMMPDN	51	205	269	64
7546	HUMAN15925	O15399	1	45	MRGAGGPRGPRGPAKMLLLLALACASPFPEEAPGPGGAGGPGGGL	44	5	77	72
7548	HUMAN15927	Q9UNX9	1	48	MGLARALRRLSGALDSGDSRAGDEEEAGPGLCRNGWAPAPVQSPVGRR	47	1	176	175
7549	HUMAN15927	Q9UNX9	358	436	TPVCSAKELDERAEQASHSLKSSFPGSLTAFCYENELALSCCQEEDEDDETEEGNGVETEDGAASPRVLTPTLALTLPP	78	531	622	91
7550	HUMAN15932	A0A0A0MQW5	445	495	PPRPPPPPPPPRDGPFPWPWPPAHSAPRPGTLSSPFPLLDGFPGADPDDVL	50	472	525	53
7551	HUMAN15932	A0A0A0MQW5	503	566	GLNLECLWEKARRGAGRGGGAPAWQPASAPPAPHANPSNPFYEALSTPSVLPVISARSPSVSSE	63	532	598	66
7553	HUMAN15933	O00204	312	365	DPEEDGSPDPEPSPEPEPKPSLEPNTSLEREPRPNSSPSPSPGQASETPHPRPS	53	434	490	56
7556	HUMAN15946	Q5U651	1	142	MLSGERKEGGSPRFGKLHLPVGLWINSPRKQLAKLGRRWPSAASVKSSSSDTGSRSSEPLPPPPPHVELRRVGAVKAAGGASGSRAKRISQLFRGSGTGTTGSSGAGGPGTPGGAQRWASEKKLPELAAGVAPEPPLATRAT	141	102	347	245
7557	HUMAN15946	Q5U651	257	369	REEARRLEQEAFGAADSEGTGAPSWRPQKNRSRAASGGAALASPGPGTGSGAPAGSGGKERSENLSLRRSVSELSLQGRRRRQQERRQQALSMAPGAADAQIGTADPGDFDQL	112	497	669	172
7558	HUMAN15947	Q8IYV9	255	287	KMIKEEKPSPNIVTPGEATTESSISLQPLQPEK	32	326	386	60
7559	HUMAN15949	Q9NSA1	149	209	NKSPHRDPAPRGPARFLPLPGLPPALPEPPGILAPQPPDVGSSDPLSMVGPSQGRSPSYAS	60	167	238	71
7560	HUMAN15953	Q9H4M7	1	46	MEGSRPRSSLSLASSASTISSLSSLSPKKPTRAVNKIHAFGKRGNA	45	0	47	47
7563	HUMAN15954	O75807	622	674	PPLAPIPALTQTLPSSSVPSSPVQTTPLSQAVATPSRSSAAAAAALDLSGRRG	52	1081	1141	60
7565	HUMAN15958	Q02818	1	46	MPPSGPRGTLLLLPLLLLLLLRAVLAVPLERGAPNKEETPATESPD	45	20	127	107
7566	HUMAN15958	Q02818	356	461	AREAELNAKAQRLSQETEALGRSQGRLEAQKRELQQAVLHMEQRKQQQQQQQGHKAPAAHPEGQLKFHPDTDDVPVPAPAGDQKEVDTSEKKLLERLPEVEVPQHL	105	489	642	153
7569	HUMAN15973	P0DN86	118	165	TDCGGPKDHPLTCDDPRFQDSSSSKAPPPSLPSPSRLPGPSDTPILPQ	47	151	202	51
7570	HUMAN15974	Q6NT52	120	163	GPKDHPLTCDDPRFQASSSSKAPPPSLPSPSRLPGPSDTPILPQ	43	129	173	44
7571	HUMAN15978	P0DN87	122	165	GPKDHPLTCDDPRFQASSSSKAPPPSLPSPSRLPGPSDTPILPQ	43	137	181	44
7572	HUMAN15980	P34130	56	89	PPLLFLLEAGAFRESAGAPANRSRRGVSETAPAS	33	84	123	39
7573	HUMAN15981	Q96RP8	169	202	RDDRDGTGLAAAAAAGPFPAPLNGSSQMPGNPPR	33	314	389	75
7574	HUMAN15981	Q96RP8	406	456	EGEEAGMFSHVDMQPCGPLEGKANGGLVDGEVPELPPPLWAPPGKHLVTEV	50	593	688	95
7576	HUMAN15986	Q9NVV2	1	129	MRLKVGFQGGGCFRKDALCLEGGVSARWARAPHSAPLRPPRELHAAPPPATPTQTVVRPAGFPRRTRLMVRSAPPTQRPPTGSGCVSGLWRKGLGLRPQTLLRVGSVVLSSAPALRPRLGPCLRPPPSD	128	0	129	129
7577	HUMAN15987	O75145	1157	1186	AAAGALGSPGLPLRKLQPEGQTSGSSRADG	29	1661	1700	39
7579	HUMAN15987	O75145	854	937	PAWYVAACRANVKSGAIMANLSDTEIQREIGISNPLHRLKLRLAIQEMVSLTSPSAPASSRTSTGNVWMTHEEMESLTATTKPE	83	1314	1412	98
7581	HUMAN15990	Q8TD43	519	553	YPSGGAWDPHPGQGFGESMYLLSDKATSPLSLDAG	34	698	746	48
7582	HUMAN15990	Q8TD43	713	764	SEEEPTREELEFDMDSVINGEGPVGTADPAEKTPLGVPRQSGRPGCCGGRCG	51	919	1020	101
7583	HUMAN15991	Q9GZN6	1	99	MKTEAQPSTSLLANTSWTGTVISDSVPGSQTWEDKGSLTRSATSWTSEAQVSAARVAEAQARTSQPKQISVLEALTASALNQKPTHEKVQMTEKKESEV	98	0	129	129
7584	HUMAN15991	Q9GZN6	689	736	RPKSGDGPMTASTSLPLSHQLTPSKEVQKEEILQVDETKYPSTCNVTS	47	746	798	52
7585	HUMAN15999	Q15562	1	41	MGEPRAGAALDDGSGWTGSEEGSEEGTGGSEGAGGDGGPDA	40	83	126	43
7586	HUMAN16001	Q9UK85	1	159	MGEASPPAPARRHLLVLLLLLSTLVIPSAAAPIHDADAQESSLGLTGLQSLLQGFSRLFLKGNLLRGIDSLFSAPMDFRGLPGNYHKEENQEHQLGNNTLSSHLQIDKMTDNKTGEVLISENVVASIQPAEGSFEGDLKVPRMEEKEALVPIQKATDSF	158	3	210	207
7587	HUMAN16002	Q8N6L0	112	171	GGLELEEETAFQGALTSRQLPSGCPEAEEPANLESFGGEDPRPELQATADLLSSLEDLEL	59	215	277	62
7589	HUMAN16004	Q96A98	1	64	METRQVSRSPRVRLLLLLLLLLVVPWGVRTASGVALPPVGVLSLRPPGRAWADPATPRPRRSLA	63	13	103	90
7591	HUMAN16006	Q9P2U7	1	51	MEFRQEEFRKLAGRALGKLHRLLEKRQEGAETLELSADGRPVTTQTRDPPV	50	5	78	73
7592	HUMAN16006	Q9P2U7	498	560	AEPEEMSEEKCGFVGHDQLAGSDDSEMEDEAEPPGAPPAPPPSYGATHSTFQPPRPPPPVRDY	62	696	811	115
7593	HUMAN16008	Q9NWS0	174	207	ISQQNIRSEQRPRIQELGDLYTPAPGRAESGPEK	33	285	413	128
7594	HUMAN16014	P49771	163	235	STLPPPWSPRPLEATAPTAPQPPLLLLLLLPVGLLLLAAAWCLHWQRTRRRTPRPGEQVPPVPSPQDLLLVEH	72	271	419	148
7595	HUMAN16019	P62280	1	30	MADIQTERAYQKQPTIFQNKKRVLLGETGK	29	62	163	101
7596	HUMAN16021	P55899	325	365	RSGLPAPWISLRGDDTGVLLPTPGEAQDADLKDVNVIPATA	40	363	408	45
7597	HUMAN16023	Q96D15	1	51	MMWRPSVLLLLLLLRHGAQGKPSPDAGPHGQGRVHQAAPLSDAPHDDAHGN	50	48	145	97
7598	HUMAN16025	O14669	139	181	GQQPCPQEAGLISPLSPLNPLGPPTPLPPPPPPPPGLPTYEQA	42	194	256	62
7600	HUMAN16029	Q9H7N4	1279	1312	KHGRKPGDPPGPPRPPKEPGPPDKGGPGLPLPPL	33	2411	2542	131
7602	HUMAN16030	Q14653	115	176	GDFSQPDTSPDTNGGGSTSDTQEDILDELLGNMVLAPLPDPGPPSLAVAPEPCPQPLRSPSL	61	144	337	193
7603	HUMAN16032	Q9HB09	1	171	MGRPAGLFPPLCPFLGFRPEACWERHMQIERAPSVPPFLRWAGYRPGPVRRRGKVELIKFVRVQWRRPQVEWRRRRWGPGPGASMAGSEELGLREDTLRVLAAFLRRGEAAGSPVPTPPRSPAQEEPTDFLSRLRRCLPCSLGRGAAPSESPRPCSLPIRPCYGLEPGPAT	170	13	207	194
7604	HUMAN16034	Q99873	1	49	MAAAEAANCIMENFVATLANGMSLQPPLEEVSCGQAESSEKPNAEDMTS	48	46	251	205
7605	HUMAN16035	C9JUS6	115	153	RPLLGFSLPICMLELLLHISSPLTPAPETVFPSPSPGCD	38	131	176	45
7606	HUMAN16035	C9JUS6	1	35	MTIHILILLLLLAFSAQGDLDTAARRGQHQVPQHR	34	14	50	36
7607	HUMAN16035	C9JUS6	63	103	ALGEGQPRAPGPLQLWAPPVARGGSPARFPGFRPAARGLAQ	40	77	119	42
7608	HUMAN16037	Q8TCG5	769	803	KRRFRGSGKENSRHRCGFLSRQTGASKASMTSTDF	34	808	846	38
7610	HUMAN16039	Q9UJT2	514	592	ALSSTLRLAQDEALRAKNLLLTDKMKPEEKMATLDHLHLKMCSLHDHLSNLPLEGSTGTMGGGSSAGTPPKQGGSAPEQ	78	684	773	89
7614	HUMAN16051	Q96T60	110	142	RTPESQPDTPPGTPLVSQDEKRDAELPKKRMRK	32	245	426	181
7615	HUMAN16054	Q9HA65	595	648	APPAEPHSPSPTASPLPLSPTRAPPTPPPSTDTAPQPDSSLEILPEEEDEGADS	53	1293	1429	136
7618	HUMAN16061	Q96RL6	586	638	ICRKEARKRAAAEQDVPSTLGPISQGHQHECSAGSSQDHPPPGAATYTPGKGE	52	767	910	143
7620	HUMAN16065	Q8WTR7	51	208	NLTSHPDGSEDLEPLAGGSPEATSPDVTETKNSPLMEDFFEEGFSQEIIEMLSKDGFWNSNFGEACIEDTWLDSLLGDPESLLRSDIATNGESPTECKSHELKRGLSPVSTVSTGEDSMVHNVSEKTLTPAKSKEYRGEFFSYSDHSQQDSVQEGEKP	157	130	320	190
7621	HUMAN16070	Q7Z406	1	45	MAAVTMSVPGRKAPPRPGPVPEAAQPFLFTPRGPSAGGGPGSGTS	44	10	60	50
7622	HUMAN16072	Q14003	1	86	MLSSVCVSSFRGRQGASKQQPAPPPQPPESPPPPPLPPQQQQPAQPGPAASPAGPPAPRGPGDRRAEPCPGLPAAAMGRHGGGGGD	85	39	203	164
7623	HUMAN16072	Q14003	203	265	EAPDPAGAANAANAAGAHDGGLDDEAGAGGGGLDGAGGELKRLCFQDAGGGAGGPPGGAGGAG	62	322	400	78
7624	HUMAN16072	Q14003	554	702	KLPKKKNKHIPRPPQPGSPNYCKPDPPPPPPPHPHHGSGGISPPPPITPPSMGVTVAGAYPAGPHTHPGLLRGGAGGLGIMGLPPLPAPGEPCPLAQEEVIEINRADPRPNGDPAAAALAHEDCPAIDQPAMSPEDKSPITPGSRGRYS	148	714	915	201
7625	HUMAN16073	P55055	153	239	GMREQCVLSEEQIRKKKIRKQQQESQSQSQSPVGPQGSSSSASGPGASPGGSEAGSQGSGEGEGVQLTAAQELMIQQLVAAQLQCNK	86	355	524	169
7626	HUMAN16073	P55055	1	80	MSSPTTSSLDTPLPGNGPPQPGAPSSSPTVKEEGPEPWPGGPDPDVPGTDEASSACSTDWVIPDPEEEPERKRKKGPAPK	79	48	282	234
7627	HUMAN16078	Q14324	1	49	MPEAKPAAKKAPKGKDAPKGAPKEAPPKEAPAEAPKEAPPEDQSPTAEE	48	4	81	77
7628	HUMAN16079	Q6IPT2	1	89	MGPPLWPDLQEPPPPGTSSQIRSPLLCDVIKPAPHHDVTVRVVPPPRFLPLLLRPLPSDGDIAMRRDRGPKPALGGAGEVEPGGMAASP	88	1	114	113
7629	HUMAN16082	Q5UCC4	1	47	MAAASAGATRLLLLLLMAVAAPSRARGSGCRAGTGARGAGAEGREGE	46	28	99	71
7630	HUMAN16088	Q9NT99	1	49	MARARGSPCPPLPPGRMSWPHGALLFLWLFSPPLGAGGGGVAVTSAAGG	48	5	69	64
7631	HUMAN16088	Q9NT99	590	693	AVMLVAFYKLRKQHQLHKHHGPTRTVEIINVEDELPAASAVSVAAAAAVASGGGVGGDSHLALPALERDHLNHHHYVAAAFKAHYSSNPSGGGCGGKGPPGLNS	103	667	866	199
7633	HUMAN16091	C9J6K1	1	46	MQPEVEPVCFPAMGSPTMHRKAGALLMDLETPEEMQARSLGRPIKS	45	10	63	53
7634	HUMAN16093	Q9Y240	1	139	MQAAWLLGALVVPQLLGFGHGARGAEREWEGGWGGAQEEEREREALMLKHLQEALGLPAGRGDENPAGTVEGKEDWEMEEDQGEEEEEEATPTPSSGPSPSPTPEDIVTYILGRLAGLDAGLHQLHVRLHALDTRVVEL	138	89	289	200
7635	HUMAN16094	O75388	1	36	MNGVSEGTRGCSDRQPGVLTRDRSCSRKMNSSGCLS	35	0	40	40
7636	HUMAN16109	Q9Y337	23	64	VTEHVLANNDVSCDHPSNTVPSGSNQDLGAGAGEDARSDDSS	41	77	156	79
7637	HUMAN16114	O43240	1	42	MRAPHLHLSAASGARALAKLLPLLMAQLWAAEAALLPQNDTR	41	67	141	74
7638	HUMAN16115	Q9UBX7	1	43	MQRLRWLRDWKSSGRGLTAAKEPGARSSPLQAMRILQLILLAL	42	0	45	45
7639	HUMAN16121	Q9UKR3	1	31	MWPLALVIASLTLALSGGVSQESSKVLNTNG	30	38	79	41
7640	HUMAN16122	Q9P0G3	1	36	MSLRVLGSGTWPSAPKMFLLLTALQVLAIAMTQSQE	35	0	45	45
7642	HUMAN16124	Q9Y336	375	428	KKSARPAAGVGDTGIEDANAVRGSASQGPLTEPWAEDSPPDQPPPASARSSVGE	53	634	688	54
7643	HUMAN16127	Q9Y286	378	432	SCRKKSARPAADVGDIGMKDANTIRGSASQGNLTESWADDNPRHHGLAAHSSGEE	54	402	459	57
7644	HUMAN16129	P20138	265	335	AGVTALLALCLCLIFFIVKTHRRKAARTAVGRNDTHPTTGSASPKHQKKSKLHGPTETSSCSGAAPTVEMD	70	426	497	71
7645	HUMAN16131	Q8N7X8	133	197	LLPLIVKHIRKKQAKKAAAIRAKKSSKVRASQELEMSLKPEEPGKPVVATFSESRILEKQDKRAS	64	134	201	67
7646	HUMAN16133	Q86VR7	807	867	GKTPEKKKHPSTLVPVVTPSEKKMHSVTPVEISWPLDLKVPLEDHSSTRAYQAQTPVQLSL	60	974	1056	82
7647	HUMAN16142	I3L1E1	83	186	PSCPCCSQAGHSQPGAVRRPPRGRGGWEVRHRPGWGRGLHRRGLGRAEQPERGRAGGPGAGPRTPPMTLPSPPTLPAQDGKKEARGPEPPLETPLAAEDWETEY	103	91	208	117
7648	HUMAN16143	Q96LC7	573	661	ILPKRRTQTETPRPRFSRHSTILDYINVVPTAGPLAQKRNQKATPNSPRTPLPPGAPSPESKKNQKKQYQLPSFPEPKSSTQAPESQES	88	642	753	111
7649	HUMAN16144	Q9NYZ4	389	442	KKSARPAAGVGDTGMEDAKAIRGSASQGPLTESWKDGNPLKKPPPAVAPSSGEE	53	705	776	71
7650	HUMAN16144	Q9NYZ4	456	499	KPQDPQGQEATDSEYSEIKIHKRETAETQACLRNHNPSSKEVRG	43	789	841	52
7651	HUMAN16146	Q96PQ1	506	560	RKKSARPAVGVGDTGMEDANAVRGSASQGPLIESPADDSPPHHAPPALATPSPEE	54	561	617	56
7652	HUMAN16147	O43699	372	421	TRRKKAAQPVQNTDDVNPVMVSGSRGHQHQFQTGIVSDHPAEAGPISEDE	49	524	597	73
7653	HUMAN16149	Q9Y473	81	280	KEKEPRVEEAEVSHQRCQEREFGLEIPQKEISKKASFQKDMVGEFTRDGSWCSILEELRLDADRTKKDEQNQIQPMSHSAFFNKKTLNTESNCEYKDPGKMIRTRPHLASSQKQPQKCCLFTESLKLNLEVNGQNESNDTEQLDDVVGSGQLFSHSSSDACSKNIHTGETFCKGNQCRKVCGHKQSLKQHQIHTQKKPDG	199	148	349	201
7654	HUMAN16151	O15389	446	514	VMALLCICLCLIFFLIVKARRKQAAGRPEKMDDEDPIMGTITSGSRKKPWPDSPGDQASPPGDAPPLEE	68	518	588	70
7655	HUMAN16163	Q9GZX5	53	205	KPDALFKLEQGEQLWTIEDGIHSGACSDIWKVDHVLERLQSESLVNRRKPCHEHDAFENIVHCSKSQFLLGQNHDIFDLRGKSLKSNLTLVNQSKGYEIKNSVEFTGNGDSFLHANHERLHTAIKFPASQKLISTKSQFISPKHQKTRKLEKH	152	114	270	156
7656	HUMAN16170	Q08AN1	51	183	KCVIKELPPTENSNTGERFQTVALERHQSYDIENLYFREIQKHLHDLEFQWKDGETNDKEVPVPHENNLTGKRDQHSQGDVENNHIENQLTSNFESRLAELQKVQTEGRLYECNETEKTGNNGCLVSPHIREK	132	75	250	175
7657	HUMAN16183	Q8N9Z0	77	172	KQRREPLILQSQVKIVKNTDGRECVRSVNTGRSCVLGSNAENKPIKNQLGLTLEAHLSELQLFQAGRKIYRSNQVEKFTNHRSSVSPLQKISSSFT	95	79	175	96
7658	HUMAN16189	Q3MIS6	47	185	LGICLPDLSVTSMLEQKRDPWTLQSEEKIANDPDGRECIKGVNTERSSKLGSNAGNKPCKNQLGFTFQLHLSDLQLFQAERKISGCKHFEKPVSDNSSVSPLEKISSSVKSHLLNKYRNNFDHAPLLPQEQKAHIREKA	138	85	224	139
7659	HUMAN16195	Q8N4W9	59	191	NLEAVDISSKHMMKEVLSTGQGNREVIHTGTLQRHQSYHIGDFCFQEIEKEIHNIEFQCQEDERNGHEAPTTKIKKLTGSTDQHDHRHAGNKPIKDQLGSSFYSHLPELHIFQIKGEIANQLEKSTSDASSVS	132	83	216	133
7660	HUMAN16200	P51522	1	108	MHGRKDDAQKQPVKNQLGLNPQSHLPELQLFQAEGKIYKYDHMEKSVNSSSLVSPPQRISSTVKTHISHTYECNFVDSLFTQKEKANIGTEHYKCSERGKAFHQGLHF	107	163	271	108
7661	HUMAN16209	Q6ZNG1	1	160	MMKEVLSTGQGNTEVIHTGTLQRYQSYHIGDFCFQEIEKEIHDIEFQCQEDERNGHEAPMTKIKKLTGSTDQHDHRHAGNKPIKDQLGSSFYSHLPELHIIQIKGKIGNQFEKSTSDAPSVSTSQRISPRPQIHISNNYGNNSPNSSLLPQKQEVYMREK	159	53	223	170
7662	HUMAN16210	P17035	52	186	KCMMKTFFSTGQGNTEAFHTGTLQRQASHHIGDFCFQKIEKDIHGFQFQWKEDETNDHAAPMTEIKELTGSTGQHDQRHAGNKHIKDQLGLSFHSHLPELHIFQPEGKIGNQVEKSINNASSVSTSQRICCRPKT	134	57	204	147
7663	HUMAN16213	Q5VIY5	50	201	SSKCMLKTLSSTGQGNTEVIHTGTLHRQASHHIGEFCFHEIEKDIHGFEFQWKEDETNGHAAPMTEIKELAGSTGQHDQRHAGNKRIKDQLGSSFHLHLPEPHIFQSEGKIGNQVEKSINNASSVSTSQRICCRPKTHISNKYGNNSLHSSL	151	49	201	152
7664	HUMAN16225	Q9HCG1	51	254	HFDMNIISMLEEGKEPWTVKSCVKIARKPRTPECVKGVVTDIPPKCTIKDLLPKEKSSTEAVFHTVVLERHESPDIEDFSFKEPQKNVHDFECQWRDDTGNYKGVLMAQKEGKRDQRDRRDIENKLMNNQLGVSFHSHLPELQLFQGEGKMYECNQVEKSTNNGSSVSPLQQIPSSVQTHRSKKYHELNHFSLLTQRRKANSCG	203	101	335	234
7665	HUMAN16235	Q86XU0	53	183	PPEDDISVGFTSKGLSPKENNKEELYHLVILERKESHGINNFDLKEVWENMPKFDSLWDYDVKNYKGMPLTCNKNLTHRKDQQHNKSSIHFSLKQSVSIRDSAHQYFIHDKPFIRNLLKLKNNIRYAGNKY	130	52	186	134
7666	HUMAN16255	Q9NQX6	49	132	SAYENKSLPTEKNIHEIRASKRNSDRRSKSLGRNWICEGTLERPQRSRGRYVNQMIINYVKRPATREGTPPRTHQRHHKENSFE	83	108	198	90
7667	HUMAN16256	A6NFQ7	70	107	KLKKAKCKHIHQKQETPQPPIPEGGVSTSVGLRNADTL	37	76	116	40
7668	HUMAN16257	P59046	90	124	QREDLVRDTPPGGPSSLGNQSTCLLEVSLVTPRKD	34	146	211	65
7669	HUMAN16260	P62955	209	275	MYRPHPAFYRPRLSDCSDYSGQFLQPEAWRRGRSPSDISSDVSIQMTQNYPPAIKYPDHLHISTSPC	66	292	428	136
7671	HUMAN16262	Q9BXT2	1	35	MMWSNFFLQEENRRRGAAGRRRAHGQGRSGLTPER	34	2	50	48
7672	HUMAN16263	Q6UX27	160	202	SQHSSSSEESTKRTSHSKLPEQEAAEADLSNMERVSLSTADPQ	42	176	226	50
7673	HUMAN16272	P0C1Z6	1	214	MELEQREGTMAAVGFEEFSAPPGSELALPPLFGGHILESELETEVEFVSGGLGGSGLRERDEEEEAARGRRRRQRELNRRKYQALGRRCREIEQVNERVLNRLHQVQRITRRLQQERRFLMRVLDSYGDDYRASQFTIVLEDEGSQGTDAPTPGNAENEPPEKETLSPPRRTPAPPEPGSPAPGEGPSGRKRRRVPRDGRRAGNALTPELAPVQ	213	0	238	238
7676	HUMAN16285	P46781	163	194	SPYGGGRPGRVKRKNAKKGQGGAGAGDDEEED	31	340	425	85
7677	HUMAN16290	Q8N423	422	598	SMGSSPPPTGPISTPAGPEDQPLTPTGSDPQSGLGRHLGVVIGILVAVVLLLLLLLLLFLILRHRRQGKHWTSTQRKADFQHPAGAVGPEPTDRGLQWRSSPAADAQEENLYAAVKDTQPEDGVEMDTRAAASEAPQDVTYAQLHSLTLRRKATEPPPSQEREPPAEPSIYATLAIH	176	461	706	245
7678	HUMAN16292	P59901	470	499	SQRSPPRCSQEANSRKDNAPFRVVEPWEQI	29	688	792	104
7679	HUMAN16294	Q6GTX8	124	287	SGGPDSPDTEPGSSAGPTQRPSDNSHNEHAPASQGLKAEHLYILIGVSVVFLFCLLLLVLFCLHRQNQIKQGPPRSKDEEQKPQQRPDLAVDVLERTADKATVNGLPEKDRETDTSALAAGSSQEVTYAQLDHWALTQRTARAVSPQSTKPMAESITYAAVARH	163	141	316	175
7680	HUMAN16307	O75019	424	489	ETLSPPQNKSDSKAGAANTLSPSQNKTASHPQDYTVENLIRMGIAGLVLVVLGILLFEAQHSQRSL	65	622	752	130
7681	HUMAN16312	P43628	270	299	CNKKNAVVMDQEPAGNRTVNREDSDEQDPQ	29	286	349	63
7682	HUMAN16315	P43629	365	424	SNKKNAAVMDQEPAGNRTANSEDSDEQDPEEVTYAQLDHCVFTQRKITRPSQRPKTPPTD	59	480	542	62
7683	HUMAN16318	P43630	362	455	RWCSNKKNAAVMDQEPAGDRTVNRQDSDEQDPQEVTYAQLDHCVFIQRKISRPSQRPKTPLTDTSVYTELPNAEPRSKVVSCPRAPQSGLEGVF	93	384	510	126
7684	HUMAN16322	Q8WX94	93	122	EDGQVQEIDNPELGDAEEDSELAKPGEKEG	29	188	224	36
7685	HUMAN16329	Q8TE68	159	253	RSGRGERRAAALRATQEELQRDRSPAAETPPLQRRPSVRAVISTVERGAGRGRPQAKPIPEAEEAQRPEPVGTSSNADSASPDLGPRGPDLAVLQ	94	355	560	205
7686	HUMAN16329	Q8TE68	278	307	SAEAARVLEHRERGRRSRRRAAGEGLLTLR	29	615	663	48
7689	HUMAN16331	Q9BZL4	1	43	MSGEDGPAAGPGAAAAAARERRREQLRQWGARAGAEPGPGERR	42	12	131	119
7692	HUMAN16335	P19429	142	210	PTLRRVRISADAMMQALLGARAKESLDLRAHLKQVKKEDTEKENREVGDWRKNIDALSGMEGRKKKFES	68	241	326	85
7693	HUMAN16335	P19429	1	60	MADGSSDAAREPRPAPAPIRRRSSNYRAYATEPHAKKKSKISASRKLQLKTLLLQIAKQE	59	17	156	139
7695	HUMAN16348	Q86Y97	239	383	EGAFRTRPREPALPPRPLDKYQLRETKRRLQQGLDSGSRQGLLGPRACVHPSPLRRDPFCAACQPLRLPACSARPDTSPLWLQWLPQPQPRVRPRKRRRPRPRRAPVLSTHHAARVSLHRWGGCGPHCRLRGEALVALGQPPHAR	144	356	545	189
7697	HUMAN16352	Q8WZ59	119	177	PCDMSKSVSLLSKHRGTKKTPSTGSVPVALSKESRDVEGGTEGEGTEEGEETEGEEEED	58	141	207	66
7698	HUMAN16353	C9JI98	124	176	SAPAAAGQRPAPGSRRARRAARAPPPPAAGSRRVRLQLATLEAGPGAAGAGSE	52	137	201	64
7700	HUMAN16362	A6NL88	1	78	MPALLLLVLLASSAGQARARPSNATSAEPAGPLPALLAHLRRLTGALTGGGGAASPGANGTRTGPAGGAGAAARAPPP	77	0	165	165
7701	HUMAN16365	A0A1B0GUS0	1	171	MHPGVPEGPGVSEPGPRELCAFVSGAAAHMLRALQPRRTRPPKRRPNHRRFLHNQICRQFTKIEAATQRLALSILSQEAPPQRPSLQKPPPPPPSPFLGVACAVAPTEAPHASASLSLAALDTSTLDLFDNIALTPECASMPWDPSSGSDAPLPAPGLSHRDLGQLDLRQV	170	0	186	186
7702	HUMAN16366	Q5EBL2	1	35	MSGVMVGSHADMAPASTAEGAGEKPGPAAPAPAAQ	34	57	97	40
7703	HUMAN16366	Q5EBL2	228	283	AAPAPGTASAAPPPQSREPGKVFVCDAYLQRHLQPHSPPAPPAPPPPPPPVVPELF	55	294	374	80
7704	HUMAN16366	Q5EBL2	306	352	SEELLLEHQPCPGPDAAPQPQEAPAEAPKADQPPSPLPQPPPPAAAP	46	399	459	60
7705	HUMAN16366	Q5EBL2	735	768	PPPAPPKLILLPSSSAGAGGGRARQGPRAVGKAG	33	871	924	53
7706	HUMAN16371	A1L4H1	911	942	TTRRPGSSSPAIRRLPDTGSKDGYKLPWTWDT	31	1176	1212	36
7708	HUMAN16372	P0C263	1	46	MPGKQSEEGPAEAGASEDSEEEGLGGLTLEELQQGQEAARALEDMM	45	0	86	86
7709	HUMAN16373	P0C264	311	359	QGNREGPGVLGSAVSYEDREEGGSSLEEWTDEGDDSKSGGRTGTDGGAP	48	360	448	88
7710	HUMAN16379	P0CJ78	1029	1059	TYGLKKHRLAHKAENLGGPGAGAGTLAGKDA	30	1145	1188	43
7711	HUMAN16382	Q9UK33	1	49	MLLLPPRPPHPRSSSPEAMDPPPPKAPPFPKAEGPSSTPSSAAGPRPPR	48	86	150	64
7712	HUMAN16382	Q9UK33	62	91	PYTYTVQLEEEPRGPPQREAPPGEPGPRKG	29	163	205	42
7715	HUMAN16394	Q86W25	107	176	ENVQTQELQDPTQEDLEMLEAAAGNMQTQGCQDPNQEELDELEEETGNVQAQGCQDPNQEEPEMLEEADH	69	231	388	157
7716	HUMAN16395	Q86W28	1	35	MSDVNPPSDTPIPFSSSSTHSSHIPPWTFSCYPGS	34	0	63	63
7717	HUMAN16396	P59047	150	251	SPEDPEATMTDQGPSKEKVPGISQAVQQDSATAAETKEQEISQAMEQEGATAAETEEQEISQAMEQEGATAAETEEQGHGGDTWDYKSHVMTKFAEEEDVRR	101	188	336	148
7718	HUMAN16397	Q6DD87	325	382	GFVQGAALRRHKKIHAVGAPSVCSSCGQSYYRAGGEEEDDDDEAAGGRCPECRGGEGR	57	383	445	62
7719	HUMAN16399	Q8N0Y2	1	40	MEVAVPVKQEAEGLALDSPWHRFRRFHLGDAPGPREALGL	39	27	85	58
7720	HUMAN16399	Q8N0Y2	290	327	REHVLRHQRIHGRAAASAQGAVAPGPDGGGPFPPWPLG	37	403	452	49
7722	HUMAN16401	A6NJL1	1	39	MAANWTLSWGQGGPCNSPGSDTPRSVASPETQLGNHDRN	38	0	40	40
7723	HUMAN16402	A6NGD5	124	351	RPKKWSVVSFLGKEYLMQESDVEMAEAPASVRDDPRHVSSQRTSSVNQMCPEEGQASQELQTLPRVPALFRRQEEDFLLPETTVMKGDPKALRPKPTLEKDLEEDREENPGLTSPEPQLPNSPTGVVGAKEGKEPQKRASVENVDADTPSACVVEREASTHSGSRGDALNLRGLKRSKPDATSISQEEPQGEATPVGNRESPGQAEINPVHSPGPAGPVSHPSGQEVK	227	128	368	240
7724	HUMAN16402	A6NGD5	1	39	MAANCTSSWSLGESCNSPGSEPPQSMPSPATQLGNHDSD	38	0	44	44
7726	HUMAN16403	Q9BUG6	1	38	MAANCTSSWSLGESCNRPGLELPRSMASSETQLGNHDV	37	67	106	39
7727	HUMAN16405	A0A1B0GTR0	1	116	MHRSEPFLKMSLLILLFLGLAEACTPREVATKEKINLLKGIIGLMSRLSPDGLRHNITSLKMPPLVSPQDRTEEEIKKILGLLSLQVLHEETSGCKEEVKPFSGTTPSRKPLPKRK	115	0	141	141
7728	HUMAN16408	Q96NG8	61	170	GKEPWMVERVVSGGLCPVLESRYDTKELFPKQHVYEVESPQWEIMESLTSYGLECSSFQDDWECRNQFDRQQGNPDRHFHQMIIRHEEMPTFDQHASLTFYQKIHTREKP	109	144	258	114
7730	HUMAN16412	Q9BX82	68	191	QGREPWEMTSEMTRSPFSDWESIYVTQELPLKQFMYDDACMEGITSYGLECSTFEENWKWEDLFEKQMGSHEMFSKKEIITHKETITKETEFKYTKFGKCIHLENIEESIYNHTSDKKSFSKNS	123	90	215	125
7731	HUMAN16413	Q8NHY6	1	97	MRGAASASVREPTPLPGRGAPRTKPRAGRGPTVGTPATLALPARGRPRSRNGLASKGQRGAAPTGPGHRALPSRDTALPQERNKKLEAVGTGIEPKA	96	0	114	114
7732	HUMAN16415	Q6ECI4	76	226	EQEKDPWVIKGGMNRGLCPDLECVWVTKSLSLNQDIYEEKLPPAIIMERLKSYDLECSTLGKNWKCEDLFERELVNQKTHFRQETITHIDTLIEKRDHSNKSGTVFHLNTLSYIKQIFPMEERIFNFHTDKKSLKTHSVVKKHKQDRGEKK	150	108	281	173
7733	HUMAN16418	P0DL12	1	118	MQSLRPEQTRGLLEPERTKTLLPRESRAWEKPPHPACTKDWEAVEVGASSHDSDEKDLSSQETGLSQEWSSVEEDDESEGSQGFVEWSKAPQQTTIVLVVCVLFLFLVLTGMPMMFHI	117	0	120	120
7734	HUMAN16420	Q9Y2P0	482	537	AFSFSSALIRHQRTHADSSGRLCPAPTPDSTPGLSQGGETCQQGCPGRNPRGPAED	55	516	603	87
7735	HUMAN16421	Q9NZV7	1	109	MYQPEDDNNSDVTSDDDMTRNRRESSPPHSVHSFSGDRDWDRRGRSRDMEPRDRWSHTRNPRSRMPPRDLSLPVVAKTSFEMDREDDRDSRAYESRSQDAESYQNVVDL	108	61	210	149
7736	HUMAN16421	Q9NZV7	222	329	PDIISRLEEEESYAMETDSRHTVICQGESHDDPLEPHQGNQEKLLTPITMNDPKTLTPERSYGSDEFERSSNLSKQSKDPLGKDPQEGTAPGICTSPQSASQENKHNR	107	345	516	171
7738	HUMAN16423	Q9GZU2	1	38	MLPPKHLSATKPKKSWAPNLYELDSDLTKEPDVIIGEG	37	0	38	38
7739	HUMAN16424	Q9HBJ7	107	285	SQQPMKSDDDWSVFESRNMLKEIDKTSFYSICNKPSYQKMPLFMSKSPTHVKKGILENQGGKGQNTLSSDVQTNEDILKEDNPVPNKKYKTDSLKYIQSNRKNPSSLEDLEKDRDLKLGPSFNTNCNGNPNLDETVLATQTLNAKNGLTSPLEPEHSQGDPRCNKAQVPLDSHSQQLQQ	178	170	414	244
7740	HUMAN16424	Q9HBJ7	552	657	SSSAPVGKCEVLEVSQEMISEINSPLTPSMKLTSESSDSLVLPVEPDKNADLQRFQRDCGDASQEQHQRDLENGSALESELVHFRDRAIGEKELPVADSLMDQGDI	105	746	880	134
7741	HUMAN16424	Q9HBJ7	746	817	FLQQAPPPGVRKLDAQEHTEETLNQSTELRLQKADLNHLGALGSDNPGNKNILDAENTRGEAKELTRNVKMG	71	1005	1093	88
7742	HUMAN16426	A6NLW8	155	204	RLLLQRKREPVASLEQEEQGKIPEGLQGAEDTQNGTNFTSDSHFSGARTW	49	155	210	55
7743	HUMAN16426	A6NLW8	69	102	RHGFQKRPEAETLESSQSQGQDQPGVEFQSREAR	33	68	103	35
7744	HUMAN16430	Q9UQB9	1	34	MSSPRAVVQLGKAQPAGEELATANQTAQQPSSPA	33	3	74	71
7745	HUMAN16433	Q14592	56	168	TKPETVEPIPSHLALPEEVSLQEQLAQGVPRYSYLGQAMDQDGPSEMQEYFLRPGTDPQSEKLHGKMSLEHEGLATADGICSMMIQNQVSPEDALYGFDSYGPVTDSLIHEGE	112	55	168	113
7746	HUMAN16434	Q08ER8	63	198	HRQELWMATKDLSQSSYPGDNTKPKTTEPTFSHLALPEEVLLQEQLTQGASKNSQLGQSKDQDGPSEMQEVHLKIGIGPQRGKLLEKMSSERDGLGSDDGVCTKITQKQVSTEGDLYECDSHGPVTDALIREEKNS	135	65	202	137
7747	HUMAN16439	M0R2Z0	57	88	EDEEAPSQQGFSVGVSEVTASKPCLSSQKVHP	31	56	89	33
7748	HUMAN16463	Q6PK81	60	188	KTHEITQLESWEEPFMPAWEVVTSAILRGSWQGAKAEAAAEQSASVEVPSSNVQQHQKQHCGEKPLKRQEGRVPVLRSCRVHLSEKSLQSREVGKDLLTSSGVLKHQVTHTGEKSHRSSKSREAFHAGK	128	169	301	132
7749	HUMAN16467	Q7Z398	58	200	PELVHLLEHGQELWIVKRGLSHATCAGDRAQVHTREPTTYPPVLSERAFLRGSLTLESSTSSDSRLGRARDEEGLLEMQKGKVTPETDLHKETHLGKVSLEGEGLGTDDGLHSRALQEWLSADVLHECDSQQPGKDALIHAGT	142	82	229	147
7750	HUMAN16469	Q3SY52	70	232	HGTEDEETPSDQNVSVGVSQSKAGSSTQKTQSCEMCVPVLKDILHLADLPGQKPYLVGECTNHHQHQKHHSAKKSLKRDMDRASYVKCCLFCMSLKPFRKWEVGKDLPAMLRLLRSLVFPGGKKPGTITECGEDIRSQKSHYKSGECGKASRHKHTPVYHPRV	162	69	265	196
7751	HUMAN16470	Q6P9A1	59	95	AVDEGTPSAESVSVEELSQGRTPKADTSTDKSHPCEI	36	63	100	37
7753	HUMAN16477	Q8NAM6	1	38	MALDLRTIFQCEPSENNLGSENSAFQQSQGPAVQREEG	37	0	40	40
7754	HUMAN16482	Q8TAW3	1	44	MLSPVSRDASDALQGRKCLRPRSRRLPLPAAVRAHGPMAELTDS	43	0	46	46
7755	HUMAN16482	Q8TAW3	94	191	RSRAVMKLERGEEPWVYDQVDMTSATEREAQRGLRPGCWHGVEDEEVSSEQSIFVAGVSEVRTLMAELESHPCDICGPILKDTLHLAKYHGGKARQKP	97	95	200	105
7756	HUMAN16483	Q68DI1	59	222	AKDETPSKQTLSIQQESPLRTHWTGVCTKKVHLWGMCGPLLGDILHQGTQHNQKLNGFGAYEKKLDDDANHHQDQKQHIGEKSYRSNAKGTSFVKNCKFHMSHEPFIFHEVGKDFLSSLRLLQQEDIHTSGKSNFETKHGIPLQGGKTHYICGESTIPFSNKHS	163	59	223	164
7757	HUMAN16500	Q96SQ5	183	227	SGLCQEEAAVEKTDSETMHGPPFQEGKTNYSCGKRTKAFSTKHSV	44	182	229	47
7758	HUMAN16507	Q8NEA5	182	215	KRSKNIKKKLKEEQNSVTENKTKNASHNGKMEDL	33	209	254	45
7759	HUMAN16507	Q8NEA5	1	83	MDKVQSGFLILFLFLMECQLHLCLPYADGLHPTGNITGLPGSKRSQPPRNITKEPKVFFHKTQLPGIQGAASRSTAASPTNPM	82	7	101	94
7760	HUMAN16508	Q8WXB4	1	56	MAAINPWASWGALTDQSWGMTAVDPWASWALCPQYPAWHVEGSLEEGRRATGLPAA	55	63	120	57
7761	HUMAN16512	Q8NBB4	122	278	QEVLVSLDSVEPQDWSFGEEEDGKSPRSQKEPSQASELILDAVAAAPALPEESEWLETTQLQQSLHTRAEAEAPRAPGLLGSRARLPLKPSIWDEPEDLLAGPSSDLRAEGTVISSPKGPSAQRISPRRRNRNTDQSGRHQPSLKHTKGGTQEAVAG	156	175	394	219
7762	HUMAN16512	Q8NBB4	1	31	MLPRPKAPASPRRPQTPTPSEQDADPGPASP	30	0	45	45
7763	HUMAN16518	Q86UD4	1	204	MRLKMTTRNFPEREVPCDVEVERFTREVPCLSSLGDGWDCENQEGHLRQSALTLEKPGTQEAICEYPGFGEHLIASSDLPPSQRVLATNGFHAPDSNVSGLDCDPALPSYPKSYADKRTGDSDACGKGFNHSMEVIHGRNPVREKPYKYPESVKSFNHFTSLGHQKIMKRGKKSYEGKNFENIFTLSSSLNENQRNLPGEKQYR	203	41	250	209
7764	HUMAN16519	Q96GC6	59	108	KPDVVSQLEEAEDFWPVERGIPQDTIPEYPELQLDPKLDPLPAESPLMNI	49	88	145	57
7765	HUMAN16521	Q6NX49	67	227	EQEEDLCRAEQEAPRDWKATLEENRLNSEKDRAREELSHHVEVYRSGPEEPPSLVLGKVQDQSNQLREHQENSLRFMVLTSERLFAQREHCELELGGGYSLPSTLSLLPTTLPTSTGFPKPNSQVKELKQNSAFINHEKNGADGKHCESHQCARAFCQSIY	160	255	419	164
7766	HUMAN16524	P17098	480	531	SHLIRHQITHTREEQPHGRSRRREQSSSRNSHLVQHQHPNSRKSSAGGAKAG	51	503	564	61
7767	HUMAN16524	P17098	78	253	EQGTELWVAERGTTQGCHPAWEPRSESQASRKEEGLPEEEPSHVTGREGFPTDAPYPTTLGKDRECQSQSLALKEQNNLKQLEFGLKEAPVQDQGYKTLRLRENCVLSSSPNPFPEISRGEYLYTYDSQITDSEHNSSLVSQQTGSPGKQPGENSDCHRDSSQAIPITELTKSQVQ	175	90	276	186
7768	HUMAN16528	P10073	111	266	AQSPKSGEEAAVLVEDLTQVLDKRGWDPGAEPTEASCKQSDLGESEPSNVTETLMGGVSLGPAFVKACEPEGSSERSGLSGEIWTKSVTQQIHFKKTSGPYKDVPTDQRGRESGASRNSSSAWPNLTSQEKPPSEDKFDLVDAYGTEPPYTYSGKR	155	158	318	160
7769	HUMAN16534	M0QZC1	114	329	PTRLAPRRGLPALPTQSGLLPRDARAPPSRQGSVRFDRRRGLLYLRPPPPPPGPRKARAPPPPPPLRLGRPLSRRLSLASPAWVFNAAVALAVLVAAGLVVSGVYIFFLIPHATSSGPPRPQLVALAPAPGFSWFPPRPPPGSPWAPAWTPRPTGPDLDTALPGTAEDALEPEAGPEDPAEAERTLDRRSDGTWGTEAGPGWAPWPRGARRLWGSQ	215	117	348	231
7770	HUMAN16534	M0QZC1	1	59	MPCPRPFWLRHSRAPQGSGPSSPGSLSAPRSPSRGEDQEEEEEEEGDGSPGSGPILPPA	58	0	62	62
7771	HUMAN16535	Q8IVC4	62	156	RSPVFTQLEDDEQSWVPSWVDVTPVSRAEARRGFGLDGLCRVEDERAHPEHLKSYRVIQHQDTHSEGKPRRHTEHGAAFPPGSSCGQQQEVHVAE	94	117	243	126
7772	HUMAN16539	Q6AW86	55	230	RGEEPWVPSGKDMTLARNTYGRLNSGSWSLTEDRDVSGEWPRAFPDTPPGMTTSVFPVADACHSVKSLQRQPGASPSQERKPTGVSVIYWERLLLGSRSDQASISLRLTSPLRPPKSSRPREKTFTEYRVPGRQPRTPERQKPCAQEVPGRAFGNASDLKAASGGRDRRMGAAWQE	175	99	279	180
7773	HUMAN16541	O75467	55	197	RGEEPWVPSGTDTTLSRTTYRRRNPGSWSLTEDRDVSGEWPRAFPDTPPGMTTSVFPVAGACHSVKSLQRQRGASPSRERKPTGVSVIYWERLLLGSGSGQASVSLRLTSPLRPPEGVRLREKTLTEHALLGRQPRTPERQKP	142	255	425	170
7776	HUMAN16546	Q13263	1	58	MAASAAAASAAAASAASGSPGPGEGSAGGEKRSTAPSAAASASASAAASSPAGGGAEA	57	5	78	73
7778	HUMAN16548	O43633	173	222	LSLTDELSNLPSTGGSLSVAAGGKKAEAAASALADADADLEERLKNLRRD	49	408	643	235
7779	HUMAN16551	P28698	448	483	SFRQRSNLLQHQRIHGDPPGPGAKPPAPPGAPEPPG	35	517	559	42
7782	HUMAN16561	Q6UX46	51	84	HHSAEHKGLQLLGRDCALGRAEAAGLGPSPEQRV	33	54	90	36
7783	HUMAN16567	Q9NY99	167	211	GSPGPSSDHSSGASSPLFDSGLHLNGNSSTTAPSSPSSPIAKDPR	44	210	257	47
7784	HUMAN16568	P07202	880	933	STLPISETGGGTPELRCGKHQAVGTSPQRAAAQDSEQESAGMEGRDTHRLPRAL	53	970	1035	65
7785	HUMAN16569	Q92626	1322	1381	RGQFNAFSYHFRGRRSLEFSYQEDKPTKKTRPRKIPSVGRQGEHLSNSTSAFSTRSDASG	59	2084	2246	162
7788	HUMAN16588	A8MYV0	221	303	RVPSEVQQRYANVEKNSQRKKKVDSKGKEPCKYDGIPPKTQDSVYYAKEEKKKTLAEPLVQRGAEGDVYKAPTPSKETQGALD	82	232	329	97
7790	HUMAN16592	Q8WXG1	28	67	LVPLFCWLRATFWLLATKRRKQQLVLRGPDETKEEEEDPP	39	57	118	61
7791	HUMAN16594	Q02363	1	32	MKAFSPVRSVRKNSLSDHSLGISRSKTPVDDP	31	71	112	41
7792	HUMAN16594	Q02363	84	134	TIVSLHHQRPGQNQASRTPLTTLNTDISILSLQASEFPSELMSNDSKALCG	50	164	226	62
7795	HUMAN16595	Q9ULH0	858	917	TSATNGDVPCSDTTGIQEDADRRVSQNSLGEMTKLGSKTALNRRDTYRRRQMQRTITRQM	59	1274	1424	150
7796	HUMAN16596	Q6ZWT7	211	243	QSGENGKEETQYERTEPSPNTAVVQKLLVCGLS	32	365	409	44
7799	HUMAN16599	O14713	1	57	MFRKGKKRHSSSSSQSSEISTKSKSVDSSLGGLSRSSTVASLDTDSTKSSGQSNNNS	56	1	62	61
7800	HUMAN16603	P78536	189	220	VDNEELLPKGLVDREPPEELVHRVKRRADPDP	31	422	532	110
7801	HUMAN16603	P78536	696	823	KKLDKQYESLSLFHPSNVEMLSSMDSASVRIIKPFPAPQTPGRLQPAPVIPSAPAAPKLDHQRMDTIQEDPSTDSHMDEDGFEKDPFPNSSTAAKSFEDLTDHPVTRSEKAASFKLQRQNRVDSKETE	127	1168	1371	203
7802	HUMAN16605	Q53T94	121	205	CKNPVYTTGRKPTVLEDNLSHSDWASEPELLSDVSCPPFLESGAESQSDIHTRKPFPVSKASQSETSVCSGSLDGVEYSQRKEKG	84	181	291	110
7803	HUMAN16607	Q9NZI5	129	163	QLGIDKRGHLTAPDTTVTVSIATMPTHSIKTETQP	34	247	285	38
7804	HUMAN16607	Q9NZI5	73	112	ERRSSTAKPEVEHPEPDHSKRNSIPIVTEQPLISAGENRV	39	136	229	93
7806	HUMAN16608	O14901	462	512	RFMRSDHLTKHARRHMTTKKIPGWQAEVGKLNRIASAESPGSPLVSMPASA	50	584	654	70
7807	HUMAN16609	Q717R9	1	158	MGSGSSRSSRTLRRRRSPESLPAGPGAAALEGGTRRRVPVAAAEVPGAAAEEAPGRDPSPVAPPDGRDETLRLLDELLAESAAWGPPEPAPRRPARLRPTAVAGSAVCAEQSTEGHPGSGNVSEAPGSGRKKPERPAAISYDHSEEGLMASIEREYCR	157	0	169	169
7810	HUMAN16617	Q9H3M0	427	494	LELMELNSSSGGEGKTGGSRSDLDNLPPEPAGKEAPSCSSRLKLSHSDTFIPLLTEEKHHRTRLQSCK	67	571	647	76
7811	HUMAN16618	Q96LR7	1	65	MGSHPTPGLQRTTSAGYRLPPTRPPASVSPAARGGPMASRGLAGGCQAPQALKAQRVAQGAACDG	64	82	180	98
7812	HUMAN16621	O75116	1350	1388	KKPPAPDPFARSSPRTSMKIQQNQSIRRPSRQLAPNKPS	38	3109	3199	90
7813	HUMAN16622	O75461	1	61	MSQQRPARKLPSLLLDPTEETVRRRCRDPINVEGLLPSKIRINLEDNVQYVSMRKALKVKR	60	0	96	96
7814	HUMAN16622	O75461	240	281	QGQTSNKRSEGVGTSSSESTHPEGPEEEENPQQSEELLEVSN	41	344	402	58
7816	HUMAN16624	Q4ZG55	279	342	DSPKCQQLAKNNLLALPRPSALGILSNSGPPKKRHKGWSPESPSAPDGGCPQGGGNRAKYESAG	63	464	595	131
7817	HUMAN16624	Q4ZG55	32	74	VPRPIFSQLYLEAEQQLAALEGGSRVDNEEEEEEGEGGLETNG	42	89	200	111
7818	HUMAN16624	Q4ZG55	625	671	GHISSSLAASSVTKAASLDVSGTPVCTSYNLEPHSIRPFQLAVAQKL	46	933	1018	85
7819	HUMAN16626	O95665	379	410	EHHPMKRLPPKPQSPTLMDTASGFGDPPETRT	31	385	425	40
7820	HUMAN16629	Q92519	1	55	MNIHRSTPITIARYGRSRNKTQDFEELSSIRSAEPSQSFSPNLGSPSPPETPNLS	54	101	232	131
7821	HUMAN16631	Q96KN4	45	79	DERGQPDKFGVKAPPGCTPCPESPSRHHHHLLHQL	34	144	208	64
7822	HUMAN16632	A2RRP1	1374	1415	HHEGGENISASPLTSKAVQEDEVGVPGSNSADLLRWTTATTM	41	2693	2781	88
7823	HUMAN16632	A2RRP1	454	485	PKRSRLETRAGEEDEGEEDSDSDYEISAKARY	31	1227	1276	49
7826	HUMAN16637	Q09MP3	699	781	EISLIREITCQNMSCPQQVVNVENWAHYNSSTVKAHGNSCPQFIQNNRGYINENFYEVNMHSQDLNMERKQGHNKISNFDCEH	82	1072	1162	90
7827	HUMAN16637	Q09MP3	798	950	HNIIHNEETHTTSITQVLNFWNLLSEIEEKKYDLILKEEVKVTAESLTNSCQVHKDTKIEKEEKDSFFPMDDMFSVQSVSLISKEVNVEENKYVNQNYVTNTNEYESILPEREIANSKDFHRKNDSALYINHQFETGLSEGNDECFQDLAAKY	152	1181	1359	178
7828	HUMAN16637	Q09MP3	985	1089	NELLSTVETNNGQENYFGENDAEKVKMEIEKDLKMVVVNKIRASSSFHDTIAGPNMGKSHQSLFKWKTVPNNGEQEVPNESCYPSRSEEELLYSTSEKDCETPLP	104	1393	1505	112
7830	HUMAN16642	A6NI15	1	132	MDNLRETFLSLEDGLGSSDSPGLLSSWDWKDRAGPFELNQASPSQSLSPAPSLESYSSSPCPAVAGLPCEHGGASSGGSEGCSVGGASGLVEVDYNMLAFQPTHLQGGGGPKAQKGTKVRMSVQRRRKASER	131	0	146	146
7831	HUMAN16643	Q9BQ31	450	491	TFITSLSSVGIVVSDPDSTDASSIEDNEDICNTTSLENCTAK	41	624	672	48
7832	HUMAN16644	Q9HBH5	1	37	MAVATAAAVLAALGGALWLAARRFVGPRVQRLRRGGD	36	65	134	69
7834	HUMAN16646	Q96P26	1	47	MSQTSLKQKKNEPGMRSSKESLEAEKRKESDKTGVRLSNQMRRAVNP	46	1	117	116
7835	HUMAN16647	Q8TAX0	1	172	MGSKTLPAPVPIHPSLQLTNYSFLQAVNGLPTVPSDHLPNLYGFSALHAVHLHQWTLGYPAMHLPRSSFSKVPGTVSSLVDARFQLPAFPWFPHVIQPKPEITAGGSVPALKTKPRFDFANLALAATQEDPAKLGRGEGPGSPAGGLGALLDVTKLSPEKKPTRGRLPSKTK	171	16	211	195
7836	HUMAN16651	O15232	1	73	MPRPAPARRLPGLLLLLWPLLLLPSAAPDPVARPGFRRLETRGPGGSPGRRPSPAAPDGAPASGTSEPGRARG	72	1	133	132
7838	HUMAN16656	Q8TB72	621	701	PIGMPLPSQTPGHSLTPPPSLSSHGSSSSLHLGGLTNGSGRYISAAPGAEAKYRSASSTSSLFSSSSQLFPPSRLRYNRSD	80	1449	1562	113
7840	HUMAN16664	Q7Z4P5	19	83	PRDGLEAAAVLRAAGAGPVRSPGGGGGGGGGGRTLAQAAGAAAVPAAAVPRARAARRAAGSGFRN	64	33	108	75
7841	HUMAN16664	Q7Z4P5	278	346	ESLFREIRAQARALGAALASEPLPDPGTGTASPRAVIGGRRRRRTALAGTRTAQGSGGGAGRGHGRRGR	68	361	479	118
7844	HUMAN16670	Q9ULI0	705	749	QSDKKEDIETLILEDSEDENALSIFETNCHSGSPKKQSSSAAIHK	44	933	1010	77
7845	HUMAN16672	P68543	1	58	MKDVDNLKSIKEEWVCETGSDNQPLGNNQQSNCEYFVDSLFEEAQKVSSKCVSPAEQK	57	55	173	118
7846	HUMAN16673	A6NFX1	1	36	MAAPPAPAAKGSPQPEPHAPEPGPGSAKRGREDSRA	35	36	233	197
7847	HUMAN16675	Q9H6R7	241	279	PNSKDMTPYALPVIGEVRSMDKEATDSETNSEVSVSSSY	38	315	363	48
7848	HUMAN16675	Q9H6R7	435	552	EEPSITSGESQTTYSTFSAPLNKANRKKLIESLSPDFCHQNKGLLLTVNTSSQNGRPGRTLIKEIQSPLSSICDGSIALDAEPVTQPASLPRHSSTPDHTSTLEPPRLPQRKNLQSEK	117	523	684	161
7849	HUMAN16675	Q9H6R7	678	721	SRSDVFRDSFSHSPGAVSSLKVFTGLAAPSLDTTGCCNHVDGMA	43	825	886	61
7850	HUMAN16680	P0C875	178	324	KIYSIKEFKEVEKVQLHSRFPQISNSRHFITPNEWLKLPTRYIESEFCRRRRLKVKVNFNDCSFDLKPLARAPYLLESQEEEKTVIYKNKGSSFLEREPLCYQEGNNPSAKEAISEGYFSSLSLSQEREEDQDGSPSPRLGLLKLEL	146	308	480	172
7854	HUMAN16690	Q9NZM3	818	886	SSENEKAVSPKKALLPPTVSLSATSTSSEPLSSNQPASVTDYQNVSFSNLTVNTSWQKKSAFTRTVSPG	68	2380	2547	167
7855	HUMAN16692	Q15788	1	33	MSGLGDSSSDPANPDSHKRKGSPCDTLASSTEK	32	3	44	41
7857	HUMAN16697	Q9NZQ0	191	227	KRPTTNSSASFTKEQADAIRRIRNSKDSWDMLGVKPG	36	312	352	40
7858	HUMAN16699	Q9Y2G0	191	225	QHMDKIVPSLLFNLQHVEEAESRSPSPLQAPEKEK	34	476	557	81
7859	HUMAN16699	Q9Y2G0	683	717	TDEDRLSKRRSIGETISLQVEVESRNSPEKEERVP	34	1139	1219	80
7862	HUMAN16701	Q9Y6K1	427	469	EEKNPYKEVYTDMWVEPEAAAYAPPPPAKKPRKSTAEKPKVKE	42	646	716	70
7863	HUMAN16703	O60941	296	327	AKKLSHAISKSLGCVPTREPPHPVFPEQPEKP	31	578	629	51
7864	HUMAN16703	O60941	341	395	NMNDTMVSHMSSGVPTPTKRLQYSQDIPSHLADEHALIASYVARLQHCARVLDSP	54	658	796	138
7866	HUMAN16705	O14782	251	290	ERQNKAGPNTAGGAATPSSGGGGGGGGSGGGAGGERPKEA	39	407	467	60
7867	HUMAN16705	O14782	397	484	RGMLGKRPRRKSSRRKKAVSAPPGYPEGPVIEAWVAEEEDDNNNNHRPPQPILESALEKNMENYLQEQKERLEEEKAAIQDDRSLVSE	87	579	685	106
7869	HUMAN16707	Q75VX8	181	214	AGALAGVGGGGPASAGAAGGTGGGGARPVKGKMP	33	267	314	47
7871	HUMAN16710	P55084	1	49	MTILTYPFKNLPTASKWALRFSIRPLSCSSQLRAAPAVQTKTKKTLAKP	48	67	169	102
7872	HUMAN16712	Q8IZF5	1038	1079	AQAPSSTISLVSCCLQILSCASKSMSEGIPWPSSEDMGTARS	41	1285	1377	92
7873	HUMAN16712	Q8IZF5	1	53	MVCSAAPLLLLATTLPLLGSPVAQASQPVSETGVRPREGLQRRQWGPLIGRDK	52	0	61	61
7874	HUMAN16712	Q8IZF5	89	118	TLTLTEEELGQSQAGGESGSGQLLDQENGA	29	106	164	58
7876	HUMAN16715	Q96MC2	444	485	GPISQQPQKSATQIVEEMLMRSEEEEAEEAAAEPESYLDLPK	41	683	824	141
7877	HUMAN16715	Q96MC2	559	616	SSSLQIKPCSQASMEKASMEETSTRSELELAEQTEMEGEKEESLVEGEKEEEEETPPS	57	932	1111	179
7880	HUMAN16716	Q9HC10	646	687	GLSRPQRPRPRKEPGDEEEVDLIQNASDDEAGDAGDLASVSS	41	1892	1978	86
7882	HUMAN16723	P49450	1	44	MGPRRRSRKPEAPRRRSPSPTPTPGPSRRGPSLGASSHQHSRRR	43	1	62	61
7883	HUMAN16725	Q9BPU6	489	549	RTPYLGDVAVVVHPGKKEMGTPLADTPTRPVTRHGGMRDLHESSFSLSGSQIDDHVPKRAS	60	708	776	68
7885	HUMAN16727	Q6NUQ4	16	107	KGRRPGVGAGAGGRGGGRNRRALGEANGVWKYDLTPAIQTTSTLYERGFENIMKRQNKEQVPPPAVEPKKPGNKKQPKKVATPPNQNQKQGR	91	84	281	197
7888	HUMAN16733	Q9Y6C2	460	532	LGGRLDLLEEQVAGAMQACGQLCSGAPGEQDSQVSEILSALERRVLDSEGQLRLVGSGLHTVEAAGEARQATL	72	594	830	236
7890	HUMAN16733	Q9Y6C2	784	864	AGLGRRLGALNSSLQLLEDRLHQLSLKDLTGPAGEAGPPGPPGLQGPPGPAGPPGSPGKDGQEGPIGPPGPQGEQGVEGAP	80	1174	1285	111
7891	HUMAN16740	Q9HCU5	102	131	GNKAEKAGSKEQGPRQRKGAAPAEKKCGAE	29	344	449	105
7892	HUMAN16742	Q53SZ7	1	190	MLPQNKDQVLPQTSVLPGRPTWGFSQLVDSSPHNLQPLSPHQGLPPSQPPFSSTQSRRPSSPPPASPSPGFQFGSCDSNSDFAPHPYSPSLPSSPTFFHQNYLSLPRPRASSPSNHWLYPSPPLTPSFSPSQPQNSSLPHSPCQSPSHPEELHSSTLTSPGPSPPSHRLHSNRQTWRWHQYRDTGSGSPG	189	0	204	204
7893	HUMAN16742	Q53SZ7	307	412	ARALHLLPEKRPKEAGPQGKATQACGHQLPASQPPAAQARADPVPGTPSQTRSFRSAGLQSPNSPRCFSGPPPRAPKQVTTSLKPRPCPGPKRPVSLELILQKSSV	105	320	438	118
7894	HUMAN16743	Q7RTU1	166	214	GGLGYSDLDSTTASTPSQRTRDAEVGSQVPGEADALLSTTPLSPALGDK	48	168	222	54
7895	HUMAN16743	Q7RTU1	1	82	MSQRKARGPPAMPGVGHSQTQAKARLLPGADRKRSRLSRTRQDPWEERSWSNQRWSRATPGPRGTRAGGLALGRSEASPENA	81	0	83	83
7896	HUMAN16744	Q9Y289	578	635	QKRLHCRSYGQDHLDTGLFPEKPRNGVLGDSRDKEAMALDGTAYQGSSSTCILQETSL	57	1038	1162	124
7898	HUMAN16749	Q8N7S2	148	189	GALKPPPEQDSGRKYQQNVQSQPPRSGAKCDFRSEENSEDDF	41	183	286	103
7899	HUMAN16751	P55089	1	84	MRQAGRAALLAALLLLVQLCPGSSQRSPEAAGVQDPSLRWSPGARNQGGGARALLLLLAERFPRRAGPGRLGLGTAGERPRRDN	83	38	141	103
7901	HUMAN16755	Q8WUA4	765	823	SPEGPDHSSASSGVPNPPKARTYTETVNHHYLLFQDTDLGSFHDLLRREPMLRMQEGEG	58	1096	1208	112
7902	HUMAN16755	Q8WUA4	877	911	MQLESRAHFNAMFQPSSPTRRPGFSPTSHRLLPTP	34	1265	1306	41
7903	HUMAN16761	Q15036	389	455	GGSIRKMLRRRVGGTLRRSDSQQAVKSPPLLESPDATRESMVKLSSKLSAVSLRGIGSPSTDASASD	66	773	985	212
7904	HUMAN16763	Q8N8E2	479	541	YTTGHWDNYKRHQKVHGHGGAGGPGLSASEGWAPPHSPPSVLSSRGPPALGTAGSRAVHTDSS	62	688	778	90
7906	HUMAN16764	O15355	509	546	NTAELQPESGKRKLEEVLSTEGAEENGNSDKKKKAKRD	37	1630	1765	135
7907	HUMAN16766	Q53RY4	199	240	KDGLQGQLEEMTELESPKCKRQENEQLLDQNQEIRASQRSWV	41	257	303	46
7908	HUMAN16768	Q9H6D8	195	234	KDNDSNNNPKEKGKGPEQSPQGRPVGTRQKKSPSINTIDV	39	255	363	108
7909	HUMAN16773	Q68DN1	1027	1073	LVKSESSLSIFYDREDLVPMEESEDSQSDSQTRISESQHSLKPNYLS	46	1199	1246	47
7912	HUMAN16774	Q96ME7	471	567	NPTTTKSFEKLMKIKQRQQEEEKRRQQHRSRRSLRRRQQPGIELPETELSLRVGKDQRRNNEELVVSASCKEPEQEPVPAQFQKVKPPKTNHKRGRK	96	560	684	124
7913	HUMAN16777	O94864	1	142	MNLQRYWGEIPISSSQTNRSSFDLLPREFRLVEVHDPPLHQPSANKPKPPTMLDIPSEPCSLTIHTIQLIQHNRRLRNLIATAQAQNQQQTEGVKTEESEPLPSCPGSPPLPDDLLPLDCKNPNAPFQIRHSDPESDFYRGK	141	0	182	182
7914	HUMAN16777	O94864	262	414	NPEKATEDAKPVKIKEEPVSDITFPVSEELEADLASGDQSLPMGVLGAQSERFPSNLEVEASPQASSAEVNASPLWNLAHVKMEPQESEEGNVSGHGVLGSDVFEEPMSGMSEAGIPQSPDDSDSSYGSHSTDSLMGSSPVFNQRCKKRMRKI	152	302	545	243
7917	HUMAN16778	Q9BWU0	444	537	LRQEAVSRKRKAKNWEDEDFYDSDDDTFLDRTGLIEKKRLNRMKKAGKIDEKPETFESLVAKLNDAERELSEISERLKASSQVLSESPSQDSLD	93	1328	1519	191
7919	HUMAN16791	Q6P1J6	1	33	MGLRPGIFLLELLLLLGQGTPQIHTSPRKSTLE	32	80	119	39
7920	HUMAN16795	Q5MJ70	1	63	MRHNQMCCETPPTVTVYVKSGSNRSHQPKKPITLKRPICKDNWQAFEKNTHNNNKSKRPKGPC	62	1	74	73
7921	HUMAN16795	Q5MJ70	202	313	HHSGAVRNYNRDEVQLPRGPSATPVDCSLCGKKRRYVRLGLSSSSSLSSHTAGVTEKHSQDSYNSLSMDIIGDPSQAYTGSEVVNDHQSNKGKKTNFLKKDKSMEWFTGSEE	111	212	341	129
7922	HUMAN16796	Q9BVS5	31	147	PFEGARSLCCRSSPRDLRDGEREHEAAQRKAPGAESCPSLPLSISDIGTGCLSSLENLRLPTLREESSPRELEDSSGDQGRCGPTHQGSEDPSMLSQAQSATEVEERHVSPSCSTSR	116	143	304	161
7923	HUMAN16796	Q9BVS5	412	443	KINTDVQLDSQEKIGVKGELFQEDDHEESHSD	31	577	616	39
7924	HUMAN16797	Q15061	385	458	VETAITKVRTPVMNSEAKVLVPGIPGHHAAIKPAPPQTEQVESKRKSGGNEVSIEERLGAMDIDTHKKGKEDLQ	73	827	1034	207
7927	HUMAN16799	A6NGG8	1	171	MGCTPSHSDLVNSVAKSGIQFLKKPKAIRPGCQGGSERGSIPLLVKNSTCYDAGEGLAEEQPSPRRNQTTAKGLCQLMGDPASGKRKDMEGLIPGTKTSSSQLNKSQSHMAKDIPFKTQGSHGSQGADFSGDESEESSTQDTSKWKRTAKCHTSSTQSHCYQTIHPAHEPE	170	0	194	194
7928	HUMAN16799	A6NGG8	283	320	GTVASLTGSFLEGSSSYLHSTATHLENKLSTKRNVDER	37	319	357	38
7930	HUMAN16800	Q8N3C7	216	275	RNDKGQIPADVVPDPVDMPLEMADAAATAKEIKQMLLDAVPLSCNISKAMLPNYDHVTGK	59	459	560	101
7932	HUMAN16800	Q8N3C7	556	618	DSLDTLSEISSNKQNHSYPGFRRSFSTTSASSQKEINRRNAFSKSKAALRRSWSSTPTAGGIE	62	1027	1178	151
7934	HUMAN16801	Q9UM73	1581	1620	NVNYGYQQQGLPLEAATAPGAGHYEDTILKSKNSMNQPGP	39	2164	2264	100
7935	HUMAN16801	Q9UM73	1	48	MGAIGLLWLLPLLLSTAAVGSGMGTGQRAGSPAAGPPLQPREPLSYSR	47	0	101	101
7936	HUMAN16821	Q9C005	1	47	MEPEQMLEGQTQVAENPHSEYGLTDNVERIVENEKINAEKSSKQKVD	46	13	80	67
7938	HUMAN16822	Q9UBP0	1	55	MNSPGGRGKKKGSGGASNPVPPRPPPPCLAPAPPAAGPAPPPESPHKRNLYYFSY	54	48	240	192
7939	HUMAN16822	Q9UBP0	63	111	LLRLVAFHLGLLFVWLCQRFSRALMAAKRSSGAAPAPASASAPAPVPGG	48	262	398	136
7940	HUMAN16826	Q9BSR8	1	51	MQPPGPPPAYAPTNGDFTFVSSADAEDLSGSIASPDVKLNLGGDFIKESTA	50	7	238	231
7941	HUMAN16828	Q9NR09	1134	1164	KVNALNIEVEQNGKPSLVDLNEEMQHMDVEE	30	2291	2370	79
7942	HUMAN16828	Q9NR09	1248	1286	SLKHQSNKGYSLASLLAKVAAGKEKSSNVKNENTSGTRK	38	2502	2621	119
7943	HUMAN16828	Q9NR09	1651	1757	LEAKLHQTTAAAAAAASAVGPVHNSVPSNPVAAPGFFIHPSDVIPPTPKTTPLFMTPPLTPPNEAVSVVINAELAQLFPGSVIDPPAVNLAAHNKNSNKSRMNPLGS	106	3395	3627	232
7944	HUMAN16828	Q9NR09	2241	2316	QLNLLKAKQKALVEQMEKEKIQSNKGSSYKLLVEQAKLKQATSKHFKDLIRLRRTAEWSRSNLDTEVTTAKESPEI	75	4468	4695	227
7945	HUMAN16828	Q9NR09	2421	2513	LAPVAAEAMEEGTVGDDVGATAGDSDDSLQQSSVQLLETIDEPLTHDITGAPPLSSLEKDKEIDLELLQDLMEVDIDPLDIDLEKDPLAAKVF	92	4835	5064	229
7947	HUMAN16828	Q9NR09	2936	2974	GNREYSARVSVTTNTTDSVSDEEKVSGGKDGNGSSTSVQ	38	5810	5934	124
7948	HUMAN16828	Q9NR09	3570	3601	PVQCHHRLSMTDDSKKQDLSSSLTDDSKNAQA	31	7001	7058	57
7949	HUMAN16828	Q9NR09	3885	3956	SEQKDDKEKKNHEEKEKVKAENGFQDNYSVVVASGLKSQSKRAVSATPPRPPSRRGRTIPDKIGSTSGAEAA	71	7605	7795	190
7950	HUMAN16828	Q9NR09	4016	4058	PSLSKTDSYKRLHPEKDHGDLLASCPEDEALTPGDECMDGILD	42	7858	7924	66
7951	HUMAN16828	Q9NR09	4449	4519	NRLRSKRENVKTGVKPDASDQEPEGLTLLVPDIQKTAEIVYAATTSLRQANQEKKLGEYSKKAAMKPKPLS	70	8505	8603	98
7952	HUMAN16828	Q9NR09	465	558	DIPKLEGDSDDLLEDSDSEEHSRSDSVTGHTSQKEAMEVSLDITALSILQQPEKLQWEIVANVLEDTVKDLEELGANPCLTNSKSEKTKEKHQE	93	831	1015	184
7954	HUMAN16828	Q9NR09	580	620	TSPISSNSHRSLDGLSRTQGESISEQGSTDNESCTNSELNS	40	1052	1147	95
7955	HUMAN16829	Q6P3X3	294	325	DVLSNCEFTPAPTPQEHLTKNLELNDDTILND	31	805	883	78
7956	HUMAN16833	Q14766	752	817	KGPVFVKPKNTQPVAKSTHPPPLPAKEEPVEALTFSREHGPGVAEPEVATAPPEKEIPSLDQEKTK	65	961	1056	95
7957	HUMAN16834	Q8IV61	548	690	ARAPSLSSGHGSLPGSPSLPPAQDEVFEFPGVTAGHRDLDSRAITLVTGSSRKISVRLQRATTSQATQTEPVWSEAGWGDSGSHTFPKMKSKFHDKAAKDKGFAKWENEKPRVHAGVDVVDRGTEFELDQDEGEETRQDGEDG	142	645	864	219
7959	HUMAN16838	Q9UHY8	111	149	TRTLHLLTLNLSEKGVSDSLLFDTSDDEELREQLDMHSI	38	389	483	94
7960	HUMAN16838	Q9UHY8	165	204	VIEEIEEMMQESPDPEDDETPTQSDRLSMLSQEIQTLKRS	39	504	570	66
7961	HUMAN16838	Q9UHY8	1	51	MAADGDWQDFYEFQEPARSLLDQENCNASPEPGAEAGAEAGGGADGFPAPA	50	118	303	185
7962	HUMAN16838	Q9UHY8	255	297	VKNSFISVLIEVQNKQKEHKETAKKKKKLKNGSSQNGKNERSH	42	637	688	51
7963	HUMAN16839	Q6UXI7	153	223	SSSKSPAAQAGETTKAYQRPPIPGTTAQPVTLMQLLAVTVAVATPTTLPRPSPSAASTTSIPRPQSVGHRS	70	207	396	189
7964	HUMAN16839	Q6UXI7	1	33	MRTVVLTMKASVIEMFLVLLVTGVHSNKETAKK	32	19	77	58
7965	HUMAN16842	O43815	1	52	MDEQAGPGVFFSNNHPGAGGAKGLGPLAEAAAAGDGAAAAGAARAQYSLPGI	51	223	333	110
7967	HUMAN16844	Q9P2D3	1200	1239	SDMSTATLLSSGKDEEAEKKDEMDDDTMFTTLGEEDKSKP	39	3860	4022	162
7968	HUMAN16844	Q9P2D3	1549	1579	STEAAAISGLQKRSTSVNLNQASGAVGSAKS	30	4668	4748	80
7974	HUMAN16849	Q03701	990	1054	MGSKFDNIGMNAMANKDNASLKQLRWEAERDDWLHNRDAKSIIKKKKHFKKKRIKTTQKTKKQRK	64	3626	3828	202
7975	HUMAN16851	O94806	1	55	MSANNSPPSAQKSVLPTAIPAVLPAASPCSSPKTGLSARLSNGSFSAPSLTNSRG	54	29	91	62
7976	HUMAN16851	O94806	203	252	NCSGVRKRRLSNVSLPGPGLSVPRPLQPEYVALPSEESHVHQEPSKRIPS	49	241	315	74
7977	HUMAN16851	O94806	317	397	VPRDCLGEVTFNGEPSSLGTDTDIPMDIDNNDINSDSSRGLDDTEEPSPPEDKMFFLDPSDLDVERDEEAVKTISPSTSNN	80	379	472	93
7978	HUMAN16855	Q96LZ7	111	173	LGGKITVHKISPQHRARKRRLPTIQSSATSNSSEEAESEGGYITANTDTEEQSFPVPKAFNTR	62	142	240	98
7979	HUMAN16858	Q8NHH9	1	56	MAEGDEAARGQQPHQGLWRRRRTSDPSAAVNHVSSTTSLGENYEDDDLVNSDEVMK	55	9	164	155
7980	HUMAN16861	Q8WVV9	1	70	MSSSSSSPRETYEEDREYESQAKRLKTEEGEIDYSAEEGENRREATPRGGGDGGGGGRSFSQPEAGGSHH	69	13	254	241
7981	HUMAN16869	Q6P158	1	94	MSSSVRRKGKPGKGGGKGSSRGGRGGRSHASKSHGSGGGGGGGGGGGGGNRKASSRIWDDGDDFCIFSESRRPSRPSNSNISKGESRPKWKPKA	93	154	404	250
7982	HUMAN16869	Q6P158	431	512	KYSDPPVNFLPVPSRTRINNPACHKTVIPNNSFVSNQIPEVEKASESEESDEDDGPAPVIVENESYVNLKKKISKRYDWQAK	81	904	1078	174
7983	HUMAN16869	Q6P158	754	792	KQISKEKLKARRNRTAFEEVEEDLRLSLHLQDQDSVKDA	38	1392	1459	67
7987	HUMAN16877	Q5MAI5	292	379	AQIKRKARNEGRNRRRQQQAPKSAFPRLFLKTKICQVQRNETQTSGNQILPNGPILQNSMVTVMTNINSAVYQVTVLHLLSENFEVKS	87	366	497	131
7989	HUMAN16881	Q9BTF0	123	202	EKLSQRDDNQLKRKVGENEIIAKKLKIEQMQKIEENRDCQLEKQIKEETLEQRDFTTKSEKFQEEEFQNDIEKAIDTHNQ	79	245	445	200
7990	HUMAN16883	P32418	1	48	MYNMRRLSLSPTFSMGFHLLVTVSLLFSHVDHVIAETEMEGEGNETGE	47	27	121	94
7991	HUMAN16883	P32418	280	318	GDRPSSKTEIEMDGKVVNSHVENFLDGALVLEVDERDQD	38	525	634	109
7992	HUMAN16884	Q6ZV80	61	103	RHTLSQVPNKGHEKASAVQLPEKQGTDQSRRGPTSAVTKARTS	42	100	145	45
7993	HUMAN16885	Q504Y2	33	127	PRPGQSPEPSPAPGPGRRGGRGELARQIRARYEEVQRYSRGGPGPGAGRPERRRLMDLAPGGPGLPRPRPPWARPLSDGAPGWPPAPGPGSPGPG	94	64	243	179
7994	HUMAN16893	Q9BTC8	325	373	LKAAEAESKLKQVYIPTYSKPNPNQISTSNGKPGAVNGAVGTTFQPQNP	48	553	606	53
7995	HUMAN16893	Q9BTC8	419	482	PTQSEEEKLSPSPTTEDPRVRSHVSRQAMQGMPVRNTGSPKSAVKTRQAFFLHTTYFTKFARQV	63	672	794	122
7996	HUMAN16893	Q9BTC8	540	594	HPAKKPNVIRSTPSLQTPTTKRMLTTPNHTSLSILGKRNYSHHNGLDELTCCVSD	54	853	975	122
7997	HUMAN16894	Q8TDS5	1	88	MLCHRGGQLIVPIIPLCPEHSCRGRRLQNLLSGPWPKQPMELHNLSSPSPSLSSSVLPPSFSPSPSSAPSAFTTVGGSSGGPCHPTSS	87	44	154	110
7998	HUMAN16894	Q8TDS5	374	423	RGRQGPVSDESSYQPSRQWRYREASRKAEAIGKLKVQGEVSLEKEGSSQG	49	511	591	80
7999	HUMAN16896	P47974	19	153	EKSLANLNLNNMLDKKAVGTPVAAAPSSGFAPGFLRRHSASNLHALAHPAPSPGSCSPKFPGAANGSSCGSAAAGGPTSYGTLKEPSGGGGTALLNKENKFRDRSFSENGDRSQHLLHLQQQQKGGGGSQINSTR	134	122	304	182
8002	HUMAN16899	Q8IVE3	1453	1493	AFHHLSAPALLSAQTRGPQARMMGSQPLLSSSRPTKGPTLL	40	1687	1729	42
8003	HUMAN16899	Q8IVE3	34	132	IRELLAEKMQQLERQVIDAERQAEKAFQQVQVMEDKLKAANIQTSESETRLYNKCQDLESLIQEKDDVIQNLELQLEEQKQIRIQEAKIIEEKAAKIKE	98	79	180	101
8004	HUMAN16907	Q9H222	1	33	MGDLSSLTPGGSMGLQVNRGSQSSLEGAPATAP	32	93	246	153
8005	HUMAN16909	Q9H221	1	35	MAGKAAEERGLPKGATPQDTSGLQDRLFSSESDNS	34	55	245	190
8006	HUMAN16911	O75688	373	479	HRESDGASDEAEESGSQGKLVEALRQMRINHRGNYRQLLEEMLTSYRLAKVEGEESPAEPAATATSSNSDAGNPVTMQESHTESESGLAELDSSNEDAGTKMSGEKI	106	694	824	130
8007	HUMAN16912	Q07837	1	60	MAEDKSKRDSIEMSMKGCQTNNGFVHNEDILEQTPDPGSSTDNLKHSTRGILGSQEPDFK	59	1	94	93
8008	HUMAN16918	Q7Z624	1	34	MESRVADAGTGETARAAGGSPAVGCTTRGPVVSA	33	28	219	191
8009	HUMAN16919	O95343	1	81	MVFRSPLDLYSSHFLLPNFADSHHRSILLASSGGGNGAGGGGGAGGGSGGGNGAGGGGAGGAGGGGGGGSRAPPEELSMFQ	80	29	166	137
8011	HUMAN16921	Q8N5C6	782	819	ETSGQIQGVAVTSSADVEVTNEKQGKKKSKTAVNVLLK	37	2151	2223	72
8014	HUMAN16924	A6NEH6	1	125	MAAEDREMMEARGAGESCPTFPKMVPGDSKSEGKPRAYLEAESQKPDSSYDYLEEMEACEDGGCQGPLKSLSPKSCRATKGQAGDGPKPAELPPTPGTERNPEMELEKVRMEFELTRLKYLHEKN	124	10	174	164
8015	HUMAN16929	Q07326	29	77	LFLENFSILETHLTWLCICSGFVTAVNLVLYLVVKPNTSSKRSSLSHKV	48	56	106	50
8016	HUMAN16932	Q9P021	1	54	MVCEKCEKKLGTVITPDTWKDGARNTTESGGRKLNENKALTSKKARFDPYGKNK	53	66	189	123
8018	HUMAN16939	Q8N801	1	40	MDQPAVATASTSIREDLVGGESFITASKPAQKTSSFEREG	39	0	100	100
8019	HUMAN16939	Q8N801	50	95	PIPGTYHLKTFIEESLLNPVIATYNFKNEGRKKPPLVQRNNPVLND	45	122	173	51
8020	HUMAN16946	Q9HB15	316	430	RCCARCCPAPGAPLARRNAITPGSRLRRRLAALGADPAARDSDAEGRRLSGELISMRDLTASNKVSLALLQKQLSETANGYPRSVCVNTRQNGFSGGVGALGIMNNRLAETSASR	114	433	574	141
8025	HUMAN16949	P32314	1	110	MGPVIGMTPDKRAETPGAEKIAGLSQIYKMGSLPEAVDAARPKATLVDSESADDELTNLNWLHESTNLLTNFSLGSEGLPIVSPLYDIEGDDVPSFGPACYQNPEKKSAT	109	0	127	127
8028	HUMAN16957	P22888	652	694	RRKDFSAYTSNCKNGFTGSNKPSQSTLKLSTLHCQGTALLDKT	42	985	1170	185
8029	HUMAN16974	O95800	1	38	MNSTGHLQDAPNATSLHVPHSQEGNSTSLQEGLQDLIH	37	3	55	52
8030	HUMAN16974	O95800	234	327	QVRKCPPVITVDASRPQPFMGVPVQGGGDPIQCAMPALYRNQNYNKLQHVQTRGYTKSPNQLVTPAASRLQLVSAINLSTAKDSKAVVTCVIIV	93	260	360	100
8031	HUMAN16974	O95800	402	540	KQKTRLRAMGKGNLEVNRNKSSHHETNSAYMLSPKPQKKFVDQACGPSHSKESMVSPKISAGHQHCGQSSSTPINTRIEPYYSIYNSSPSQEESSPCNLQPVNSFGFANSYIAMHYHTTNDLVQEYDSTSAKQIPVPSV	138	434	595	161
8032	HUMAN16983	Q8N831	1	200	MSLPESPHSPATLDYALEDPHQGQRSREKSKATEVMADMFDGRLEPIVFPPPRLPEEGVAPQDPADGGHTFHILVDAGRSHGAIKAGQEVTPPPAEGLEAASASLTTDGSLKNGFPGEETHGLGGEKALETCGAGRSESEVIAEGKAEDVKPEECAMFSAPVDEKPGGEEMDVAEENRAIDEVNREAGPGPGPGPLNVGL	199	0	222	222
8033	HUMAN16985	Q8N5S3	181	287	GSRPTVPKGAEVLLNTPGSRSSEQSKKTEKGNSAESRMISPGLCQQNSQELLEPKTHLSETDVRQAAKACPSTPESREKTSGATQTTVGDALFTRHKPLNPPIKKSE	106	268	379	111
8034	HUMAN16985	Q8N5S3	1	45	MEEKEDKHQQHKIEDAAITYVSENEEIKHEEKPGKSIHHSKSHVG	44	25	102	77
8035	HUMAN16987	Q6ZMW3	1277	1355	KLVDSEESDTDVEEDGGYDSDVAREKAIDYTTKIYAVSIREMEGTKPHQQLKEVSVEERPPVSRAAPQPEKLQKNNITK	78	2215	2428	213
8036	HUMAN16987	Q6ZMW3	607	671	PQEGGADSYSEESDSDLSDVPELDSDIEQEAQINYDRQVYKEDLPQLKQQSKEKNHAVPFLKREK	64	1246	1372	126
8037	HUMAN16992	P46199	57	87	VLTGAALSQYRLLVTKKEEGPWKSQLSSTKS	30	496	611	115
8040	HUMAN16993	Q3V6T2	897	1100	ATIDIKTLVTLREDLVSEKLKTQQMNNDLEKLTHELEKIGLNKERLLHDEQSTDDSRYKLLESKLESTLKKSLEIKEEKIAALEARLEESTNYNQQLRQELKTVKKNYEALKQRQDEERMVQSSPPISGEDNKWERESQETTRELLKVKDRLIEVERNNATLQAEKQALKTQLKQLETQNNNLQAQILALQRQTVSLQEQNTTL	203	931	1163	232
8044	HUMAN17000	Q96PX6	1	140	MSKAAGGAAAAAAAAESCSPAPAGSSAAPPAPVEDLSKVSDEELLQWSKEELIRSLRRAEAEKVSAMLDHSNLIREVNRRLQLHLGEIRGLKDINQKLQEDNQELRDLCCFLDDDRQKGKRVSREWQRLGRYTAGVMHKE	139	45	203	158
8045	HUMAN17001	Q86Y07	318	470	IPLGPLDFSTKGQSINVHTPNSQKVDSQKAATKQVNKAHNRLIEKKVHSERSAESCATWKVQKEEKLIGLMNNEAAQESTRRRQKYQESQEPLNEVNSFPQKISYTQFPNSFYEPHQDFTSPDIFKKSRSPSWYKYTSTVSTGITDLESSTGL	152	353	576	223
8048	HUMAN17011	Q3MIT2	62	104	EVMNPPPKKIRLQELEDSIDNLSQNGEGRISVSHVGSTASKNS	42	203	286	83
8049	HUMAN17014	Q92968	1	65	MASQPPPPPKPWETRRIPGAGPGPGPGPTFQSADLGPTLMTRPGQPALTRVPPPILPRPSQQTGS	64	77	319	242
8050	HUMAN17014	Q92968	214	269	SEGTVACLGAEDRAATSAKSWPIFLFFAVILGGPYLIWKLLSTHSDEVTDSINWAS	55	722	831	109
8051	HUMAN17014	Q92968	337	403	RKGRKTVESSKVSKQQQSFTNPTLTKGATVADSLDEQEAAFESVFVETNKVPVAPDSIGKDGEKQDL	66	993	1235	242
8052	HUMAN17015	Q6NSI8	526	626	TPWGPKTGELNAFLSLKNWTLQLKQQSLFSEEEEYTTGSEVTEDEVGDEEEVSKKQRKKEKPKKFTRQPKKQVSSPCAQRKEKALEKSASRDVSPFVMSMQ	100	675	812	137
8053	HUMAN17015	Q6NSI8	63	143	SSPVDNQYNSLMAAGESPVETLATYIKSSLLDIHGEFQETPVGHDAVSKTGRHSIASTRNCSSESENCTTHNGGEMTEESE	80	120	219	99
8054	HUMAN17017	A8MZ97	101	159	EVLATPLENRRDMEAEEENQINEKQEPENAGETGQEEDDGLQKIHTSVTRTPSVVESQK	58	117	178	61
8055	HUMAN17017	A8MZ97	1	72	MSLLAKPMSFETTAITFFIILLICLICILLLLVVFLYKCFQGRKGKETKKVPCTDANGGVDCAAAKVVTSNP	71	11	86	75
8058	HUMAN17020	Q70CQ2	85	144	CTTINIDSTWQDESNQAEEPLNIDRECNEGSTERQKSIEKKSNSTRICNLTEEESSKSSD	59	366	586	220
8059	HUMAN17029	Q9NY97	1	41	MSVGRRRIKLLGILMMANVFIYFIMEVSKSSSQEKNGKGEV	40	64	167	103
8060	HUMAN17029	Q9NY97	58	93	YWNREQEKLNRQYNPILSMLTNQTGEAGRLSNISHL	35	205	247	42
8061	HUMAN17031	Q8NDI1	1201	1231	KQAEEEDEHLERTLEQNKGKMAKKEEKCVLQ	30	2449	2508	59
8064	HUMAN17043	Q9P1Q0	481	575	DKNQRTRELEEISQQKNAAKDNSLDTEVAYLIHEGMFISDAFGEGELTPIAVDTTSQRNASPNSEPCSSDSVSEPECTTDSSSSKEHTSSSAIPG	94	1791	2019	228
8065	HUMAN17048	Q14140	255	296	MYDFDPCTSSSGTASKMAPVSADDLLKTLAPYSSQPVTPSQP	41	459	517	58
8067	HUMAN17049	P43007	1	30	MEKSNETNGYLDSAQAGPAAGPGAPGTAAG	29	39	175	136
8068	HUMAN17049	P43007	485	532	GEQELAEVKVEAIPNCKSEEETSPLVTHQNPAGPVASAPELESKESVL	47	887	1032	145
8072	HUMAN17071	P08567	107	149	QKFARKSTRRSIRLPETIDLGALYLSMKDTEKGIKELNLEKDK	42	183	236	53
8073	HUMAN17071	P08567	194	234	GDMSKSAVDGTAENPFLDNPDAFYYFPDSGFFCEENSSDDD	40	282	352	70
8074	HUMAN17072	Q5FWF7	1	30	MHKNSKRNNNLRVSHTEANSVDAEKEKNES	29	25	76	51
8075	HUMAN17076	P42331	1	45	MSLKLPRNWDFNLKVEAAKIARSRSVMTGEQMAAFHPSSTPNPLE	44	0	79	79
8076	HUMAN17079	O95393	1	49	MGSLVLTLCALFCLAAYLVSGSPIMNLEQSPLEEDMSLFGDVFSEQDGV	48	46	141	95
8077	HUMAN17079	O95393	276	319	HEQLPELDNLGLDSFSSGPGEEALLQMRSNIIYDSTARIRRNAK	43	444	508	64
8078	HUMAN17083	Q9H6X2	402	444	GSTEEGAKLEKAKNARVKMPEQEYEFPEPRNLNNNMRRPSSPR	42	477	521	44
8079	HUMAN17083	Q9H6X2	475	564	PGDTGRCINFTRVKNNQPAKYPLNNAYHTSSPPPAPIYTPPPPAPHCPPPPPSAPTPPIPSPPSTLPPPPQAPPPNRAPPPSRPPPRPSV	89	555	736	181
8080	HUMAN17086	Q9UMS0	1	42	MAATARRGWGAAAVAAGLRRRFCHMLKNPYTIKKQPLHQFVQ	41	40	152	112
8081	HUMAN17089	Q2M2I8	1	31	MKKFFDSRREQGGSGLGSGSSGGGGSTSGLG	30	30	64	34
8083	HUMAN17092	Q96IK5	1	89	MGSLSSRVLRQPRPALAQQAQGARAGGSARRPDTGDDAAGHGFCYCAGSHKRKRSSGSFCYCHPDSETDEDEEEGDEQQRLLNTPRRKK	88	15	150	135
8085	HUMAN17098	Q53RT3	1	45	MGSPGASLGIKKALQSEQATALPASAPAVSQPTAPAPSCLPKAGQ	44	65	124	59
8087	HUMAN17111	Q6QHK4	124	186	AKDSKKQDPDEQSYSNNSSESHTSSARQLSRNITQHISCAFGLKNEEEGPWADGGSGEPAHAC	62	151	217	66
8088	HUMAN17111	Q6QHK4	1	64	MDPAPGVLDPRAAPPALLGTPQAEVLEDVLREQFGPLPQLAAVCRLKRLPSGGYSSTENLQLVL	63	0	89	89
8089	HUMAN17112	Q8N1N0	64	95	TRPVPKPVQAVILGDNITGHLPFEPNNHHHFG	31	81	137	56
8090	HUMAN17113	Q9UJ71	28	64	PKSGPSLVPGKTPTVRAALICLTLVLVASVLLQAVLY	36	43	80	37
8091	HUMAN17114	Q9UIW0	152	183	NRRTKQKKDQSRDLEKRASSSASEAFATSNIL	31	237	274	37
8092	HUMAN17114	Q9UIW0	1	107	MGDGGAERDRGPARRAESGGGGGRCGDRSGAGDLRADGGGHSPTEVAGTSASSPAGSRESGADSDGQPGPGEADHCRRILVRDAKGTIREIVLPKGLDLDRPKRTRT	106	16	193	177
8093	HUMAN17122	Q96PE7	1	37	MARVLKAAAANAVGLFSRLQAPIPTVRASSTSQPLDQ	36	57	128	71
8096	HUMAN17125	Q9ULR5	47	123	VEEELQEQDFLDRCFQEMLDEEDQDWFIPSRDLPQAMGQLQQQLNGLSVSEGHDSEDILSKSNLNPDAKEFIPGEKY	76	102	190	88
8097	HUMAN17130	Q9NR63	1	42	MLFEGLDLVSALATLAACLVSVTLLLAVSQQLWQLRWAATRD	41	110	200	90
8098	HUMAN17140	A8MTQ0	1	78	MPSPRPRGSPPPAPSGSRVRPPRSGRSPAPRSPTGPNTPRAPGRFESPFSVEAILARPDPCAPAASQPSGSACVHPAF	77	49	149	100
8099	HUMAN17140	A8MTQ0	208	251	RVKYQKQQKLRAAVTSAEAASLDEPSSSSIASIQSDDAESGVDG	43	307	397	90
8100	HUMAN17142	Q6GMV2	385	418	ADEPNVTSEEEEEEEEEEEGEPEDAELGDEMTDV	33	678	785	107
8103	HUMAN17151	O75319	250	358	PIRKNWNSSVPRSSDFEDSAHLMQPVHNKPVKQGPRYNLHQIQGHSAPRHFHTQTQSLQQSVRKFSENPHVYQRHHLPPPGPPGEDYSHRRYSWNVKPNASRAAQDRRR	108	255	407	152
8105	HUMAN17154	O95630	172	247	QELEKERLKIVQEFGKVDPGLGGPLVPDLEKPSLDVFPTLTVSSIQPSDCHTTVRPAKPPVVDRSLKPGALSNSES	75	348	539	191
8106	HUMAN17160	Q16854	1	36	MAAGRLFLSRLRAPFSSMAKSPLEGVSSSRGLHAGR	35	104	159	55
8107	HUMAN17164	Q9H8S9	1	31	MSFLFSSRSSKTFKPKKNIPEGSHQYELLKH	30	65	247	182
8108	HUMAN17166	Q9BY07	217	293	RHQTKKPIHRSLADIGKSVSTTNRSPARSPGAGPSLHHSTEDLRMRQSANYGRLCHAQSRSMNDISLTPNTDQRKNK	76	274	393	119
8109	HUMAN17166	Q9BY07	419	482	SADKRKSVFSLAELGQMNGSVGGGGGAPGGGNGGGGGGGSGGGAGSGGAGGTSSGDDGEMPAMH	63	524	609	85
8110	HUMAN17166	Q9BY07	41	91	PQRKTDQKGHLSGLQKVHWGLRPDQPQQELTGPGSGASSQDSSMDLISRTR	50	83	145	62
8112	HUMAN17168	Q14203	534	565	LTNQQEASVERQQQPPPETFDFKIKFAETKAH	31	1847	1899	52
8113	HUMAN17173	Q9BST9	1	48	MFSRNHRSRVTVARGSALEMEFKRGRFRLSLFSDLPEDTELQRKLDHE	47	16	72	56
8114	HUMAN17173	Q9BST9	205	247	ALTGGPKRLATKLSSSLGRSSGRRVRASLDSAGGSGSSPILLP	42	234	303	69
8116	HUMAN17177	Q13724	1	71	MARGERRRRAVPAEGVRTAERAARGGPGRRDGRGGGPRSTAGGVALAVVVLSLALGMSGRWVLAWYRARRA	70	93	336	243
8117	HUMAN17179	Q17RM4	655	714	KSQVHRRPPCCCACQEVQTTKLPSSCLNSLESLEPPLQPGTSPAQTGQLQSTLGGRGPSP	59	767	841	74
8118	HUMAN17180	Q49AM3	424	519	QRGGICAPPLSPGALQPLPHAELAPSGLPSLRCPRSTALRSPGLSPLLHYPSCHRSHPNQPLSQTQSRRPHPLKPQDPSKGWDILGLGLQHLSQAR	95	525	660	135
8120	HUMAN17181	Q6XYB7	140	198	LKRDVEEMRADVASLRALSPEVLCSLALPEGAPDPGLCLGPAGPDSRPHLSDEEIQVDD	58	172	239	67
8121	HUMAN17181	Q6XYB7	1	90	MNSGREPRTPRTLLSIADILAPRMVPRAPSAPQLPESGPGPTSPLCALEELTSKTFRGLDARALQPSEGRAGPDALGPGPFGRKRRKSRT	89	27	123	96
8122	HUMAN17183	Q9BSM1	1	31	MASPQGGQIAIAMRLRNQLQSVYKMDPLRNE	30	35	66	31
8123	HUMAN17185	O43763	1	170	MEPGMLGPHNLPHHEPISFGIDQILSGPETPGGGLGLGRGGQGHGENGAFSGGYHGASGYGPAGSLAPLPGSSGVGPGGVIRVPAHRPLPVPPPAGGAPAVPGPSGLGGAGGLAGLTFPWMDSGRRFAKDRLTAALSPFSGTRRIGHPYQNRTPPKRKKPRTSFSRSQVL	169	6	215	209
8124	HUMAN17187	Q9Y679	263	293	DKAEHMKRQRHPRLRPQSAQSSFPPSPGPSP	30	566	627	61
8125	HUMAN17187	Q9Y679	337	410	AVAFMPEDITKGTQSLPTASASKFPSSGPVTPQPTALTFAKSSWARQESLQERKQALYEYARRRFTERRAQEAD	73	673	816	143
8126	HUMAN17188	O43464	67	107	EPRACLTSGTPGPRAQLTAVTPDTRTREASENSGTRSRAWL	40	307	395	88
8128	HUMAN17191	Q8TC57	458	530	KPQGRLHPHWESRAPRKHPCKTGQLQTNRARATVAPLPMTPVPGRASKMPAASKSSSDAFFLPSEWEKDPSRP	72	601	760	159
8129	HUMAN17192	O95754	1	34	MPASAARPRPGPGQPTASPFPLLLLAVLSGPVSG	33	0	92	92
8130	HUMAN17192	O95754	688	739	RQRELLARDKVGLDLGAPPSGTTSYSQDPPSPSPEDERLPLALAKRGSGFGG	51	819	925	106
8131	HUMAN17195	Q9NR33	1	37	MAAAAAAGSGTPREEEGPAGEAAASQPQAPTSVPGAR	36	5	84	79
8132	HUMAN17196	P25103	329	407	GDYEGLEMKSTRYLQTQGSVYKVSRLETTISTVVGAHEEEPEDGPKATPSSLDLTSNCSSRSDSKTMTESFSFSSNVLS	78	469	576	107
8133	HUMAN17199	P49406	1	72	MAACIAAGHWAAMGLGRSFQAARTLLPPPASIACRVHAGPVRQQSTGPSEPGAFQPPPKPVIVDKHRPVEPE	71	22	153	131
8135	HUMAN17201	P16383	382	433	RKDETSTSGNFSVDEKTQWILEEIESRRTKRRQARVLSGNCNHQEGTSSDDE	51	955	1050	95
8136	HUMAN17204	Q6UW15	1	34	MLPPMALPSVSWMLLSCLILLCQVQGEETQKELP	33	15	51	36
8137	HUMAN17206	P48304	1	31	MAQTNSFFMLISSLMFLSLSQGQESQTELPN	30	4	43	39
8138	HUMAN17207	P05451	1	30	MAQTSSYFMLISCLMFLSQSQGQEAQTELP	29	4	43	39
8139	HUMAN17208	Q06141	1	34	MLPPMALPSVSWMLLSCLMLLSQVQGEEPQRELP	33	5	42	37
8140	HUMAN17210	P26232	633	672	PEELEDDSDFEQEDYDVRSRTSVQTEDDQLIAGQSARAIM	39	1031	1118	87
8141	HUMAN17210	P26232	911	953	PEKKPLVKREKPEEFQTRVRRGSQKKHISPVQALSEFKAMDSF	42	1499	1565	66
8142	HUMAN17211	Q86UE6	347	484	YAQGEDVLDAVYAFHLCEDGAEPTSGHLLSAVTNRSDLGPPASSATTLADGGEGQHDGTFEPATVALPGGEHAENAVQIHKVVTGTMALIFSFLIVVLVLYVSWKCFPASLRQLRQCFVTQRRKQKQKQTMHQMAAMS	137	385	567	182
8143	HUMAN17212	P53597	1	35	MTATLAAAADIATMVSGSSGLAAARLLSRSFLLPQ	34	102	213	111
8145	HUMAN17214	Q86V40	1	38	MSPWSWFLLQTLCLLPTGAASRRGAPGTANCELKPQQS	37	70	117	47
8146	HUMAN17214	Q86V40	354	431	PAGRPIHKGKSKKTSTRPTLSTIFAPKVPTLEVPAPEAVSSGHSTLPPLVSRPGSADTPSEAEQRFRKKRRRSQRRPR	77	470	574	104
8147	HUMAN17214	Q86V40	446	505	DIVPQLQVPVLDRHISTELRLPRRGHSHHSQMVASSACLSLWTPVFWVLVLAFQTETPLL	59	621	693	72
8150	HUMAN17220	Q6NUM9	1	60	MWLPLVLLLAVLLLAVLCKVYLGLFSGSSPNPFSEDVKRPPAPLVTDKEARKKVLKQAFS	59	34	274	240
8151	HUMAN17222	Q96FG2	1	35	MNEKSCSFHSKEELRDGQGERLSAGYSPSYDKDKS	34	22	97	75
8152	HUMAN17229	P38435	1	30	MAVSAGSARTSPSSDKVQKDKAELISGPRQ	29	52	159	107
8153	HUMAN17229	P38435	727	758	PFEAVGELNPSNTDSSHSNPPESNPDPVHSEF	31	1212	1288	76
8154	HUMAN17234	O95183	78	116	VGVLLIILIVLLVVFLPQSSDSSSAPRTQDAGIASGPGN	38	101	144	43
8156	HUMAN17243	Q2NKX9	25	103	FVHHIRRNQIARDDYDKKVKQAAKEKVRRRHTPAPTRPRKPDLQVYLPRHRDVSAHPRNPDYEESGESSSSGGSELEPS	78	37	142	105
8158	HUMAN17250	Q9UNP4	1	83	MRTKAAGCAERRPLQPRTEAAAAPAGRAMPSEYTYVKLRSDCSRPSLQWYTRAQSKMRRPSLLLKDILKCTLLVFGVWILYIL	82	0	198	198
8161	HUMAN17253	Q96EY7	1	53	MAVVSAVRWLGLRSRLGQPLTGRRAGLCEQARSCRFYSGSATLSKVEGTDVTG	52	27	188	161
8162	HUMAN17256	Q9NZE8	1	85	MAASAFAGAVRAASGILRPLNILASSTYRNCVKNASLISALSTGRFSHIQTPVVSSTPRLTTSERNLTCGHTSVILNRMAPVLPS	84	0	111	111
8163	HUMAN17262	O00237	523	605	QSEEEMSEGSQDTENDSESENTDTLSSEKEVFEDKQSVLHNSPGTASHCDAEACSCANKYCQTSPCERKGRSYGSYNTNEDME	82	720	916	196
8164	HUMAN17264	P01732	135	173	AKPTTTPAPRPPTPAPTIASQPLSLRPEACRPAAGGAVH	38	232	284	52
8166	HUMAN17278	A8MTJ6	1	127	MALYCGDNFGVYSQPGLPPPAATAAAPGAPPAARAPYGLADYAAPPAAAANPYLWLNGPGVGGPPSAAAAAAAAYLGAPPPPPPPGAAAGPFLQPPPAAGTFGCSQRPFAQPAPAAPASPAAPAGPG	126	45	248	203
8167	HUMAN17280	Q9NZJ5	1081	1116	DFPGKTVLRQRSRSLSSSGTKHSRQSNNSHSPLPSN	35	2314	2423	109
8168	HUMAN17280	Q9NZJ5	1	100	MERAISPGLLVRALLLLLLLLGLAARTVAAGRARGLPAPTAEAAFGLGAAAAPTSATRVPAAGAVAAAEVTVEDAEALPAAAGEQEPRGPEPDDETELRP	99	74	322	248
8169	HUMAN17280	Q9NZJ5	507	582	NKNIRKKDPVLLLHWWKEIVATILFCIIATTFIVRRLFHPHPHRQRKESETQCQTENKYDSVSGEANDSSWNDIKN	75	1100	1306	206
8171	HUMAN17281	P49247	1	76	MQRPGPFSTLYGRVLAPLPGRAGGAASGGGGNSWDLPGSHVRLPGRAQSGTRGGAGNTSTSCGDSNSICPAPSTMS	75	45	244	199
8172	HUMAN17334	A0A075B734	288	347	EPLKLEDSVAYEDHGITVLPKMGSHEPMISPLTLISVSLANRSSVHSAPPLHESMALEHF	59	326	389	63
8173	HUMAN17337	P82675	168	210	VEADMIQQREEWDRKKKMKVKRERGWSGNSWGGISLGPPDPGP	42	251	303	52
8174	HUMAN17338	Q96K75	54	203	EEGGEPFMVEREISTGAHSDWKRRSKSKESMPSWGISKEELFQVVSVEKHIQDVLQFSKLKAACGCDGQLEMQQIKQERHLKQMSTIHKSATTLSRDYKWNGFGRSLGLRSVLVNQHSILMGEGSYKCDTEFRQTLGGNNSQRTHPEKKS	149	276	489	213
8175	HUMAN17341	A0A087WUV0	1	36	MEPEGRGSLFEDSDLLHAGNPKENDVTAVLLTPGSQ	35	0	66	66
8176	HUMAN17341	A0A087WUV0	76	217	TPDVISQLEHEEELEREVSKAASQKHWETIPESKELTPEKDISEEESAPGVLIVRFSKESSSECEDSLESQQENHEKHLIQEAVTEKSSRERSYQSDEFRRNCTQRSLLVQQQGERLHHCDSFKNNLKQNSDIIRHERICAG	141	114	269	155
8177	HUMAN17343	Q8N271	1	33	MKHTLALLAPLLGLGLGLALSQLAAGATDCKFL	32	40	110	70
8178	HUMAN17349	Q5JPF3	1400	1446	YLKDFEIVKRKHEDLQKALKRNEETLAETIACYSGQLAALTDENTTL	46	2141	2188	47
8181	HUMAN17352	Q6HA08	1	53	MEGVGGLWPWVLGLLSLPGVILGAPLASSCAGACGTSFPDGLTPEGTQASGDK	52	3	59	56
8182	HUMAN17352	Q6HA08	284	431	SGPRPRGRGSHAHSTGRSPAPASLSLQRLLEALSAESRSPDPSGSSAGGQPVPAGPGESPHGWESPALKKLSAEASARQPQTLASSPRSRPGAGAPGVAQEQSWLAGVSTKPTVPSSEAGIQPVPVQGSPALPGGCVPRNHFKGMSED	147	289	447	158
8183	HUMAN17354	Q9NQZ5	334	370	DYISAKPLEMSSEAKATSQSSERKNEGSCGPARIEYA	36	547	599	52
8184	HUMAN17355	O75204	203	238	EEEQALELLSEMEENEPYPAEYEVINQFQPPPAYTP	35	373	469	96
8187	HUMAN17357	O75643	366	404	TEKEDLIREERSRRERVRQSRMDTDLETMDLDQGGEALA	38	1044	1257	213
8188	HUMAN17359	Q15003	184	237	GKDAPSLEEVEGHVADGSATEMGTTKKAVKPKKKHLHRTIEQNINNLNVSEADR	53	660	826	166
8190	HUMAN17359	Q15003	305	368	PLQQCAEDRQICPSLAGFQFTQWDSETHNESVSALVDKFKKNDQVFDINAEVDESDCGDFPDGS	63	1089	1252	163
8191	HUMAN17359	Q15003	377	413	DEPDHTAVGDHEEFRSWKEPCQVQSCQEEMISLGDGD	36	1299	1451	152
8192	HUMAN17359	Q15003	449	503	PRRKQDAPSQSENKKKSTKKDFEIDFEDDIDFDVYFRKTKAATILTKSTLENQNW	54	1547	1722	175
8195	HUMAN17362	Q03989	1	56	MAAPVKGNRKQSTEGDALDPPASPKPAGKQNGIQNPISLEDSPEAGGEREEEQERE	55	178	250	72
8196	HUMAN17366	Q9H0V9	1	43	MAATLGPLGSWQQWRRCLSARDGSRMLLLLLLLGSGQGPQQVG	42	46	115	69
8197	HUMAN17367	Q6P4Q7	1	40	MAPVGGGGRPVGGPARGRLLLAAPVLLVLLWALGARGQGS	39	13	92	79
8198	HUMAN17367	Q6P4Q7	648	688	PSDRSPAHPTPLSRSASLSYPDRTDVSTAATLAGSSNQFGS	40	1250	1347	97
8199	HUMAN17367	Q6P4Q7	727	775	NSPQFPIDGCTTHMENLAEKSELPVVDETTTLLNERNSLLHKASHENAI	48	1397	1586	189
8200	HUMAN17368	Q8NE01	657	707	NLPQSPENTDLQVIPGSQTRLLGEKTTTAAGSSHSRPGVPVEGSPGRNPGV	50	1116	1247	131
8201	HUMAN17369	Q86SG2	1	31	MDFISIQQLVSGERVEGKVLGFGHGVPDPGA	30	123	156	33
8202	HUMAN17369	Q86SG2	43	109	AVAREKLKLEEEKKKKLERFNSTRFNLDNLADLENLVQRRKKRLRHRVPPRKPEPLVKPQSQAQVEP	66	171	250	79
8203	HUMAN17371	Q9C0C4	688	728	RRLREELEKGAKATERTLVYPLELPKEPTSPPFRPCPEPDE	40	787	840	53
8204	HUMAN17374	A6QL64	1567	1612	FEIVKRKHEDLQKALKRNGETLAKTIACYSGQLAALTDENTTLRSK	45	1873	1920	47
8207	HUMAN17377	P10606	1	42	MASRLLRGAGTLAAQALRARGPSGAAAMRSMASGGGVPTDEE	41	53	105	52
8208	HUMAN17379	A0A1B0GVN3	26	67	VPYDPSFDETRTAVRSITKRDTQKSYSQQKSLNNAAFASGSN	41	71	118	47
8211	HUMAN17384	Q92545	1	31	MGKRAGGGATGATTAAVSTSAGAGLEPAAAR	30	31	118	87
8212	HUMAN17385	Q502W6	1003	1034	AAKKNYANKAPGEQQKLQGNPTKKTKSKRPDP	31	1254	1313	59
8213	HUMAN17385	Q502W6	1169	1294	PEDPEVEDVEARNSAFLFWPLKEADTQDSREPRREKPRRKKRPAKQPLQQAAPSDSDGSSHGISSHGSCQGTHPEPRTAHLHFPAAGRLGLSSHAIIATPPPRAALPCTLQATHSSKGLRSVPETL	125	1466	1651	185
8214	HUMAN17385	Q502W6	1	31	MEKSGPSSTISEQQLQRQEGWINTKTDLAEQ	30	32	74	42
8215	HUMAN17385	Q502W6	711	807	EKDGDSKHQKEICSMISTPEKCAKPQSDVDSTQTSSLNMLKGPWGLSDQKVQKKKVLHAESTKTSLLRSQMSSLRSSACSERKDGLSNASSRRTALS	96	835	1007	172
8216	HUMAN17389	Q96PE3	1	39	MTAREHSPRHGARARAMQRASTIDVAADMLGLSLAGNIQ	38	25	172	147
8218	HUMAN17398	Q9BZW7	1	90	MMRSRSKSPRRPSPTARGANCDVELLKTTTRDREELKCMLEKYERHLAEIQGNVKVLKSERDKIFLLYEQAQEEITRLRREMMKSCKSPK	89	408	516	108
8219	HUMAN17398	Q9BZW7	619	698	VVTQLEADLDITKRQLGTERFERERAVQELRRQNYSSNAYHMSSTMKPNTKCHSPERAHHRSPDRGLDRSLEENLCYRDF	79	1132	1244	112
8220	HUMAN17406	O14530	189	226	GNLMEPPFQNQKKFGTNFTKLEKKTIRGKKYDSDSDDD	37	466	594	128
8224	HUMAN17416	Q1L5Z9	322	438	ENLTSSIQSRLKAQGHSHMNAQALLEEGDAGSSENSSEKSDMLGNTNSSVLYFILGLHFEEDKKALESILPTAPSAGLKRQFPDDVEDAPDLNAPGKIPKKDLSLQRSPNSETEESQ	116	438	600	162
8225	HUMAN17417	O43529	1	74	MHHQWLLLAACFWVIFMFMVASKFITLTFKDPDVYSAKQEFLFLTTMPEVRKLPEEKHIPEELKPTGKELPDSQ	73	48	174	126
8226	HUMAN17420	Q9H2J4	208	239	LEENPKKPIEDVLLSSVRRSVLMKRDSDSEGD	31	537	635	98
8227	HUMAN17426	Q9UKZ1	1	60	MPGGGASAASGRLLTAAEQRGSREAAGSASRSGFGGSGGGRGGASGPGSGSGGPGGPAGR	59	93	164	71
8228	HUMAN17427	Q8NC42	321	400	GEPGDVQEMPAPESPPGRDPAANLSLALPDDDGSDDSSPPSASPAESEPQCDPSFKGDAGENTALLEAGRSDSRHGGPIS	79	365	465	100
8229	HUMAN17428	Q8IUH2	77	117	SAHKEDAHLRPRAGAARARPPPAPPGMFSYRREGGQTASAP	40	175	233	58
8230	HUMAN17434	Q9HB29	542	575	RPFPPVQLLQHTPCYRTAGPELGSRRKKCTLTTG	33	871	923	52
8231	HUMAN17438	O95256	565	599	QGFTWNQLRITSRIFQWKGLSRTETTGRSSQPKEW	34	750	789	39
8232	HUMAN17439	Q6AI14	1	53	MALQMFVTYSPWNCLLLLVALECSEASSDLNESANSTAQYASNAWFAAASSEP	52	2	80	78
8234	HUMAN17440	Q9UBY0	1	64	MEPLGNWRSLRAPLPPMLLLLLLQVAGPVGALAETLLNAPRAMGTSSSPPSPASVVAPGTTLFE	63	3	94	91
8236	HUMAN17441	Q8NBP5	1	54	MELGGHWDMNSAPRLVSETAERKQEQKTGTEAEAADSGAVGARRFLLCLYLVGF	53	9	71	62
8237	HUMAN17441	Q8NBP5	222	265	EAKPGSTEKGLPLRKTHVLLGRSHDTVQEAATSRRARASKKTAQ	43	355	437	82
8238	HUMAN17448	Q9Y5Y3	230	260	HNQSDSLDLRQLTRAGLRRLQRQQQVSVDLS	30	314	352	38
8239	HUMAN17450	Q9BVC5	1	51	MAGDVGGRSCTDSELLLHPELLSQEFLLLTLEQKNIAVETDVRVNKDSLTD	50	12	77	65
8241	HUMAN17455	O43639	63	107	KKGSLVKNLKDTLGLGKTRRKTSARDASPTPSTDAEYPANGSGAD	44	291	416	125
8242	HUMAN17456	Q9H1Z8	109	148	RNGHEYYGDYYQRHYDEDSAIGPRSPYGFRHGASVNYDDY	39	207	251	44
8243	HUMAN17456	Q9H1Z8	1	50	MAASPARPAVLALTGLALLLLLCWGPGGISGNKLKLMLQKREAPVPTKTK	49	10	139	129
8244	HUMAN17460	Q96JF0	33	194	SNPAEPVPSSLSFLETRRLLPVQGKQRAIMGAAHEPSPPGGLDARQALPRAHPAGSFHAGPGDLQKWAQSQDGFEHKEFFSSQVGRKSQSAFYPEDDDYFFAAGQPGWHSHTQGTLGFPSPGEPGPREGAFPAAQVQRRRVKKRHRRQRRSHVLEEGDDGDR	161	67	264	197
8245	HUMAN17461	Q7Z3J3	1177	1331	QTPHKLVDTGRAAKLIQRAEEMKSGLKDFKTFLTNDQTKVTEEENKGSGTGAAGASDTTIKPNPENTGPTLEWDNCDLREDALDDSVSSSSVHASPLASSPVRKNLFHFGESTTGSNFSFKSALSPSKSPAKLNQSGTSVGTDEESDVTQEEERD	154	1244	1399	155
8246	HUMAN17461	Q7Z3J3	1469	1678	EKDSLITPHVSRSSTPRESPCGKIAVAVLEETTRERTDVIQGDDVADAASEVEVSSTSETTTKAVVSPPKFVFGSESVKRIFSSEKSKPFAFGNSSATGSLFGFSFNASLKSNNSETSSVAQSGSESKVEPKKCELSKNSDIEQSSDSKVKNLSASFPMEESSINYTFKTPEKEPPLWHAEFTKEELVQKLSSTTKSADHLNGLLREAEA	209	1542	1777	235
8247	HUMAN17461	Q7Z3J3	757	839	YSEGDPLYKNGSLRNADSEIKHSTPSPTKYSLSPSKSYKYSPKTPPRWAEDQNSLLKMIRQEVKAIKEEMQELKLNSSKSASH	82	790	880	90
8248	HUMAN17461	Q7Z3J3	874	911	PSVYYSQSPAYNSQYLLRPAANVTPTKGSSNTEFKSTK	37	916	955	39
8249	HUMAN17461	Q7Z3J3	929	980	EPGNQEKESEKPLENDTGFQAQDISGQKNGRGVIFGQTSSTFTFADVAKSTS	51	976	1037	61
8250	HUMAN17461	Q7Z3J3	991	1032	PNFKGFSGAGEKLFSSQCGKMANKANTSGDFEKDDDAYKTED	41	1047	1089	42
8251	HUMAN17462	Q9GZV3	1	35	MAFHVEGLIAIIVFYLLILLVGIWAAWRTKNSGSA	34	88	196	108
8252	HUMAN17462	Q9GZV3	520	580	RHSEENMDKTILVKNENIKLDELALVKPRQSMTLSSTFTNKEAFLDVDSSPEGSGTEDNLQ	60	1106	1247	141
8254	HUMAN17467	Q8IWJ2	1	69	MEDLVQDGVASPATPGTGKSKLETLPKEDLIKFAKKQMMLIQKAKSRCTELEKEIEELRSKPVTEGTGD	68	78	206	128
8255	HUMAN17467	Q8IWJ2	916	953	KELRDRRAELILLKDSLAKSPSVKNDPLSSVKELEEKI	37	1601	1722	121
8256	HUMAN17472	P49792	1308	1344	PGTNVAMASNQAVRIVKEPTSHDNKDICKSDAGNLNF	36	3071	3289	218
8257	HUMAN17472	P49792	1743	1779	KCIACQCPSKQNQTTAISTPASSEISKAPKSGFEGMF	36	4238	4291	53
8258	HUMAN17472	P49792	1798	1853	SLKCVACDASKPTHKPIAEAPSAFTLGSEMKLHDSSGSQVGTGFKSNFSEKASKFG	55	4310	4404	94
8265	HUMAN17474	Q96M89	296	401	IDIQAKRVQARLDNLQRKYEFMTIQRLKGSSHAVHEMKSLKQEKAPVSKTYKVPLNGQVYELLTVFMDWISDHHLSKVKHEESGMDGKKPQLKFASQRNDIQEKCV	105	373	498	125
8267	HUMAN17477	Q8TEJ3	1	45	MLLGASWLCASKAAAAAAQSEGDEDRPGERRRRRAAATAAGAGED	44	10	108	98
8270	HUMAN17480	Q53LP3	385	525	SIAEEIKNLVGALDEGDGESAAGSGGGRWRLSKVLPSHLITYKLSHALEDGGDHHHHHHSAEGWVGGKAKDPGRKASGSSSGRIKPRLNKIRFRTQIVHTTPSFRDPEQPLEGRGEEGVGEERPVKGHSPFTLRPKSNVFG	140	517	686	169
8272	HUMAN17485	O15259	213	293	EEEGQESSEEGSEEDVEAVDETADGAEVKQRTDPHWSAVQKAISEAGIFCLVNHVSFCYLIVLMRNRMETVEDTNGSETGF	80	419	561	142
8273	HUMAN17485	O15259	56	148	IDENKNALQKLSKADESAPVANYNQRKEEEHTLLDKLTQQLQGLAVTISRENITEVGAPTEEEEESESEDSEDSGGEEEDAEEEEEEKEENES	92	121	318	197
8276	HUMAN17502	Q9H1A4	674	704	RLAWTRNFDFEGSLSPVIAPKKARPSETGSD	30	1686	1751	65
8277	HUMAN17502	Q9H1A4	715	746	YHQNVESHLLNRSLCLSPSEASQMKDEDFSQN	31	1761	1843	82
8278	HUMAN17502	Q9H1A4	988	1019	CEGNLPKGKSVLSSDVPSGTETEEEDDGMNDM	31	2295	2424	129
8279	HUMAN17503	Q12866	1	72	MGPAPLPLLLGLFLPALWRRAITEAREEAKPYPLFPGPFPGSLQTDHTPLLSLPHASGYQPALMFSPTQPGR	71	4	176	172
8280	HUMAN17503	Q12866	943	999	SAPSAAVTAEKNSVLPGERLVRNGVSWSHSSMLPLGSSLPDELLFADDSSEGSEVLM	56	1471	1530	59
8281	HUMAN17505	Q96K49	466	511	IDDSDDEIEEFMVTSENLTEGIKLRASKSVSNGTAKPATSENFDED	45	827	899	72
8282	HUMAN17505	Q96K49	523	555	FTDVALPVLVDSDEEIMTRSEMAEKMFSSEKIM	32	910	956	46
8284	HUMAN17518	Q86YG4	388	428	EIQMPHESVVEQEQANLDPASCLLSCNQRSLPAKSCLSSAI	40	557	691	134
8286	HUMAN17519	Q8IYA6	603	657	NRTTEGITSDSLVAETSITSVEELAKKMESVKSCLSPKEREQVTATPRIAKAEQH	54	797	873	76
8287	HUMAN17520	P01583	1	45	MAKVPDMFEDLKNCYSENEEDSSSIDHLSLNQKSFYHVSYGPLHE	44	41	99	58
8288	HUMAN17521	P01584	1	38	MAEVPELASEMMAYYSGNEDDLFFEADGPKQMKCSFQD	37	34	84	50
8289	HUMAN17532	Q8NDX1	1004	1056	AGGTREPKLSLKKSHSSPSLHQDEAPTTAKVKRNISERRTYRKIIPKRNRNQL	52	1189	1307	118
8292	HUMAN17537	Q8IUF1	1	38	MLPAVGSADEEEDPAEEDCPELVPMETTQSEEEEKSGL	37	38	152	114
8293	HUMAN17539	Q9NU39	1	105	MNLPRAERPRSTPQRSLRDSDGEDGKIDVLGEEEDEDEVEDEEEEASQKFLEQSLQPGLQVARWGGVALPREHIEGGGPSDPSEFGTEFRAPPRSAAASEDARQP	104	0	107	107
8294	HUMAN17541	Q8WV83	133	204	RGKHAAFFADAEGYFAACTTDTTMNSSLSEPLYVPVKFHDLPSEKPESTNIDTEKTPKKSRVRFSNIMEIRQ	71	352	558	206
8295	HUMAN17541	Q8WV83	1	60	MVPPRRHRGAGRPGVLSSSPPFRLRSAKFSGIALEDLRRALKTRLQMVCVFVMNRMNSQN	59	6	126	120
8297	HUMAN17545	Q9NVP1	626	670	NSNEGKQKKRGGGGGFGYQKTKKVEKSKIFKHISKKSSDSRQFSH	44	1587	1813	226
8298	HUMAN17546	Q567U6	154	200	EDDDFIKRKEKAIKTVVDLSEVYKPRRKYKRHQGAEELLDEESRIHA	46	441	525	84
8299	HUMAN17546	Q567U6	212	280	SRQSKMEKAEDKKTALPAGLSATEKADAHEEDELRAAEEQRIQSLMTKMTAMANEESRLTASSVGQIVG	68	577	791	214
8300	HUMAN17546	Q567U6	423	457	AERAPRGDEKTLSSGEPPGTLTSAMTHDEDLDRRY	34	993	1035	42
8303	HUMAN17551	Q7Z5L3	1	149	MALGLLIAVPLLLQAAPRGAAHYEMMGTCRMICDPYTAAPGGEPPGAKAQPPGPSTAALEVMQDLSANPPPPFIQGPKGDPGRPGKPGPRGPPGEPGPPGPRGPPGEKGDSGRPGLPGLQLTAGTASGVGVVGGGAGVGGDSEGEVTSA	148	45	203	158
8304	HUMAN17562	P47872	410	440	EFPLHPVASFSNSTKASHLEQSQGTCRTSII	30	612	775	163
8305	HUMAN17566	Q4G0U5	1	39	MAVVKTPSRGLKNAKEPFNNASPHLLKNLVEEPKKRKEV	38	0	53	53
8306	HUMAN17566	Q4G0U5	266	310	EEFERLNTLSKKVNVPPEKAMMHINFHRPPAKPKPQKVKEIEYQN	44	294	415	121
8308	HUMAN17582	P09529	1	68	MDGLPGRALGAACLLLLAAGWLGPEAWGSPTPPPTPAAPPPPPPPGSPGGSQDTCTSCGGFRRPEELG	67	19	106	87
8309	HUMAN17584	Q9NZI6	1	41	MLFWHTQPEHYNQHNSGSYLRDVLALPIFKQEEPQLSPENE	40	41	191	150
8311	HUMAN17585	Q7Z460	231	294	NMIQSANDKNFDDEDSVDGNRPSSASSTSSKAPPSSRRNVGMGTTRRLGSSTLGSKSSAAKEGA	63	525	722	197
8314	HUMAN17592	P04921	1	128	MWSTRSPNSTAWPLSLEPDPGMASASTTMHTTTIAEPDPGMSGWPDGRMETSTPTIMDIVVIAGVIAAVAIVLVSLLFVMLRYMYRHKGTYHTNEAKGTEFAESADAALQGDPALQDAGDSSRKEYFI	127	7	179	172
8317	HUMAN17600	P19447	201	242	NSEGEATELITETFTSKSAISKTAESSGGPSTSRVTDPQGKS	41	1030	1211	181
8318	HUMAN17600	P19447	721	751	DLDAEEEVVAGEFGSRSSQASRRFGTMSSMS	30	2417	2541	124
8320	HUMAN17604	Q96ST2	703	744	EREQRDLEQMPQRRRMNSTGGQTPRRDLEKVLTGEEKALRPG	41	1520	1610	90
8321	HUMAN17604	Q96ST2	772	819	MESSRFQATSKKGISRLDKQMRKFTDIRKKSRSAHAVKISIEGNKMPL	47	1640	1704	64
8322	HUMAN17606	Q6PIF6	1031	1086	ARSSQQGSSVMRQIHDTLGREHGAQVPQHSRSAQVASQLNIGEEALEPDGLGADRP	55	1382	1610	228
8324	HUMAN17610	Q13304	1	54	MSKRSWWAGSRKPPREMLKLSGSDSSQSMNGLEVAPPGLITNFSLATAEQCGQE	53	58	163	105
8325	HUMAN17611	Q9C0J8	1	49	MATEIGSPPRFFHMPRFQHQAPRQLFYKRPDFAQQQAMQQLTFDGKRMR	48	20	69	49
8327	HUMAN17613	Q587I9	1	82	MADLHRQLQEYLAQGKAGGPAAAEPLLAAEKAEEPGDRPAEEWLGRAGLRWTWARSPAESAAAGLTCLPSVTRGQRLAAGGG	81	55	169	114
8328	HUMAN17615	Q6DCA0	1	100	MGKRRCVPPLEPKLAAGCCGVKKPKLSGSGTHSHGNQSTTVPGSSSGPLQNHQHVDSSSGRENVSDLTLGPGNSPITRMNPASGALSPLPRPNGTANTTK	99	82	183	101
8331	HUMAN17622	Q96LY2	302	380	GSQRPQAVPEEASFPRDQEATHFPKVSTKSLSKKCLLLSPPVAERAILPALKQTPKNNFAERQKRLQAMQKRRLHRSVL	78	450	549	99
8332	HUMAN17633	Q96NT0	89	121	HAPEEVGPREAGLRRRKGPTKTPEPESSEAPQD	32	160	265	105
8335	HUMAN17640	P0CG36	26	64	YQREKHNGGREEVTKVATQKHRQSPLNWTSSHFGEVTGS	38	42	81	39
8336	HUMAN17646	P0CG37	24	64	NSYQREKHNGGREEVTKVATQKHRQSPLNWTSSHFGEVTGS	40	46	90	44
8337	HUMAN17648	Q8TDV2	1	51	MGDELAPCPVGTTAWPALIQLISKTPCMPQAASNTSLGLGDLRVPSSMLYW	50	35	99	64
8341	HUMAN17658	Q53S08	176	222	GMESTQDGSREDMSDIKLEKPQEQTVSEGGCSCYSPMSSSTLPQKPP	46	177	262	85
8342	HUMAN17660	Q6P582	82	158	GQRLASEPQDPAAVSLPTSSVPETRGRDKGSAALGGVLALAERSNHEGSSQRMPRQPSATRLPKGGGPGKSPTQGST	76	145	289	144
8344	HUMAN17667	O43194	192	279	NRSSTRHHEQPETSNMSICTNLSSRWTVFQSSIFGAFVVYLVVLLSVAFMCWNMMQVLMKSQKGSLAGGTRPPQLRKSESEESRTARR	87	194	292	98
8345	HUMAN17667	O43194	365	453	LQHANHEKRLRVHAHSTTDSARFVQRPLLFASRRQSSARRTEKIFLSTFQSEAEPQSKSQSLSLESLEPNSGAKPANSAAENGFQEHEV	88	406	525	119
8347	HUMAN17671	Q09328	103	132	KVDNLVVNGTGTNSTNSTTAVPSLVALEKI	29	138	199	61
8348	HUMAN17671	Q09328	1	39	MALFTPWKLSSQKLGFFLVTFGFIWGMMLLHFTIQQRTQ	38	2	75	73
8349	HUMAN17672	Q8TC26	1	75	MEPAAGIQRRSSQGPTVPPPPRGHAPPAAAPGPAPLSSPVREPPQLEEERQVRISESGQFSDGLEDRGLLESSTR	74	14	103	89
8351	HUMAN17676	Q56UN5	1	81	MSSMPKPERHAESLLDICHDTNSSPTDLMTVTKNQNIILQSISRSEEFDQDGDCSHSTLVNEEEDPSGGRQDWQPRTEGVE	80	235	319	84
8353	HUMAN17676	Q56UN5	980	1054	LDEKDNNSCQKMANETDPENLNLVLRWRGSTPKEMGRETTKVKIQRHSSGLRIYDREEKFLISNEKKIFSENSLK	74	1298	1385	87
8355	HUMAN17682	Q15032	1	148	MRMSDTVTVKDETATMKDLEAEVKDTTRVENLIKSENYGKILVEKNEHCIENNIDLQRPLQSFGQTGKRSKSSSKLKLVRSLAVCEESPPPPAPEISQENQEKIQIQLTQSFEKEEKPSKDEAEKEKASDKLPRKMLSRDSSQEYTDS	147	0	208	208
8359	HUMAN17697	O95156	1	70	MRLRPLPLVVVPGLLQLLFCDSKEVVHATEGLDWEDKDAPGTLVGNVVHSRIISPLRLFVKQSPVPKPGP	69	7	123	116
8360	HUMAN17702	Q53QZ3	194	248	DSSCPSRNLELFKIQRSSSTELLSHYDSDIKEQKPEHRKSLMFRLHHSASDTSDK	54	247	336	89
8361	HUMAN17702	Q53QZ3	1	82	MQKSTNSDTSVETLNSTRQGTGAVQMRIKNANSHHDRLSQSKSMILTDVGKVTEPISRHRRNHSQHILKDVIPPLEQLMVEK	81	14	109	95
8362	HUMAN17704	Q4AE62	232	263	RQEYLGNSLRQESDLKKSTSSDNSSSHHGENK	31	493	535	42
8364	HUMAN17719	O60282	371	442	RNGEAVPEDEQISAKDQKNLEPCDNTPIIDNIAPVVAGISTEEKEKYDEEISSLYRQLDDKDDEINQQSQLA	71	541	669	128
8365	HUMAN17719	O60282	896	957	RYQQEVDRIKEAVRAKNMARRAHSAQIAKPIRPGHYPASSPTAVHAIRGGGGSSSNSTHYQK	61	1349	1543	194
8366	HUMAN17724	P61587	201	244	TNKNVKRNKSQRATKRISHMPSRPELSAVATDLRKDKAKSCTVM	43	432	476	44
8367	HUMAN17725	Q6ZSC3	173	216	LLEKDRNFTSEERKWNRQNPQRNLQRSNNSLASVRTLVPETARS	43	218	444	226
8368	HUMAN17734	O00305	164	219	QEQKRGRFHGGKSSGNSSSSLGEMVSGTFRATPTSTAKQKQKVTEHIPPYDVVPSM	55	378	607	229
8372	HUMAN17739	Q96PY5	155	218	ESTVESSVDKSKPWSRSIEDLHRGSNLPSPVGNSVSRSGRHSALRYNTLPSRRTLKNSRLVSKK	63	570	752	182
8374	HUMAN17739	Q96PY5	995	1047	EQALMEKLLEQEALMEQQDPKSPSHKSKRQQQELIAELRRRQVKDNRHVYEGK	52	2373	2476	103
8375	HUMAN17742	Q8N6S5	1	140	MSFAESGWRSALRRRGPGTPGPVARPSYSSFTQGDSWGEGEVDEEEGCDQVARDLRAEFSAGAWSEPRKRSVLPPDGNGSPVLPDKRNGIFPAAAGSRAQPRRWPVQVLSILCSLLFAILLAFLLAIAYLIVKELHAENL	139	33	197	164
8376	HUMAN17746	Q8IUC8	1	56	MRRFVYCKVVLATSLMWVLVDVFLLLYFSECNKCDDKKERSLLPALRAVISRNQEG	55	5	135	130
8377	HUMAN17748	P48549	1	43	MSALRRKFGDDYQVVTTSSSGSGLQPQGPGQDPQQQLVPKKKR	42	18	68	50
8378	HUMAN17748	P48549	367	501	MSSPLIAPAITNSKERHNSVECLDGLDDITTKLPSKLQKITGREDFPKKLLRMSSTTSEKAYSLGDLPMKLQRISSVPGNSEEKLVSKTTKMLSDPMSQSVADLPPKLQKMAGGAARMEGNLPAKLRKMNSDRFT	134	405	553	148
8382	HUMAN17755	O60759	1	69	MSLQRLLQHSSNGNLADFCAGPAYSSYSTLTGSLTMDDNRRIQMLADTVATLPRGRKQLALTRSSSLSD	68	33	122	89
8383	HUMAN17767	A0PJW8	1	106	MANEVQDLLSPRKGGHPPAVKAGGMRISKKQEIGTLERHTKKTGFEKTSAIANVAKIQTLDALNDALEKLNYKFPATVHMAHQKPTPALEKVVPLKRIYIIQQPRK	105	37	157	120
8386	HUMAN17771	Q9C0D5	434	488	GSRMRQIASNSPGSSPKTSDPTQDLHFTPLLSPSSSTSASSTAKTPLGSISAENQ	54	601	664	63
8387	HUMAN17773	Q9UIF8	1251	1365	KLRKLRIIHAKKTGKRDTSGGIDLGEEQHPLGTPTPGRKRRRKGGDSDYDDDDDDDSDDQGDEDDEDEEDKEDKKGKKTDICEDEDEGDQAASVEELEKQIEKLSKQQSQYRRKL	114	2393	2607	214
8389	HUMAN17773	Q9UIF8	1832	1882	LVYFEHKSFTKLCKEHDGEFTGEDESSAHALERKSDNPLDIAVTRLADLER	50	3753	3879	126
8392	HUMAN17773	Q9UIF8	848	901	PPNPDRQRAREESRMRRRKGRPPNVGNAEFLDNADAKLLRKLQAQEIARQAAQI	53	1555	1741	186
8393	HUMAN17773	Q9UIF8	957	1044	KELRAQQILEAKKKKKEEAANAKLLEAEKRIKEKEMRRQQAVLLKHQERERRRQHMMLMKAMEARKKAEEKERLKQEKRDEKRLNKER	87	1878	2108	230
8395	HUMAN17775	Q9H992	665	704	STRVRFINLARTLQAHMEDLETSEDDSEEDGDHNRTFDIA	39	955	1004	49
8396	HUMAN17781	P29558	1	58	MGKVWKQQMYPQYATYYYPQYLQAKQSLVPAHPMAPPSPSTTSSNNNSSSSSNSGWDQ	57	21	270	249
8397	HUMAN17781	P29558	325	406	MEHTMSLQPASMISPLAQQMSHLSLGSTGTYMPATSAMQGAYLPQYAHMQTTAVPVEEASGQQQVAVETSNDHSPYTFQPNK	81	592	681	89
8399	HUMAN17787	O00487	261	310	EEDKMTPEQLAIKNVGKQDPKRHLEEHVDVLMTSNIVQCLAAMLDTVVFK	49	505	568	63
8400	HUMAN17788	Q16650	1	97	MQLEHCLSPSIMLSKKFLNVSSSYPHSGGSELVLHDHPIISTTDNLERSSPLKKITRGMTNQSDTDNFPDSKDSPGDVQRSKLSPVLDGVSELRHSF	96	0	107	107
8401	HUMAN17788	Q16650	385	504	NPFAKGFRDNYDTIYTGCDMDRLTPSPNDSPRSQIVPGARYAMAGSFLQDQFVSNYAKARFHPGAGAGPGPGTDRSVPHTNGLLSPQQAEDPGAPSPQRWFVTPANNRLDFAASAYDTAT	119	441	579	138
8402	HUMAN17788	Q16650	559	670	GSVLPCWPNSAAAAARMAGANPYLGEEAEGLAAERSPLPPGAAEDAKPKDLSDSSWIETPSSIKSIDSSDSGIYEQAKRRRISPADTPVSESSSPLKSEVLAQRDCEKNCAK	111	653	772	119
8403	HUMAN17789	Q6U841	1043	1118	KKKKLEDAEKEEEQSMLAMEDEGTVQLPLEGHYRDDPSVINISDEMSKTALWRNLLITADNSKDKESSFPSKSSPS	75	1458	1628	170
8404	HUMAN17789	Q6U841	1	43	MEIKDQGAQMEPLLPTRNDEEAVVDRGGTRSILKTHFEKEDLE	42	13	74	61
8406	HUMAN17789	Q6U841	57	90	GGRKSHRRHRHRGHKHRKRDRERDSGLEDGRESP	33	87	121	34
8407	HUMAN17790	P27487	1	38	MKTPWKVLLGLLGAAALVTIITVPVVLLNKGTDDATAD	37	276	420	144
8408	HUMAN17792	P01275	1	56	MKSIYFVAGLFVMLVQGSWQRSLQDTEEKSRSFSASQADPLSDPDQMNEDKRHSQG	55	94	157	63
8409	HUMAN17794	Q12884	1	38	MKTWVKIVFGVATSAVLALLVMCIVLRPSRVHNSEENT	37	718	909	191
8410	HUMAN17795	Q9BYX4	200	304	SDCSESNAEIENLSQVDGPQVEEQLLSTTVQPNLEKEVWGMENNSSESSFADSSVVSESDTSLAEGSVSCLDESLGHNSNMGSDSGTMGSDSDEENVAARASPEP	104	363	578	215
8414	HUMAN17802	Q14449	1	104	MTTSLQDGQSAASRAAARDSPLAAQVCGAAQGRGDAHDLAPAPWLHARALLPLPDGTRGCAADRRKKKDLDVPEMPSIPNPFPELCCSPFTSVLSADLFPKANS	103	182	376	194
8415	HUMAN17802	Q14449	355	432	QGRSGCSSQSISPMRSISENSLVAMDFSGQKSRVIENPTEALSVAVEEGLAWRKKGCLRLGTHGSPTASSQSSATNMA	77	673	804	131
8417	HUMAN17807	Q9NY46	16	54	LFTRESLAAIEKRAAEEKAKKPKKEQDNDDENKPKPNSD	38	21	91	70
8420	HUMAN17808	Q99250	1033	1164	QKALDEIKPLEDLNNKKDSCISNHTTIEIGKDLNYLKDGNGTTSGIGSSVEKYVVDESDYMSFINNPSLTVTVPIAVGESDFENLNTEEFSSESDMEESKEKLNATSSSEGSTVDIGAPAEGEQPEVEPEES	131	1205	1416	211
8421	HUMAN17808	Q99250	1926	2005	KKVSSIYKKDKGKECDGTPIKEDTLIDKLNENSTPEKTDMTPSTTSPPSYDSVTKPEKEKFEKDKSEKEDKGKDIRESKK	79	2189	2278	89
8423	HUMAN17810	Q14435	1	122	MAHLKRLVKLHIKRHYHKKFWKLGAVIFFFIIVLVLMQREVSVQYSKEESRMERNMKNKNKMLDLMLEAVNNIKDAMPKMQIGAPVRQNIDAGERPCLQGYYTAAELKPVLDRPPQDSNAPG	121	48	175	127
8424	HUMAN17813	P35498	1043	1174	KILDEIKPLDDLNNKKDSCMSNHTAEIGKDLDYLKDVNGTTSGIGTGSSVEKYIIDESDYMSFINNPSLTVTVPIAVGESDFENLNTEDFSSESDLEESKEKLNESSSSSEGSTVDIGAPVEEQPVVEPEET	131	1230	1470	240
8425	HUMAN17813	P35498	1935	2009	VKQASFTYNKNKIKGGANLLIKEDMIIDRINENSITEKTDLTMSTAACPPSYDRVTKPIVEKHEQEGKDEKAKGK	74	2250	2330	80
8427	HUMAN17816	Q15858	1025	1149	RQAEDLNTKKENYISNHTLAEMSKGHNFLKEKDKISGFGSSVDKHLMEDSDGQSFIHNPSLTVTVPIAPGESDLENMNAEELSSDSDSEYSKVRLNRSSSSECSTVDNPLPGEGEEAEAEPMNSD	124	1087	1214	127
8428	HUMAN17816	Q15858	1910	1988	KNISSIYIKDGDRDDDLLNKKDMAFDNVNENSSPEKTDATSSTTSPPSYDSVTKPDKEKYEQDRTEKEDKGKDSKESKK	78	1998	2079	81
8430	HUMAN17817	Q01118	1644	1682	NDKNTSDIHMIDGDRDVHATKEGAYFDKAKEKSPIQSQI	38	2369	2408	39
8432	HUMAN17817	Q01118	776	880	DTMDHVNEVYVKEDISDHTLSELSNTQDFLKDKEKSSGTEKNATENESQSLIPSPSVSETVPIASGESDIENLDNKEIQSKSGDGGSKEKIKQSSSSECSTVDIA	104	1400	1564	164
8433	HUMAN17820	Q9Y5Z6	1	45	MASKVSCLYVLTVVCWASALWYLSITRPTSSYTGSKPFSHLTVAR	44	22	184	162
8440	HUMAN17837	Q0VFZ6	1	43	MDTSSEMLVRFGRRCGRAKESTEIRNSEEDQVLYLPLLPSKVD	42	153	318	165
8441	HUMAN17842	P05455	194	225	EERKQNKVEAKLRAKQEQEAKQKLEEDAEMKS	31	733	889	156
8443	HUMAN17847	Q6ZT12	1159	1229	KVTPPVPPKKVTAAEKKTLDKEERRQKARERQQKLLAEFASRQKSFMETAMDVDSPENDIPMEITTAEPQV	70	2668	2831	163
8446	HUMAN17849	Q8WXR4	883	927	TGNLAQTRARITVASSSLPPHFSAGKAKVDTLEVIRHPEETTNMK	44	1001	1069	68
8448	HUMAN17850	Q6BEB4	363	398	KRFMRSDHLAKHVKTHQNKKLKVAEAGVKREDARDL	35	648	690	42
8449	HUMAN17851	A1L162	116	156	EKTQNHEQDGENSDEDSSGESKGESDEELSDESSDEGEDGS	40	169	229	60
8450	HUMAN17851	A1L162	1	63	METVNEPETGEVSKDAVIVKQEKNNEYCLQDIDDKLSESAEDDGEDDTNDEDDDEDSNPKKNT	62	35	115	80
8451	HUMAN17852	Q99259	1	92	MASSTPSSSATSSNAGADPNTTNLRPTTYDTWCGVAHGCTRKLGLKICGFLQRTNSLEEKSRLVSAFKERQSSKNLLSCENSDRDARFRRTE	91	82	281	199
8453	HUMAN17862	Q53TN4	227	286	PKEPNSTILHPNGGTEQGARGSMPAYSGNNMDKSDSELNSEVAARKRNLALDEAGQRSTM	59	401	472	71
8455	HUMAN17876	Q15118	1	40	MRLARLLRGAALAGPGPGLRAAGFSRSFSSDSGSSPASER	39	164	305	141
8456	HUMAN17881	Q02447	1	108	MTAPEKPVKQEEMAALDVDSGGGGGGGGGHGEYLQQQQQHGNGAVAAAAAAQDTQPSPLALLAATCSKIGPPSPGDDEEEAAAAAGAPAAAGATGDLASAQLGGAPNR	107	0	174	174
8457	HUMAN17881	Q02447	219	262	TPSANIQNLIPQTGQVQVQGVAIGGSSFPGQTQVVANVPLGLPG	43	293	351	58
8458	HUMAN17881	Q02447	274	495	LDSLGLSGSSQTMTAGINADGHLINTGQAMDSSDNSERTGERVSPDINETNTDTDLFVPTSSSSQLPVTIDSTGILQQNTNSLTTSSGQVHSSDLQGNYIQSPVSEETQAQNIQVSTAQPVVQHLQLQESQQPTSQAQIVQGITPQTIHGVQASGQNISQQALQNLQLQLNPGTFLIQAQTVTPSGQVTWQTFQVQGVQNLQNLQIQNTAAQQITLTPVQTL	221	362	609	247
8459	HUMAN17881	Q02447	550	592	IKEEEPDPEEWQLSGDSTLNTNDLTHLRVQVVDEEGDQQHQEG	42	667	710	43
8460	HUMAN17883	P0CG40	189	330	SWLEVQNPAGGLQSSLHSGAPQASLHSQLGTYNPDFSSLTHSAFSSTGLGSSAAAASHLLSTSQHLLAQDGFKPVLPSYSDSSAAVAAAAASAMISGAAAAAAGGSSARSARRYSGRATCDCPNCQEAERLGPAGASLRRKG	141	343	576	233
8463	HUMAN17884	Q86X95	76	111	PGAKKENKEKEETEGETEYKFEWQKGAPREKYAKDD	35	155	278	123
8464	HUMAN17887	Q7Z3F1	1	33	MNSNLPAENLTIAVNMTKTLPTAVTHGFNSTND	32	10	116	106
8466	HUMAN17887	Q7Z3F1	838	870	PEQSPPAINANTLQQERYKEIEHSSPPSHSPKT	32	1444	1478	34
8467	HUMAN17890	P15882	138	197	TINPIYEHVGYTTLNREPAYKKHMPVLKETHDERDSTGQDGVSEKRLTSLVRRATLKENE	59	204	289	85
8468	HUMAN17895	P15336	422	505	AMQKKSGYHTADKDDSSEDISVPSSPHTEAIQHSSVSTSNGVSSTSKAEAVATSVLTQMADQSTEPALSQIVMAPSSQSQPSGS	83	621	753	132
8469	HUMAN17896	P48201	1	58	MFACAKLACTPSLIRAGSRVAYRPISASVLSRPEASRTGEGSTVFNGAQNGVSQLIQR	57	59	125	66
8471	HUMAN17898	Q03828	292	476	VTAAAAAAAASGAAAAASSPFATSIRPLDTFRALSHPYSRPELLCSFRHPGLYQAPAAAAGLNSAASAAAAAAAAAAAASSAAAAGAPPSGGSAPCSCLSCHSSQSAAAAAAAAAAALGSRGGGGGGGGGGGGGGGGAGAGGGSDFGCSAAAPRSESGFLPYSAAVLSKTAVSPPDQRDEAPLTR	184	363	569	206
8472	HUMAN17899	P35453	1	182	MSRAGSWDMDGLRADGGGAGGAPASSSSSSVAAAAASGQCRGFLSAPVFAGTHSGRAAAAAAAAAAAAAAASGFAYPGTSERTGSSSSSSSSAVVAARPEAPPAKECPAPTPAAAAAAPPSAPALGYGYHFGNGYYSCRMSHGVGLQQNALKSSPHASLGGFPVEKYMDVSGLASSSVPANE	181	4	242	238
8477	HUMAN17906	P09016	1	130	MVMSSYMVNSKYVDPKFPPCEEYLQGGYLGEQGADYYGGGAQGADFQPPGLYPRPDFGEQPFGGSGPGPGSALPARGHGQEPGGPGGHYAAPGEPCPAPPAPPPAPLPGARAYSQSDPKQPPSGTALKQP	129	20	195	175
8478	HUMAN17906	P09016	206	255	RMKWKKDHKLPNTKGRSSSSSSSSSCSSSVAPSQHLQPMAKDHHTDLTTL	49	280	336	56
8481	HUMAN17914	O00116	1	32	MAEAAAAAGGTGLGAGASYGSAADRDRDPDPD	31	35	97	62
8482	HUMAN17914	O00116	40	82	VLSGHLLGRPREALSTNECKARRAASAATAAPTATPAAQESGT	42	112	207	95
8483	HUMAN17917	Q9HCR9	43	184	SQGQGALGPRPSLAGTSSLAHSTCRGGSSVGGGTGPNGSAHSQPLPGGGDCGGVPLSPSWAGGSRGDGNLQRRASQKELRKSFARSKAIHVNRTYDEQVTSRAQEPLSSVRRRALLRKASSLPPTTAHILSALLESRVNLPR	141	62	280	218
8484	HUMAN17921	Q9BZF3	1	66	MSSDEKGISPAHKTSTPTHRSASSSTSSQRDSRQSIHILERTASSSTEPSVSRQLLEPEPVPLSKE	65	27	120	93
8485	HUMAN17922	O75569	1	31	MSQSRHRAEAPPLEREDSGTFSLGKMITAKP	30	34	220	186
8486	HUMAN17926	Q9HB20	181	300	FKPEMFQLHHPDPLVSPVSPSPVQMMKRSVSHPGSCSSERSSHSIKEPVSTLHRLSQRRRRTYSDTDSCSDIPLEDPDRPVHCSKNTLNGDLASATIPEESRLMAKKQSESEDTLPSFSS	119	188	325	137
8487	HUMAN17935	Q569K4	299	344	QLEAHNTGSKHKTMVEARNGAGPIKSYPRPGSRLKMQNGSKGSGLQ	45	551	604	53
8488	HUMAN17935	Q569K4	362	398	QLKQHISSRRHKDRVAGKPLKPKYSPYNKLQRSPSIL	36	621	662	41
8490	HUMAN17937	Q9HCG8	408	441	EGDTDSNTDQDAGSSEEDEEEEEEEGEEDEEGQK	33	1261	1363	102
8492	HUMAN17938	Q969T4	1	60	MSSDRQRSDDESPSTSSGSSDADQRDPAAPEPEEQEERKPSATQQKKNTKLSSKTTAKLS	59	115	204	89
8493	HUMAN17941	Q49MI3	1	42	MPWRRRRNRVSALEGGREEEAPPEAAAVPPALLTSPQQTEAA	41	16	172	156
8494	HUMAN17942	Q13562	1	111	MTKSYSESGLMGEPQPQGPPSWTDECLSSQDEEHEADKKEDDLETMNAEEDSLRNGGEEEDEDEDLEEEEEEEEEDDDQKPKRRGPKKKKMTKARLERFKLRRMKANARER	110	53	193	140
8496	HUMAN17949	Q92765	295	325	HLGLSKSDSSNSDSTQSQKSGRNSNPRQARN	30	422	454	32
8498	HUMAN17952	Q8NFH5	250	311	ESSDRCALSSPSLAFTPPIKTLGTPTQPGSTPRISTMRPLATAYKASTSDYQVISDRQTPKK	61	624	740	116
8499	HUMAN17954	Q7Z570	14	55	SNGHFRNIKGVFRGPLSKNGNKTLDYAEKENTIAKALEDLKA	41	17	71	54
8501	HUMAN17956	Q8WU90	1	98	MPPKKQAQAGGSKKAEQKKKEKIIEDKTFGLKNKKGAKQQKFIKAVTHQVKFGQQNPRQVAQSEAEKKLKKDDKKKELQELNELFKPVVAAQKISKGA	97	103	339	236
8503	HUMAN17961	Q6P995	1	75	MARLCRRVPCTLLLGLAVVLLKARLVPAAARAELSRSDLSLIQQQQQQQQQQQQQQKQLEEAEEERTEVPGATST	74	67	240	173
8505	HUMAN17962	Q8NEG5	386	571	GQVIYNPLTWKNSAVNGQAHQSVSNRDIIHLSKQKEPDLFIPGTGLVLKQNRLGILPSIPQCNFDELNTPQSPKDAYENTTIDNLCSIKLDNSNSKKLTYDYKISQHFPRYLQDLPTVSFGKIPSQTLLPPIVHKNIVCPTAMESPCISGKFHTSLSRMTKGCKCNNHNLKKTPATKIREDNKRST	185	547	756	209
8506	HUMAN17962	Q8NEG5	585	633	TAKLSLSKRYSNCMGEITRKCSHLSRQPVSHSVNTKSTELSLIIEGVQL	48	787	842	55
8507	HUMAN17964	Q16602	408	461	NSFSNSEALRSASYTVSTISDGPGYSHDCPSEHLNGKSIHDIENVLLKPENLYN	53	772	871	99
8509	HUMAN17971	Q969H9	1	80	MPEAHMQPAKLQTSLPTTDHGSKKPVSCYLPPLSNAHPMCIEVQNAQNCSSAAATLEPSIISDTCFYKPITKDQLSSRSE	79	0	82	82
8510	HUMAN17974	Q8IWA0	758	807	SKETKSAKEIPEDVDMEEEKESEDSDEENDFTEKVQDTSNTGLGEDIIHQ	49	1610	1773	163
8511	HUMAN17977	Q9NP59	237	282	AGLKEEETELKQLNLHKDTEPKPLEGTHLMGVKDSNIHELEHEQEP	45	656	789	133
8512	HUMAN17978	Q9NWL6	360	399	EKTMPTTFNREGNKQKNKCEIPSEEFSKDVAAAAADSPNK	39	1346	1443	97
8513	HUMAN17982	Q7Z5J8	1351	1393	KRGKEHRRKLKPKIQPKDSLTLLPPVTNFMGLFKATKKTKDSH	42	1547	1618	71
8515	HUMAN17985	P54277	620	693	YEEKATKDLERYNSQMKRAIEQESQMSLKDGRKKIKPTSAWNLAQKHKLKTSLSNQPKLDELLQSQIEKRRSQN	73	1072	1168	96
8516	HUMAN17988	Q9BSF0	1	53	MGCMKSKQTFPFPTIYEGEKQHESEEPFMPEERCLPRMASPVNVKEEVKEPPG	52	3	63	60
8517	HUMAN17989	O14793	1	38	MQKLQLCVYIYLFMLIVAGPVDLNENSEQKENVEKEGL	37	58	219	161
8518	HUMAN17994	P49441	2	43	SDILRELLCVSEKAANIARACRQQEALFQLLIEEKKEGEKNK	41	29	77	48
8519	HUMAN17995	Q6ZSS7	1	48	MADDKVAILTDDEEEQKRKYVLADPFNGISREPEPPSNETPSSTETSA	47	68	262	194
8520	HUMAN17995	Q6ZSS7	395	430	HFKNDDSKGKEVEIPQVERNNSTESSEETPTTTSHS	35	997	1150	153
8522	HUMAN17997	Q13506	259	296	FDSKRKDGKHLTLHELTVNEAAAQLCVKDNALLTRRDE	37	341	382	41
8523	HUMAN17997	Q13506	311	487	KYTYRTTKSKCGERDELSPKRIKVEDGFPDFQDSVQTLFQQARAKSEELAALSSQQPEKVMAKQMEFLCNQAGYERLQHAERRLSAGLYRQSSEEHSPNGLTSDNSDGQGERPLNLRMPNLQNRQPHHFVVDGELSRLYPSEAKSHSSESLGILKDYPHSAFTLEKKVIKTEPEDSR	176	396	635	239
8524	HUMAN17997	Q13506	58	251	MASKPLHVRRLQKALRDWVTNPGLFNQPLTSLPVSSIPIYKLPEGSPTWLGISCSSYERSSNAREPHLKIPKCAATTCVQSLGQGKSDVVGSLALQSVGESRLWQGHHATESEHSLSPADLGSPASPKESSEALDAAAALSVAECVERMAPTLPKSDLNEVKELLKTNKKLAKMIGHIFEMNDDDPHKEEEIRK	193	106	334	228
8526	HUMAN18001	Q14765	706	748	SDSTEPHSPSDLLPMSPSVYAVLRENLSPTTIETAMKSPYSAE	42	877	924	47
8529	HUMAN18009	Q9ULF5	522	663	KQQRGKQKWFMKQNTEESTIGRKLSDHKLNNTPDSDWLQLKPLAGTDDSVVSEDRLNETELTDLEGQQESPPKNYLCIEEEKIIDHSHSDGLHTIHEHDLHAAAHNHHGENKTVLRKHNHQWHHKHSHHSHGPCHSGSDLKE	141	1046	1241	195
8531	HUMAN18012	O94768	299	351	ENLFHPEETSSSSQTQDHSVRSSEDKTSKSSCNGTCGDREDKENIPEDSSMVS	52	329	394	65
8533	HUMAN18014	Q8NCX0	1023	1101	QITANLEEAHRWFKHRFDGLQLELTKNRLQRPSGEDRWQEKDQDVKHDVMSNQSVLHRWERKQNLRPMPKKYHSEVQRK	78	1121	1251	130
8534	HUMAN18014	Q8NCX0	1	130	MDCKVHMETTVSRPVLSPTHINATASETFTVLQQRMRIVEEQTSSLRDDLIMLDFGEKRGYLEAPDCLEDLDSQKVISPIQNEAICAGKTDILWKNCEFLVNRMCRLESLMQSLKMNIFRLQTEKDLNPQ	129	15	159	144
8536	HUMAN18020	Q6UXQ4	75	117	GTFPNPFPTNENPRPLSFQSELTASASADYEEQKNSFHNYLKG	42	75	119	44
8537	HUMAN18021	Q75T13	780	811	NPKHSRRSEKKSNHHKDSSIHHLRLSANDAED	31	1234	1391	157
8539	HUMAN18023	O75533	431	461	LTATPTPLGGMTGFHMQTEDRTMKSVNDQPS	30	1442	1610	168
8540	HUMAN18025	Q9H8M1	1	30	MAARTGHTALRRVVSGCRPKSATAAGAQAP	29	2	47	45
8541	HUMAN18033	Q52LD8	169	241	KFCNGTNHDGDIESMLHVRHGSDENCRSWNEGTLSGQSSESGIEEELHHESGQYQMEQNGSPTSSKSRKGEAS	72	346	447	101
8542	HUMAN18033	Q52LD8	404	501	NSAAQTPDKKASRHIKGEDKNKATSRSIGLDTTSSQPAESRHLPEECRLSPSRECWTKEGRLAQHNSFSGFSSSDNVLRELDDGQFDQEDGVTQVTCM	97	631	804	173
8544	HUMAN18037	Q15111	1065	1095	SKAPSSSAEAKSKRSLEAIEEKESSEENGKL	30	1165	1204	39
8545	HUMAN18037	Q15111	1	103	MAEGAAGREDPAPPDAAGGEDDPRVGPDAAGDCVTAASGGRMRDRRSGVALPGAAGTPADSEAGLLEAARATPRRSSIIKDPSNQKCGGRKKTVSFSSMPSEK	102	0	122	122
8546	HUMAN18037	Q15111	545	575	PSDPDVLEGEVTDEDEEAEMSRRMSVDYNGE	30	570	634	64
8547	HUMAN18039	Q9UPW6	187	223	NQSTLAKECPLSQSMISSIVNSTYYANVSATKCQEFG	36	250	287	37
8548	HUMAN18039	Q9UPW6	1	55	MERRSESPCLRDSPDRRSGSPDVKGPPPVKVARLEQNGSPMGARGRPNGAVAKAV	54	34	98	64
8549	HUMAN18039	Q9UPW6	550	618	HERDVIYEEESRHHHSERMQHVVQLPPEPVQVLHRQQSQPAKESSPPREEAPPPPPPTEDSCAKKPRSR	68	718	832	114
8550	HUMAN18039	Q9UPW6	666	733	QRYHVKHHGKLKEHLGSAVDVAEYKDEELLTESEENDSEEGSEEMYKVEAEEENADKSKAAPAEIDQR	67	879	1004	125
8551	HUMAN18042	Q8N8R5	1	51	MWGFRLLRSPPLLLLLPQLGIGNASSCSQARTMNPGGSGGARCSLSAEVRR	50	17	115	98
8552	HUMAN18042	Q8N8R5	204	247	KKSLNVWNKDSIASNCRSSPSHTTNGCQGEKVRTCEKSDESAMS	43	393	455	62
8553	HUMAN18047	Q6PI47	260	426	FNEADESVNYKTGPKPVRFLGPSTSTQIKVKNSASVTVSPASAIQTSAGATANRFQSGSRRKAAQRSAPSRATALVGTGAPGHPQASPGAASAENGGTHLPPAKVLLSDKKPTPQRVIKLKRTPLCATAPCLPSPTATRQANSLKPLPGEAARALGVRTENGKNKGN	166	278	480	202
8557	HUMAN18061	O15519	176	238	QGAGTSYRNVLQAAIQKSLKDPSNNFRLHNGRSKEQRLKEQLGAQQEPVKKSIQESEAFLPQS	62	274	372	98
8558	HUMAN18068	Q96Q35	18	86	GPRKLIKTPQLPRKNSTGSSKLTPLVPAPKNHNYLQPTKPVVSPKMKIHSARQEETNKSFYEVINVSPG	68	41	127	86
8559	HUMAN18068	Q96Q35	389	445	YKHTIQILTEENIHLKQKIISKNEEICEGCSGRLASITVSKDDSDTVQDGSKKGQES	56	443	512	69
8561	HUMAN18069	O60296	1	32	MSQSQNAIFTSPTGEENLMNSNHRDSESITDV	31	0	66	66
8562	HUMAN18070	Q9C0K7	13	46	QVESLRPEKQSETSIHQYLVDEPTLSWSRPSTRA	33	24	63	39
8563	HUMAN18070	Q9C0K7	298	335	ESRMKNSQSGVDSGIGESVLVSSGTHTVNSDRLHTPSS	37	337	379	42
8564	HUMAN18071	Q53TS8	1	96	MEPPQETNRPFSTLDNRSGQVQVLSATPLLQRNPYSSPDIMHIKGSEASSVPYALNQGTTALPKNKNQEGTGHRLLNMLRKTLKESDSEELEITQE	95	0	106	106
8565	HUMAN18071	Q53TS8	250	345	HQLKPLQKITEPSMFMNLAPPPERTDPVTKVITPQTVEYPAFLSPDLNVTVGTPAVQSSNQPSVVRLEKLQQQPRERLEKMKKEYRNLNTWIDKAN	95	261	371	110
8567	HUMAN18073	Q96JB8	322	368	QPHTCLKSTLSISMEEEDDMKIDEKCVEADEETFESEELSEDKEEFV	46	385	449	64
8569	HUMAN18076	Q96Q40	1	89	MGQELCAKTVQPGCSCYHCSEGGEAHSCRRSQPETTEAAFKLTDLKEASCSMTSFHPRGLQAARAQKFKSKRPRSNSDCFQEEDLRQGF	88	0	138	138
8570	HUMAN18077	O75084	157	202	GEICVGQNTSDGSGGPGGGPTAYPTAPYLPDLPFTALPPGASDGRG	45	193	253	60
8571	HUMAN18077	O75084	1	45	MRDPGAAAPLSSLGLCALVLALLGALSAGAGAQPYHGEKGISVPD	44	15	81	66
8576	HUMAN18088	Q8N187	586	634	QPSSSPSGLLDTIGSAVMNNNSLLLGQSHSLQRDTCLTQNNSTASTMGN	48	821	876	55
8577	HUMAN18088	Q8N187	688	725	EENPESTISVSQVKQEPKEPALSMEAKKTVDYKKLSAT	37	935	974	39
8579	HUMAN18090	Q6ZS30	1835	1883	IQHSQPSSDTLLLEVVKQVKVSDMVEDKLDLPEEDITARVNVDEKEEQD	48	2980	3063	83
8580	HUMAN18090	Q6ZS30	2665	2694	GQLSRKFWGSSKRLSQISAGETEYNTQDSK	29	4166	4198	32
8581	HUMAN18100	P16410	192	223	KRSPLTTGVYVKMPPTEPECEKQFQPYFIPIN	31	202	236	34
8582	HUMAN18101	Q9Y6W8	166	199	KKKYSSSVHDPNGEYMFMRAVNTAKKSRLTDVTL	33	217	253	36
8583	HUMAN18106	Q53TQ3	1	35	MYEGKHIHFSEVDNKPLCSYSPKLCKQRRLNGYAF	34	23	58	35
8585	HUMAN18111	P46091	1	33	MEDLEETLFEEFENYSYDLDYYSLESDLEEKVQ	32	37	78	41
8589	HUMAN18118	Q5I0G3	468	518	QSGHKDLVPDEEKNLAMSDAAEFPNQIPQTTFEKPQSLEFLNEFEGKTVES	50	585	716	131
8590	HUMAN18119	Q9NYY8	101	154	LRIERLLYAKRLFFDSKQSLVPVDKSDDELKKVNLNHEVSNEDVLTKETKPNRI	53	134	221	87
8592	HUMAN18123	P16220	1	51	MTMESGAENQQSGDAAVTEAENQQMTVQAQPQIATLAQVSMPAAHATSSAP	50	22	131	109
8593	HUMAN18128	Q8N7R7	1	139	MGNTLTCCVSPNASPKLGRRAGSAELYCASDIYEAVSGDAVAVAPAVVEPAELDFGEGEGHHLQHISDREMPEDLALESNPSDHPRASTIFLSKSQTDVREKRKSNHLNHVSPGQLTKKYSSCSTIFLDDSTVSQPNLR	138	10	241	231
8594	HUMAN18130	Q13467	151	186	NRSEATTAPPRPFPAKPTLPGPPGAPASGGECPAGG	35	529	660	131
8595	HUMAN18130	Q13467	541	585	PRRGHKSGGAMAAGDYPEASAALTGRTGPPGPAATYHKQVSLSHV	44	1195	1352	157
8597	HUMAN18131	Q6ZWE6	316	355	GRQNELTISPGLGHHDDYTQNHSFQKKTSGLLPPSPVLDS	39	402	472	70
8598	HUMAN18137	Q0P641	114	193	SSADSGTIKVPRVSSLCLSLHPFAMLTAPKAAAYARKQSVKSRKVTTNKNATSISAKEANATEWKSSQRFSDTQPKHKVT	79	131	219	88
8600	HUMAN18141	Q9Y2I7	1161	1195	RIQPKNSDPFAHSKDASSTSSGQSGSKNEGDEERG	34	4443	4536	93
8606	HUMAN18142	P49190	435	550	VDWKRTPPCGSRRCGSVLTTVTHSTSSQSQVAASTRMVLISGKAAKIASRQPDSHITLPGYVWSNSEQDCLPHSFHEETKEDSGRQGDDILMEKPSRPMESNPDTEGCQGETEDVL	115	552	729	177
8608	HUMAN18147	Q8N2C7	1507	1554	VDSLRESSNISSVALRGKKQKECSDKSCLRTPSLKKRVSDANLEGKKD	47	4159	4343	184
8609	HUMAN18147	Q8N2C7	1770	1837	PNSEPEEEVEEVTNLASRRLSVSPSCTSSTSHRNYSFRRGSVWSVRSAVSAEDEEHTTEHTPNHHVPQ	67	4587	4704	117
8611	HUMAN18147	Q8N2C7	2428	2474	SRCDQGHKGTTTANHTMSSGVNTRYQEQGAKLHFIRENLHLLEEGQG	46	5484	5561	77
8612	HUMAN18147	Q8N2C7	2755	2786	STSRSKNFMLESSPAHCSTPGDAGKDLRREGL	31	5954	6003	49
8615	HUMAN18147	Q8N2C7	693	781	EKNRKKSENKENETLEKRPSEGAFQFKGVSGSSTCGFGGPAVSGAGDGGGEEGGGGDGGGGGGDGGGGGGGGGGPYEKNDKNQEKDEST	88	2088	2242	154
8618	HUMAN18155	P28330	1	46	MAARLLRGSLRVLGGHRAPRQLPAARCSHSGGEERLETPSAKKLTD	45	69	193	124
8619	HUMAN18157	P05976	1	37	MAPKKDVKKPVAAAAAAPAPAPAPAPAPAPAKPKEEK	36	5	48	43
8621	HUMAN18170	B2RUY7	1	35	MALHIHEACILLLVIPGLVTSAAISHEDYPADEGD	34	10	56	46
8623	HUMAN18173	Q86UK0	1668	1712	SQKNSAMSLEHLTQKKIGNSNANGISTPDDLSVSSSNFTDRDDKI	44	2544	2640	96
8624	HUMAN18178	Q8N565	19	48	LEERALPEKEPLVSDNNPYSSFGATLVRDD	29	20	51	31
8625	HUMAN18180	Q96HH4	1	91	MEEPTAVEGQVQLPSPHQGSLRKAVAAALALDGESTMGHRKKKRKESRPESIIIYRSDNEKTDEEPGESEGGDQPKEEEGDDFLDYPVDDD	90	66	187	121
8626	HUMAN18181	P13010	544	585	KKDQVTAQEIFQDNHEDGPTAKKLKTEQGGAHFSVSSLAEGS	41	1647	1887	240
8627	HUMAN18183	Q9P2E8	320	370	TKDLEDQKAGGRTNPRTSSSTQANIPSSEEETAGTPAPEQGPAQAAGHPSG	50	337	399	62
8628	HUMAN18183	Q9P2E8	60	158	APLPMHGDPQPPGLAANNTLPALGAGGWAGWRGPREVVGREPPPVPPPPPLPPSSVEDDWGGPATEPPASLLSSASSDDFCKEKTEDRYSLGSSLDSGM	98	70	174	104
8630	HUMAN18184	Q9NZC9	859	954	SETNFSEMTESTDYLYKDPKQQKIYDLFQKSFEKEGSDMELLEAAESFDPGSASGTSGSSSQNMGDTLDESSLTASPQKKRRFEFFDNWDSFTSPL	95	1093	1226	133
8631	HUMAN18189	P18065	129	224	GTCEKRRDAEYGASPEQVADNGDDHSEGGLVENHVDSTMNMLGGGGSAGRKPLKSGMKELAVFREKVTEQHRQMGKGGKHHLGLEEPKKLRPPPAR	95	228	343	115
8632	HUMAN18189	P18065	1	79	MLPRVGCPALPLPPPPLLPLLLLLLGASGGGGGARAEVLFRCPPCTPERLAACGPPPVAPPAAVAAVAGGARMPCAELV	78	82	177	95
8633	HUMAN18191	P24593	99	188	VCLNEKSYREQVKIERDSREHEEPTTSEMAEETYSPKIFRPKHTRISELKAEAVKKDRRKKLTQSKFVGGAENTAHPRIISAPEMRQESE	89	107	236	129
8635	HUMAN18212	Q7Z7H3	358	387	RPSSPALGSSHRPNPFRSLEPEGDARSGAA	29	454	500	46
8636	HUMAN18213	P49279	1	40	MTGDKGPQRLSGSSYGSISSPTSPTSPGPQQAPPRETYLS	39	36	143	107
8637	HUMAN18217	P09327	732	763	LGNSRDWSQITAEVTSPKVDVFNANSNLSSGP	31	1027	1214	187
8641	HUMAN18228	Q9NRP7	264	418	PAGPDLGTPFTSRLPPELQVLKDEQAHRLAPKGNQSRILTQAYKRMAEEAMQKKHQNTGPALEQEDKTSKVAPGTAPLPRLGATPQESSLLAGILASELKSSWAKSGTGEVPSAPRENRTTPDCERAFPEERPEVLGQRSTDVVDLENEEPDSDN	154	442	682	240
8642	HUMAN18230	Q14679	1082	1199	DSAPVWSLPTSLLTISKDDVILNAFSKSETSKLGKQSSCEVSLLLSEDGTTPKSKKTQAGLSPYPQKPSSSKDSEDTSKEPSLSTQTLPVIKCSGQTSRLSASSTFQSISDSLLAVSP	117	1193	1323	130
8644	HUMAN18230	Q14679	947	987	SSPSSCSSSTTSLPTSPGDKCRMAPEHVTAQKMKKAYYLTQ	40	1052	1099	47
8645	HUMAN18231	Q02318	1	53	MAALGCARLRWALRGAGRGLCPHGARAKAAIPAALPSDKATGAPGAGPGVRRR	52	18	115	97
8647	HUMAN18234	Q9GZT5	1	37	MGSAHPRPWLRLRPQPQPRPALWVLLFFLLLLAAAMP	36	39	160	121
8648	HUMAN18235	Q13319	1	174	MGTVLSLSPASSAKGRRPGGLPEEKKKAPPAGDEALGGYGAPPVGKGGKGESRLKRPSVLISALTWKRLVAASAKKKKGSKKVTPKPASTGPDPLVQQRNRENLLRKGRDPPDGGGTAKPLAVPVPTVPAAAATCEPPSGGSAAAQPPGSGGGKPPPPPPPAPQVAPPVPGGSP	173	0	208	208
8649	HUMAN18235	Q13319	330	367	EAAASGGGPPSGGAPAASSAARDSCAAGTKHWTMNLDR	37	364	414	50
8650	HUMAN18236	Q99581	136	238	QPPPAHAHAAAAAAAAAAAAQDGALYKLPAGLAPLPFPGLSKLNLMAASAGVAPAGFSYWPGPGPAATAAAATAALYPSPSLQPPPGPFGAVAAASHLGGHYH	102	154	301	147
8651	HUMAN18238	Q6ZU64	1564	1597	TACEPARKYKTLPPIKNQQSVSRPASWKLQTPKE	33	3334	3486	152
8653	HUMAN18238	Q6ZU64	97	136	TVAIPAINDSSAAMSACSTISAQPASSMDTQMHSPKKQER	39	152	221	69
8654	HUMAN18242	Q14623	1	66	MSPARLRPRLHFCLVLLLLLVVPAAWGCGPGRVVGSRRRPPRKLVPLAYKQFSPNVPEKTLGASGR	65	37	233	196
8655	HUMAN18245	Q6PIS1	1	33	MSRSPLNPSQLRSVGSQDALAPLPPPAPQNPST	32	22	70	48
8656	HUMAN18246	Q9BV87	256	359	SLGLSCIPTPGPPDLGLTSRCLLEPCIPSVPQCLPSLANVSSCLEGSMGLRSLWGSLLASLTPPPLPPPDPPAPPTLLHNCHLCQKLQRDSPTCHACLHPNRTV	103	360	508	148
8658	HUMAN18254	Q9H8Y5	120	153	STGDLSSISGSEDSDSASEEDLQTLDRERATFEK	33	468	638	170
8662	HUMAN18262	Q16849	369	466	KGAGRNPGGVVNVGADIKKTMEGPVEGRDTAELPARTSPMPGHPTASPTSSEVQQVPSPVSSEPPKAARPPVTPVLLEKKSPLGQSQPTVAGQPSARP	97	477	639	162
8663	HUMAN18262	Q16849	610	686	ERLAALGPEGAHGDTTFEYQDLCRQHMATKSLFNRAEGPPEPSRVSSVSSQFSDAAQASPSSHSSTPSWCEEPAQAN	76	796	898	102
8664	HUMAN18270	P17661	1	94	MSQAYSSSQRVSSYRRTFGGAPGFPLGSPLSSPVFPRAGFGSKGSSSSVTSRVYQVSRTSGGAGGLGSLRASRLGTTRTPSSYGAGELLDFSLA	93	78	190	112
8665	HUMAN18270	P17661	421	470	QTYSALNFRETSPEQRGSEVHTKKTVMIKTIETRDGEVVSEATQQQHEVL	49	602	756	154
8667	HUMAN18271	Q15772	1	33	MQKARGTRGEDAGTRAPPSPGVPPKRAKVGAGG	32	0	47	47
8670	HUMAN18277	Q96FT7	1	125	MLSGAAGAARRGGAALAPSLTRSLAGTHAGADSCAGADKGSHKETIEERDKRQQRQQRQRQHQGCGAAGSGSDSPTSGPHPVPVLFPLALSLEEQPLPPLPLGRAPGLLAREGQGREALASPSSR	124	33	165	132
8671	HUMAN18278	Q8IZ52	36	81	EPCGPGPPQPGDSELPPRGNTNAARRPNSVQPGAEREKPGAGEGAG	45	50	125	75
8672	HUMAN18279	Q66K66	21	125	FWGAPCEQPLERRYQALPALVCIMCCLFGVVYCFFGYRCFKAVLFLTGLLFGSVVIFLLCYRERVLETQLSAGASAGIALGIGLLCGLVAMLVRSVGLFLVGLLL	104	120	245	125
8673	HUMAN18279	Q66K66	241	355	EGDSHTEVVISRQRRRVQLMRIRQQEDRKEKRRKKRPPRAPLRGPRAPPRPGPPDPAYRRRPVPIKRFNGDVLSPSYIQSFRDRQTGSSLSSFMASPTDADYEYGSRGPLTACSG	114	376	578	202
8674	HUMAN18282	P05111	44	78	PAVTREGGDPGVRRLPRRHALGGFTHRGSEPEEEE	34	179	229	50
8675	HUMAN18292	Q96MF4	1	163	MGDECSNPDLLAEPGSSPPWDHGNQRQEAANESNTRVPRVLKAHLGPETAQPTKRSKRNRWRRQSCQGPSPARSGQFLGSADLGLQRGVLKSAARTCLSEISNSTRASPESAQSTDPGRAARPRTRTLPTPHSFKIGEEAEEMKKKKERKRRKERKKERNFKK	162	0	163	163
8676	HUMAN18293	Q8IWX5	25	72	PAPDEGPRENGADPTERAARVPGVEHLPAANGKGGEAPANGLRRAAAP	47	50	174	124
8677	HUMAN18296	O95573	1	51	MNNHVSSKPSTMKLKHTINPILLYFIHFLISLYTILTYIPFYFFSESRQEK	50	79	144	65
8678	HUMAN18297	Q8WWG9	172	221	EGDSVSSESSSPDVHLTIQEEGADDELEETSETPLNESSEGSSENIHQNS	49	218	274	56
8679	HUMAN18297	Q8WWG9	1	117	MHFLTIYPNCSSGVVRAQSRTEQKNPLGLDDLGIQNLGQTVSLAPAVEAASMLKMEPLNSTHPGTAASSSPLESRAAGGGSGNGNEYFYILVVMSFYGIFLIGIMLGYMKSKRREKK	116	0	140	140
8680	HUMAN18298	P13521	122	184	ENEPQSAPKENKPYALNSEKNFPMDMSDDYETQQWPERKLKHMQFPPMYEENSRDNPFKRTNE	62	251	351	100
8681	HUMAN18298	P13521	207	303	KLTGPNNQKRERMDEEQKLYTDDEDDIYKANNIAYEDVVGGEDWNPVEEKIESQTQEEVRDSKENIEKNEQINDEMKRSGQLGIQEEDLRKESKDQL	96	373	509	136
8682	HUMAN18298	P13521	373	429	EKPNGSVEPERELDLPVDLDDISEADLDHPDLFQNRMLSKSGYPKTPGRAGTEALPD	56	616	683	67
8683	HUMAN18298	P13521	443	480	ESAANQKTSYFPNPYNQEKVLPRLPYGAGRSRSNQLPK	37	696	734	38
8684	HUMAN18298	P13521	520	582	NSNQVKRVPGQGSSEDDLQEEEQIEQAIKEHLNQGSSQETDKLAPVSKRFPVGPPKNDDTPNR	62	781	845	64
8685	HUMAN18298	P13521	69	104	AHKEESSPDYNPYQGVSVPLQQKENGDESHLPERDS	35	163	232	69
8686	HUMAN18303	Q9H9J2	1	62	MASGLVRLLQQGHRCLLAPVAPKLVPPVRGVKKGFRAAFRFQKELERQRLLRCPPPPVRRSE	61	72	260	188
8687	HUMAN18309	A0A1B0GUA6	21	76	LEKENQALRMKLTASSQRASGSGRESGDEREEEAPGQSPATLQGAVSTDAAPAVQE	55	21	79	58
8688	HUMAN18309	A0A1B0GUA6	91	156	SSVCSSAVNDPWKSGKSHPKSGILEGQRTLKSLACSPIKKQDMEEKVFATDSLTSNRTSQRASPEH	65	93	159	66
8689	HUMAN18310	Q96BY6	1230	1327	NTSNQGSRDDLSTNGGFQSQTAIKHANSVDTSFSKDVLNSIAAFSSIAISTVNHADSRASLASLDSNPSTNEKSSEKTDNCEKIPRPLSLIGSTLRFD	97	1857	2023	166
8690	HUMAN18310	Q96BY6	1400	1468	STQNNGTLKGSNPSCQTSGLLSQWMHSTSSHEGHKQHRSQTLPIIRGKNALSNPKLLQMLDNTMTSNSN	68	2099	2194	95
8691	HUMAN18310	Q96BY6	1	43	MAGERTRRFTRSLLRPGQAAELRHSAASAAAVAVSSRQQQRQE	42	12	115	103
8692	HUMAN18310	Q96BY6	2153	2186	DDLSKRGVDQTCTRVISKATPALPTVSISSSAEV	33	2930	2988	58
8693	HUMAN18310	Q96BY6	293	344	PEGPLQGRRSTELTDLGLDSLDNSVTCECTPEETDSSENNLHADFAKYLTET	51	427	485	58
8695	HUMAN18312	P35568	118	150	KGHHDGAAALGAGGGGGSCSGSSGLGEAGEDLS	32	315	364	49
8697	HUMAN18313	Q8TEB9	279	315	QASLWDRGNTRNSPPPYGFHLSPEEMRRQRLHRFDSQ	36	431	515	84
8700	HUMAN18321	Q53S99	67	136	PSEKLEPWDPGMRKLTVQTCGLTFIHPAGHGLCHPTAEASAETLSSTALNRPSVREGACNEKSTENKKPQ	69	67	137	70
8701	HUMAN18323	Q9BZV2	202	254	KPSREIKKSSSVNPVLEETHEGEAPGCEEQKPTSEILSTSGKLNKGQLNSLKP	52	396	567	171
8702	HUMAN18323	Q9BZV2	466	496	SQKDVQSPAPSENPDVSHPEEESNIIMSTKL	30	831	938	107
8704	HUMAN18329	Q2M3C7	1	41	MDGNSLLSVPSNLESSRMYDVLEPQQGRGCGSSGSGPGNSI	40	163	263	100
8708	HUMAN18339	Q13342	1	32	MAQQGQQGQMASGDSNLNFRMVAEIQNVEGQN	31	0	46	46
8710	HUMAN18341	Q9H930	1	36	MAGGGSDLSTRGLNGGVSQVANEMNHLPAHSQSLQR	35	9	45	36
8712	HUMAN18342	P23497	1	42	MAGGGGDLSTRRLNECISPVANEMNHLPAHSHDLQRMFTEDQ	41	0	43	43
8713	HUMAN18342	P23497	840	879	GKPNSAKKRVVKAEKSKKKKEEEEDEEDEQEEENEEDDDK	39	969	1009	40
8714	HUMAN18346	Q9NQX7	1	65	MVKISFQPAVAGIKGDKADKASASAPAPASATEILLTPAREEQPPQHRSKRGGSVGGVCYLSMGM	64	42	166	124
8715	HUMAN18349	Q8NHX4	161	192	SRKPSSHRNACPPSPRNCGCGSGGSRSCLLHH	31	306	339	33
8716	HUMAN18349	Q8NHX4	1	110	MKKVKKKRSEARRHRDSTSQHASSNSTSQQPSPESTPQQPSPESTPQQPSPESTPQHSSLETTSRQPAFQALPAPEIRRSSCCLLSPDANVKAAPQSRKAGPLIRAGPHS	109	0	250	250
8717	HUMAN18350	A6NCS6	207	295	GAGQPVEGAWERPGLPGLLACFSWGPWSRRKNQDVAACRSSAQEDFQEPEEELPLTAIFPNGDCDDLGRGSKACDGVVHTPAEPTGDSR	88	351	447	96
8718	HUMAN18350	A6NCS6	61	100	PGAAKPGGAAAEGAGPGAARGAQRAARAAGAAGAAAAAAR	39	69	196	127
8719	HUMAN18351	Q99460	272	317	GTPIASVPGSTNTGTVPGSEKDSDSMETEEKTSSAFVGKTPEASPE	45	1199	1434	235
8721	HUMAN18353	P41595	253	318	NKPPQRLTWLTVSTVFQRDETPCSSPEKVAMLDGSRKDKALPNSGDETLMRRTSTIGKKSVQTISN	65	333	414	81
8722	HUMAN18353	P41595	402	481	TKSVKTLRKRSSKIYFRNPMAENSKFFKKHGIRNGINPAMYQSPMRLRSSTIQSSSIILLDTLLLTENEGDKTEEQVSYV	79	499	588	89
8723	HUMAN18354	Q7Z3E5	277	308	QMRQSLAHSVDFTRPGTASTMLRASLAPVKLK	31	784	882	98
8725	HUMAN18356	Q8NFL0	1	92	MSLWKKTVYRSLCLALALLVAVTVFQRSLTPGQFLQEPPPPTLEPQKAQKPNGQLVNPNNFWKNPKDVAAPTPMASQGPQAWDVTTTNCSAN	91	60	206	146
8728	HUMAN18358	Q9HB89	265	294	LMQEAKGRGSAAARSRYTCRLQQHDRGRRQ	29	333	422	89
8729	HUMAN18358	Q9HB89	377	426	CHRLRPRHSSHSLSRMTTGSTLCDVGSLGSWVHPLAGNDGPEAQQETDPS	49	515	678	163
8731	HUMAN18371	P23582	1	125	MHLSQLLACALLLTLLSLRPSEAKPGAPPKVPRTPPAEELAEPQAAGGGQKKGDKAPGGGGANLKGDRSRLLRDLRVDTKSRAAWARLLQEHPNARKYKGANKKGLSKGCFGLKLDRIGSMSGLG	124	0	139	139
8732	HUMAN18377	P05187	499	535	APPAGTTDAAHPGRSVVPALLPLLAGTLLLLETATAP	36	595	645	50
8733	HUMAN18378	P10696	494	532	DLAPRAGTTDAAHPGPSVVPALLPLLAGTLLLLGTATAP	38	638	789	151
8734	HUMAN18383	Q07001	365	427	AEDGPSPGALVRRSSSLGYISKAEEYFLLKSRSDLMFEKQSERHGLARRLTTARRPPASSEQA	62	458	576	118
8735	HUMAN18385	Q96MW7	543	591	RKASPMSYFRKLPQPPQPSAATTLTSQQPSTSRQDPPPAKRVRLTEGSD	48	601	681	80
8736	HUMAN18386	O60573	1	52	MNNKFDALKDDDSGDHDQNEENSTQKDGEKEKTERDKNQSSSKRKAVVPGPA	51	35	237	202
8737	HUMAN18388	Q9BUP0	1	80	MASEELACKLERRLRREEAEESGPQLAPLGAPAPEPKPEPEPPARAPTASADAELSAQLSRRLDINEGAARPRRCRVFNP	79	38	181	143
8738	HUMAN18391	O60928	331	360	SKSPNRTDLDIHINGQSIDNFQISETGLTE	29	371	406	35
8739	HUMAN18392	Q6UX34	1	121	MASCLALRMALLLVSGVLAPAVLTDDVPQEPVPTLWNEPAELPSGEGPVESTSPGREPVDTGPPAPTVAPGPEDSTAQERLDQGGGSLGPGAIAAIVIAALLATCVVLALVVVALRKFSAS	120	8	154	146
8741	HUMAN18396	Q92835	105	156	EEDTGDDPEEDTVESVVSPPELPPRNIPLTASSCEAKEVPFSNENPRATETS	51	293	361	68
8743	HUMAN18400	P10523	364	405	PEDPAKESYQDANLVFEEFARHNLKDAGEAEEGKRDKNDVDE	41	488	599	111
8744	HUMAN18402	Q16760	1099	1139	GDEESVMLDLAKRSRSGKFRLVTKFKKEKNNKNKEAHSSLG	40	3287	3368	81
8745	HUMAN18402	Q16760	1	39	MAAAAGAPPPGPPQPPPPPPPEESSDSEPEAEPGSPQKL	38	12	96	84
8749	HUMAN18422	Q7Z2W7	1	37	MSFRAARLSMRNRRNDTLDSTRTLYSSASRSTDLSYS	36	0	86	86
8750	HUMAN18425	Q13103	139	211	STSESYSSEEMIFGDMLGSHKWRNNYLFGLISDESISEQFYDRSLGIMRRVLPPGNRRYPNHRHRARINTDFE	72	187	290	103
8751	HUMAN18427	Q9P0V3	122	161	SGMIDNLPDSPDEVAKELELLGGWTDDKKVPGRMYSNNPF	39	235	281	46
8752	HUMAN18427	Q9P0V3	179	244	PSLDELNPKSTVDLLLFDAGTSSFTESSSATTNSTGNIFDELPVTNGLHAEPPVRRDNPFFRSKRS	65	312	393	81
8753	HUMAN18427	Q9P0V3	1	54	MAAQRIRAANSNGLPRCKSEGTLIDLSEGFSETSFNDIKVPSPSALLVDNPTPF	53	92	168	76
8755	HUMAN18431	P52951	306	348	KAGNANSKTGEPSRNPKIVVPIPVHVSRFAIRSQHQQLEQARP	42	404	447	43
8756	HUMAN18438	P12111	1	30	MRKHRHLPLVAVFCLFLSGFPTTHAQQQQA	29	0	42	42
8759	HUMAN18438	P12111	3072	3101	GSFSTKKSQPPPPQPARSASSSTINLMVST	29	3963	4074	111
8761	HUMAN18439	Q9BV36	26	101	FDLRRKEEERLEALKGKIKKESSKRELLSDTAHLNETHCARCLQPYQLLVNSKRQCLECGLFTCKSCGRVHPEEQG	75	93	172	79
8762	HUMAN18440	P81277	1	87	MKVLRAWLLCLLMLGLALRGAASRTHRHSMEIRTPDINPAWYASRGIRPVGRFGRRRATLGDVPKPGLRPRLTCFPLEGGAMSSQDG	86	0	89	89
8764	HUMAN18447	Q6ZP01	681	827	LPPLSLESKLLSTFSTFASRLMKKETHVFSEADAEQDNQRAHDVDVSSNLKKTLSQMSLSSDNSHATQNISPKKDDFKNGDINADFSQLKLGDKDCRHYQETSEDWSDAKESLTGVDVSGTQGNQVEQDTWNLDLTGEMKNVEPSQR	146	747	914	167
8765	HUMAN18447	Q6ZP01	907	975	EYTSPLSSKNGNRISSNNLEKSTNKQIHSEFSISRLPRTRPRQLGSEQDSEVFPSDQGVKKNCKQIESA	68	996	1070	74
8767	HUMAN18461	Q6ZVH7	931	974	QRPAWDTEPGRKSGLTLLGPLPHAAVPCSGPEPTAQRLGSRSQQ	43	1196	1253	57
8768	HUMAN18464	Q4G0M1	1	81	MAPARRPAGARLLLVYAGLLAAAAAGLGSPEPGAPSRSRARREPPPGNELPRGPGESRAGPAARPPEPTAERAHSVDPRDA	80	57	213	156
8769	HUMAN18464	Q4G0M1	89	189	SDKGVNGKKRSRGKAKKLKFGLPGPPGPPGPQGPPGPIIPPEALLKEFQLLLKGAVRQRERAEPEPCTCGPAGPVAASLAPVSATAGEDDDDVVGDVLALL	100	220	355	135
8771	HUMAN18468	Q96HZ4	136	215	REGSSFQDLLGDALAGPPRAPGRSGWPAGGAPGSPIPSPPGPGDDLCSDLEEAPEAELSQAPAEGPDLVPAALGSLTTAQ	79	205	321	116
8772	HUMAN18468	Q96HZ4	1	37	MAPPAAPGRDRVGREDEDGWETRGDRKARKPLVEKKR	36	46	101	55
8773	HUMAN18471	O15055	1215	1255	EKGNICIPYEEDIPSLGLSEVSDTKEDENGSPLNHRIEEQT	40	1888	1965	77
8774	HUMAN18471	O15055	1	107	MNGYAEFPPSPSNPTKEPVEPQPSQVPLQEDVDMSSGSSGHETNENCSTGRDSQGSDCDDSGKELGMLVEPPDARQSPDTFSLMMAKSEHNPSTSGCSSDQSSKVDT	106	102	285	183
8778	HUMAN18475	Q8WVJ9	1	65	MEEGSSSPVSPVDSLGTSEEELERQPKRFGRKRRYSKKSSEDGSPTPGKRGKKGSPSAQSFEELQ	64	57	164	107
8779	HUMAN18476	P56524	1046	1084	QTCENEEAETVTAMASLSVGVKPAEKRPDEEPMEEEPPL	38	1816	1912	96
8781	HUMAN18489	Q8NHW6	1	33	MQACMVPGLALCLLLGPLAGAKPVQEEGDPYAE	32	25	66	41
8782	HUMAN18490	P35052	344	373	GNPKVNPQGPGPEEKRRRGKLAPRERPPSG	29	578	622	44
8783	HUMAN18490	P35052	399	452	TLCSEKMALSTASDDRCWNGMARGRYLPEVMGDGLANQINNPEVEVDITKPDMT	53	647	704	57
8784	HUMAN18490	P35052	472	558	NGNDVDFQDASDDGSGSGSGDGCLDDLCSRKVSRKSSSSRTPLTHALPGLSEQEGQKTSAASCPQPPTFLLPLLLFLALTVARPRWR	86	723	824	101
8785	HUMAN18502	H7BZ55	1249	1398	KLQEASGVADALQARLDQACHRIHSLEQELAQAEGARQDAEAQLGRLCSTLRRGLGLQRQSPWASPEQPGSPTKGSDSSQALPGQQGTSPPARPHSPLRWPSPTPGGRSSELMDVATVQDILRDFVQKLREAQRERDDSRIQMATLSSRL	149	1787	1974	187
8786	HUMAN18502	H7BZ55	1624	1655	VASLKEQLDQEVQWRQQAHLGQAFQTGHAQRD	31	2472	2533	61
8788	HUMAN18505	Q7Z6M4	326	381	ESESSTSDDKRASLDEDEDDDDEEDNDEDDNDEDDDDEDDDEAEDNDEDEDDDEEE	55	497	576	79
8789	HUMAN18511	Q96RG2	1	111	MEDGGLTAFEEDQRCLSQSLPLPVSAEGPAAQTTAEPSRSFSSAHRHLSRRNGLSRLCQSRTALSEDRWSSYCLSSLAAQNICTSKLHCPAAPEHTDPSEPRGSVSCCSLL	110	11	233	222
8791	HUMAN18511	Q96RG2	749	864	SDQTDQTSSNCSCATSELRETPSSLAVGSDPDVGSLQEQGSCVLDDRELLLLTGTCVDLGQGRRFRESCVGHDPTEPLEVCLVSSEHYAASDRESPGHVPSTLDAGPEDTCPSAEE	115	1583	1721	138
8792	HUMAN18511	Q96RG2	936	990	QRDSAARTRLFLASLPGSTHSTAAELTGPSLVEVLRARPWFEEPPKAVELEGLAA	54	1809	1897	88
8794	HUMAN18524	O94887	1	39	MGEIEGTYRVLQTAGMRLGAQTPVGVSTLEPGQTLLPRM	38	17	64	47
8796	HUMAN18524	O94887	858	903	GDTAPALPGRTVCTRPPRSPNEVSLEQESEDDARGVRSSLEGHGQH	45	1371	1468	97
8797	HUMAN18527	O00506	294	379	GHGEESSSEDSDIDGEAEDGEQGPIWTFPPTIRPSPHSKLHKGTALHSSQKPAEPVKRQPRSQCLSTLVRPVFGELKEKHKQSGGS	85	482	599	117
8800	HUMAN18547	Q9H3Q3	1	47	MMSMLGGLQRYFRVILLLLLALTLLLLAGFLHSDLELDTPLFGGQAE	46	0	120	120
8802	HUMAN18554	Q8N687	66	156	RRPAFPVIHLEDITLDYSDVDSFTGSPVSMLNDLITFDTTKFGETMTPETNTPETTMPPSEATTPETTMPPSETATSETMPPPSQTALTHN	90	66	166	100
8803	HUMAN18555	Q9BYW3	65	111	RANYPVFCVQTKTTRISTVTATTATTTLMMTTASMSSMAPTPVSPTG	46	64	134	70
8804	HUMAN18556	Q9H1M4	65	99	KITKPPRPKPATLALTLQDYVTIIENFPSLKTQST	34	70	106	36
8805	HUMAN18558	Q9H1M3	1	61	MKLLFPIFASLMLQYQVNTEFIGLRRCLMGLGRCRDHCNVDEKEIQKCKMKKCCVGPKVVK	60	0	62	62
8806	HUMAN18558	Q9H1M3	70	183	GTPNVLNEDVQEMLKPAKNSSAVIQRKHILSVLPQIKSTSFFANTNFVIIPNATPMNSATISTMTPGQITYTATSTKSNTKESRDSATASPPPAPPPPNILPTPSLELEEAEEQ	113	70	188	118
8807	HUMAN18559	Q7Z7B7	63	95	PKPDLPQLIGNHWQSRRRNTQRKDKKQQTTVTS	32	62	95	33
8809	HUMAN18561	Q9NUD5	1	161	MATGGGAEEERKRGRPQLLPPARPAARGEEADGGREKMGWAQVVKNLAEKKGEFREPRPPRREEESGGGGGSAGLGGPAGLAAPDLGDFPPAGRGDPKGRRRDPAGEAVDPRKKKGAAEAGRRKKAEAAAAAMATPARPGEAEDAAERPLQDEPAAAAGPG	160	0	184	184
8810	HUMAN18562	O15370	106	282	DYKYRPRKKSKGAPAKARPRPPGGSGGGSRLKPGPQLPGRGGRRAAGGPLGGGAAAPEDDDEDDDEELLEVRLVETPGRELWRMVPAGRAARGQAERAQGPSGEGAAAAAAASPTPSEDEEPEEEEEEAAAAEEGEEETVASGEESLGFLSRLPPGPAGLDCSALDRDPDLQPPSGT	176	128	343	215
8811	HUMAN18563	Q9GZP1	144	188	QDTKAEPLDPEADSHVEVFGDEPEQQLSPIFRNASGQSWFSPPAS	44	183	239	56
8812	HUMAN18566	Q9BYM8	143	193	LQRERQLRMLEDLGFKDLTLQPRGPLEPGPPKPGVPQEPGRGQPDAVPEPP	50	312	417	105
8813	HUMAN18566	Q9BYM8	235	277	EERARLAGEEEALRQYQQRKQQQQEGNYLQHVQLDQRSLVLNT	42	511	630	119
8814	HUMAN18571	P68400	332	391	ARMGSSSMPGGSTPVSSANMMSGISSVPTPSPLGPLAGSPVIAAANPLGMPVPAAAGAQQ	59	849	1015	166
8815	HUMAN18572	Q12870	1	85	MAFALLRPVGAHVLYPDVRLLSEDEENRSESDASDQSFGCCEGPEAARRGPGPGGGRRAGGGGGAGPVVVVRQRQAANARERDRT	84	25	149	124
8816	HUMAN18573	Q9BYN0	1	36	MGLRAGGTLGRAGAGRGAPEGPGPSGGAQGGSIHSG	35	45	117	72
8817	HUMAN18576	Q9NQ40	249	292	EASVEDLLNDQVTLHSIRPREENDLGPAGTVDSSQGQGYLEEKA	43	573	700	127
8819	HUMAN18578	Q9Y264	1	34	MLSQLAMLQGSLLLVVATMSVAQQTRQEADRGCE	33	10	70	60
8820	HUMAN18578	Q9Y264	223	279	LLNTLSRQSAALTNIERGLRGVRHNSSLLQDQQHSLRQLLVLLRHLVQERANASAPA	56	288	349	61
8821	HUMAN18579	Q2I0M5	1	31	MRAPLCLLLLVAHAVDMLALNRRKKQVGTGL	30	15	54	39
8822	HUMAN18580	Q92530	145	181	QWEKANVSSPHREFPPATAREVDPLRIPPHHPHTSRQ	36	338	454	116
8823	HUMAN18582	Q9NUR3	1	141	MPPAQGYEFAAAKGPRDELGPSFPMASPPGLELKTLSNGPQAPRRSAPLGPVAPTREGVENACFSSEEHETHFQNPGNTRLGSSPSPPGGVSSLPRSQRDDLSLHSEEGPALEPVSRPVDYGFVSALVFLVSGILLVVTAY	140	29	213	184
8824	HUMAN18583	A1L168	74	122	AHWEDARSSGGTSPIRARAGSEGRGCQPVCSRGLAQLLRGEDSRRSSLP	48	73	122	49
8825	HUMAN18587	Q9H190	1	39	MSSLYPSLEDLKVDQAIQAQVRASPKMPALPVQATAISP	38	40	131	91
8826	HUMAN18593	Q9UNZ2	45	92	GGDEDIVTISQATPSSVSRGTAPSDNRVTSFRDLIHDQDEDEEEEEGQ	47	373	621	248
8827	HUMAN18595	Q5JXA9	1	34	MCSTMSAPTCLAHLPPCFLLLALVLVPSDASGQS	33	43	83	40
8828	HUMAN18607	P01213	1	61	MAWQGLVLAACLLMFPSTTADCLSRCSLCAVKTQDGPKPINPLICSLQCQAALLPSEEWER	60	35	107	72
8829	HUMAN18607	P01213	70	219	TPSTLGLNDKEDLGSKSVGEGPYSELAKLSGSFLKELEKSKFLPSISTKENTLSKSLEEKLRGLSDGFREGAESELMRDAQLNDGAMETGTLYLAEEDPKEQVKRYGGFLRKYPKRSSEVAGEGDGDSMGHEDLYKRYGGFLRRIRPKLK	149	116	345	229
8830	HUMAN18608	Q8TDR2	1	197	MGHQESPLARAPAGGAAYVKRLCKGLSWREHVESHGSLGAQASPASAAAAEGSATRRARAATSRAARSRRQPGPGADHPQAGAPGGKRAARKWRCAGQVTIQGPAPPRPRAGRRDEAGGARAAPLLLPPPPAAMETGKDGARRGTQSPERKRRSPVPRAPSTKLRPAAAARAMDPVAAEAPGEAFLARRRPEGGGGS	196	137	377	240
8832	HUMAN18616	Q8TDI7	1	160	MSHQVKGLKEEARGGVKGRVKSGSPHTGDRLGRRSSSKRALKAEGTPGRRGAQRSQKERAGGSPSPGSPRRKQTGRRRHREELGEQERGEAERTCEGRRKRDERASFQERTAAPKREKEIPRREEKSKRQKKPRSSSLASSASGGESLSEEELAQILEQV	159	1	240	239
8833	HUMAN18616	Q8TDI7	800	906	EKSHKSVKGKATARDSEDTPKSSSKNATQLQLTKEETTPPSASQSQAMDKKAQGPGTSNSASRTTLPASGHLPISRPPGIGPDSGHAPSQTHPWRSASGKSAQRPPH	106	1014	1150	136
8836	HUMAN18624	Q9NUB4	1	34	MTRLCLPRPEAREDPIPVPPRGLGAGEGSGSPVR	33	0	56	56
8837	HUMAN18624	Q9NUB4	89	122	AGHTLPQRKLLTRGQSQGAGEGPGQQEALLLQMG	33	114	150	36
8838	HUMAN18625	Q8WW34	14	60	GRCRKQHDLGNCPEVPGIFKTLALSPGAPDMMQQPRVETDTIGAGEG	46	16	73	57
8839	HUMAN18626	Q9H1Q7	360	454	YNPVEDFSMPPHLGCGPGVNFVPGPLPPPIPGPNPHGQHWGPVVHRGMPRYVPNSPYHVRRMGGPCRQRLRHSERLIHTYKLDRRPPAHSGTWPG	94	377	506	129
8841	HUMAN18630	Q9BYN8	1	38	MLRALSRLGAGTPCRPRAPLVLPARGRKTRHDPLAKSK	37	25	100	75
8842	HUMAN18633	O94941	219	250	QDVALQAPALPMESDCDPGDQPESQQAPSSLQ	31	423	471	48
8844	HUMAN18634	Q7L8L6	24	107	AVRSVSYWNVSSTQHGGQDPPEHISLCHSAKKVKNICSTFSSRRILTTSSAHPGLEFSKTSSSKASTLQLGSPRATGVDEEDVE	83	76	170	94
8847	HUMAN18641	O75882	49	97	LPRLLSPPLRPRLLLLLLLLSPPLLLLLLPCEAEAAAAAAAVSGSAAAE	48	355	425	70
8848	HUMAN18642	Q9GZZ7	258	299	LDQLNPQGDPEHSLLQVSSTGRALERRSLLSILPVLALPALL	41	337	379	42
8849	HUMAN18643	Q9BZ11	1	33	MGWRPRRARGTPLLLLLLLLLLWPVPGAGVLQG	32	111	172	61
8850	HUMAN18643	Q9BZ11	716	813	PGAGLAWCCYRLPGAHLQRCSWGCRRDPACSGPKDGPHRDHPLGGVHPMELGPTATGQPWPLDPENSHEPSSHPEKPLPAVSPDPQADQVQMPRSCLW	97	907	1115	208
8851	HUMAN18646	Q96MM6	1	55	MLAVPEMGLQGLYIGSSPERSPVPSPPGSPRTQESCGIAPLTPSQSPKPEVRAPQ	54	194	441	247
8852	HUMAN18648	Q9Y4P9	116	179	RRRKQGAGSLQELAPQDGSGYMDVGVSQKARGEGVPDPQGGGQLSWDRPPAPRPPAYNRALQGD	63	122	284	162
8853	HUMAN18649	P07199	137	167	GVARARARNAAPRTPAAPASPAAVPSEGSGG	30	142	173	31
8854	HUMAN18649	P07199	390	538	GGGPNATITTSLKSEGEEEEEEEEEEEEEEGEGEEEEEEGEEEEEEGGEGEELGEEEEVEEEGDVDSDEEEEEDEESSSEGLEAEDWAQGVVEAGGSFGAYGAQEEAQCPTLHFLEGGEDSDSDSEEEDDEEEDDEDEDDDDDEEDGDE	148	408	574	166
8856	HUMAN18652	Q7Z434	477	516	QLLEGNPGPPADPDGGPRPQADRKFQEREVPCHRPSPGAL	39	837	975	138
8859	HUMAN18655	Q9NWM0	273	302	PRGPEIEPRGEGDHNHDTGEGGQGGEEPRG	29	871	985	114
8860	HUMAN18656	P25100	1	90	MTFRDLLSVSFEGPRPDSSAGGSSAGGGGGSAGGAAPSEGPAVGGVPGGAGGGGGVVGAGSGEDNRSSAGEPGSAGAGGDVNGTAAVGGL	89	14	121	107
8861	HUMAN18656	P25100	289	339	EAGVKRERGKASEVVLRIHCRGAATGADGAHGMRSAKGHTFRSSLSVRLLK	50	320	379	59
8862	HUMAN18656	P25100	423	535	RRRRRRPLWRVYGHHWRASTSGLRQDCAPSSGDAPPGAPLALTALPDPDPEPPGTPEMQAPVASRRKPPSAFREWRLLGPFRRPTTQLRAKVSSLSHKIRAGGAQRAEAACAQ	112	470	617	147
8863	HUMAN18658	Q9UKY0	1	54	MRKHLSWWWLATVCMLLFSHLSAVQTRGIKHRIKWNRKALPSTAQITEAQVAEN	53	54	112	58
8864	HUMAN18660	P50749	73	173	DNERIRPPPSSSSWHSGCNLGAQGTTLKPLTVPKVQISEVDAPPEGDQMPSSTDSRGLKPLQEDTPQLMRTRSDVGVRRRGNVRTPSDQRRIRRHRFSING	100	182	318	136
8867	HUMAN18666	Q8NFJ6	355	384	SQRGSKSSADLDLRTNGVPTTEEVDCIRLK	29	467	510	43
8868	HUMAN18667	Q9NPB8	626	672	QLERLKQELPELKSCLCPTVSRFVPSSLCGESDIHVDANGIDNVENA	46	1430	1569	139
8869	HUMAN18669	Q8IYI0	1	72	MAARDATSGSLSEESSALDLPSACDIRDYVLQGPSQEANSEAFSSLEFHSFPYSSDVDPDTSNLNIEQNNSW	71	64	146	82
8872	HUMAN18672	Q9UJA5	464	497	LKADTSLKSNASTLESHETEEPAAKKRKCPESDS	33	1428	1508	80
8873	HUMAN18673	Q9UJA3	1	68	MNGEYRGRGFGRGRFQSWKRGRGGGNFSGKWREREHRPDLSKTTGKRTSEQTPQFLLSTKTPQSMQST	67	66	306	240
8874	HUMAN18674	Q9UJA2	1	101	MLALRVARGSWGALRGAAWAPGTRPSKRRACWALLPPVPCCLGCLAERWRLRPAALGLRLPGIGQRNHCSGAGKAAPRPAAGAGAAAEAPGGQWGPASTPS	100	18	222	204
8876	HUMAN18676	Q9BQL6	141	189	PSGDYFKKKKKKDKNNKEPIIEDILNLESSPTASGSSVSPGLYSKTMTP	48	418	563	145
8877	HUMAN18676	Q9BQL6	327	363	LSAETQDFAGESEVDEIEAALSNLEVTLEGGKADSLL	36	760	816	56
8879	HUMAN18679	Q9H1E5	219	349	PRHLSERSEQNRRSEEAHRAEQLQDAEEEKDDSNEEENKDSLVDDEEEKEDLGDEDEAEEEEEEDNLAAGVDEERSEANDQGPPGEDGVTREEVEPEEAEEGISEQPCPADTEVVEDSLRQRKSQHADKGL	130	281	483	202
8880	HUMAN18681	Q9NQ66	1049	1092	CQNNQLKKLKEICEKEKKELKKKMDKKRQEKITEAKSKDKSQME	43	1658	1705	47
8881	HUMAN18681	Q9NQ66	1172	1216	KISEDSNHGSAPLSLSSDPGKVNHKTPSSEELGGDIPGKEFDTPL	44	1799	1891	92
8889	HUMAN18700	Q9NUV7	1	53	MANPGGGAVCNGKLHNHKKQSNGSQSRNCTKNGIVKEAQQNGKPHFYDKLIVE	52	17	192	175
8890	HUMAN18702	B1AKI9	109	222	NFPDLSKADINGQNPNIQVTIEVVDGPDSEADKDQHPENKPSWSVPSPDWRAWWQRSLSLARANSGDQDYKYDSTSDDSNFLNPPRGWDHTAPGHRTFETKDQPEYDSTDGEGD	113	262	431	169
8891	HUMAN18702	B1AKI9	1	99	MVRLAAELLLLLGLLLLTLHITVLRGSGAADGPDAAAGNASQAQLQNNLNVGSDTTSETSFSLSKEAPREHLDHQAAHQPFPRPRFRQETGHPSLQRDF	98	103	253	150
8892	HUMAN18703	Q9H6P5	1	38	MTMEKGMSSGEGLPSRSSQVSAGKITAKELETKQSYKE	37	32	113	81
8896	HUMAN18705	Q9H501	783	825	TKAMEKILEEKARQRERKEQELTQAIKKKESEIEKESQRKSID	42	2867	3078	211
8897	HUMAN18706	Q5TEU4	1	42	MLRPAGLWRLCRRPWAARVPAENLGRREVTSGVSPRGSTSPR	41	139	296	157
8898	HUMAN18707	Q5TEA6	1	37	MKPLSLLIEILIILGVTIKTIKAEEHNKRQKERNVTT	36	7	116	109
8899	HUMAN18711	Q9NZU0	363	406	TIQITTAIPNTVYPAQGQWPAPVTKQPDIKNPKLTKDHQTTGSP	43	408	453	45
8900	HUMAN18711	Q9NZU0	487	584	LYLFDETPVCIETETAPLRMYNPTTTLNREQEKEPYKNPNLPLAAIIGGAVALVTIALLALVCWYVHRNGSLFSRNCAYSKGRRRKDDYAEAGTKKDN	97	534	632	98
8902	HUMAN18712	Q96L93	565	628	KSGLLSSFSLSMTDLSKSRENLSAVMLYNPGLEFERQQREELEKLESKRKLIEEMEEKQKSDKA	63	791	913	122
8903	HUMAN18716	P08579	97	145	TFADKEKKKEKKKAKTVEQTATTTNKKPGQGTPNSANTQGNSTPNPQVP	48	177	371	194
8905	HUMAN18719	Q12934	1	40	MYRRSYVFQTRKEQYEHADEASRAAEPERPADEGWAGATS	39	1	80	79
8906	HUMAN18719	Q12934	318	427	NRLTSAFIETPIPLFTQSHGVSLSTGSGGKDLTRALQDITAAKPRQKALPKNVPRRKEIITKDKTNGALEDAPLKGLEDTKLVQVVLKEESESKFESESKEVSPLTQEGA	109	401	527	126
8908	HUMAN18719	Q12934	634	665	ESIQTYEETAVIVETMIGKTKSDKKKSGEKSS	31	1051	1084	33
8909	HUMAN18721	Q9P2E9	1244	1410	AQKQSDELALVRQQLSEMKSHVEDGDIAGAPASSPEAPPAEQDPVQLKTQLEWTEAILEDEQTQRQKLTAEFEEAQTSACRLQEELEKLRTAGPLESSETEEASQLKERLEKEKKLTSDLGRAATRLQELLKTTQEQLAREKDTVKKLQEQLEKAEDGSSSKEGTSV	166	3852	4096	244
8911	HUMAN18721	Q9P2E9	870	996	QASHRESEEALQKRLDEVSRELCHTQSSHASLRADAEKAQEQQQQMAELHSKLQSSEAEVRSKCEELSGLHGQLQEARAENSQLTERIRSIEALLEAGQARDAQDVQASQAEADQQQTRLKELESQV	126	2805	3046	241
8912	HUMAN18725	Q9BRP0	1	111	MPKVFLVKRRSLGVSVRSWDELPDEKRADTYIPVGLGRLLHDPPEDCRSDGGSSSGSGSSSAGEPGGAESSSSPHAPESETPEPGDAEGPDGHLATKQRPVARSKIKFTTG	110	0	168	168
8913	HUMAN18725	Q9BRP0	240	275	SSFLKKTSKKLAALLQGKLTSAHQENTSLSEEEERK	35	300	336	36
8914	HUMAN18726	Q9BQP7	64	93	GVAQTPGSVEEDALLCGPVSKHKLPNQGED	29	91	122	31
8915	HUMAN18728	Q6UWS5	1	81	MSRSSKVVLGLSVLLTAATVAGVHVKQQWDQQRLRDGVIRDIERQIRKKENIRLLGEQIILTEQLEAEREKMLLAKGSQKS	80	1	83	82
8916	HUMAN18729	Q9H8E8	1	64	MDSSIHLSSLISRHDDEATRTSTSEGLEEGEVEGETLLIVESEDQASVDLSHDQSGDSLNSDEG	63	19	107	88
8918	HUMAN18734	Q9NVP4	110	194	VSPEDNVENVLKDSSRQEFKNGFVGSKLKKKYKNSENQRSWNVNLRKFPESPLEIPAYGGGSGSRPPTRQSQSPGFAHVSGQKCL	84	235	396	161
8919	HUMAN18734	Q9NVP4	553	600	SSAAEGDGGLCGSRSSWVSDYSQSTSDTIEKIKRIKNFKTKTFQEKKE	47	922	992	70
8920	HUMAN18741	Q8TEA8	149	209	APGTATSDPKQLSKLEKQQQRKEKTRAKGPSESSKERNTPRKEDRSASSGAEGDVSSEREP	60	660	773	113
8921	HUMAN18743	Q9HC58	1	91	MRPSGDEDRARRRRRRRRRRDLLLSQLCFLASVALLLWSLSSLREQKELDLMDLVGEDRKWMMARKLMQVNDTLTSEDAGLRNSKNCTEPA	90	42	248	206
8923	HUMAN18746	Q9BZJ0	152	183	TGVQRSTAADMAASTAAGKQRIPKVAKVKNKA	31	207	361	154
8924	HUMAN18746	Q9BZJ0	83	118	SRTPHSTRCRKEDAQPGHHGNGAASVTAQARGQRSV	35	105	142	37
8925	HUMAN18747	Q8NHU2	277	347	PQDLSVRRSQDAELRSSSQGSQKIVEELQEPVSPDTMENIQGNIAREAASEEALTAVQSGNVSEPEDIEKL	70	549	774	225
8926	HUMAN18751	Q2PPJ7	1486	1523	APNGRNPSFLISSWHRDTFGPQKDSSQVEEGDDVLDKL	37	2712	2815	103
8927	HUMAN18751	Q2PPJ7	318	376	TATQNTKNGVDVLPKIIQTVGGGAVQERAPELDGGGPTEQDKSHSNSSTLSDRRLSNSS	58	606	682	76
8928	HUMAN18751	Q2PPJ7	444	501	EPDRKDVAQEDAEKLGFSETDSKEASSESSGHKRSSSWGRTYSFTSAMSRGCVTEEEN	57	755	846	91
8934	HUMAN18755	Q9H2Z4	289	342	NGASTPTPGQAGPQPPAPTPAPELEELSPSPPALHGPGGGLAALDAAAGEYSGG	53	487	587	100
8935	HUMAN18756	O95096	1	135	MSLTNTKTGFSVKDILDLPDTNDEEGSVAEGPEEENEGPEPAKRAGPLGQGALDAVQSLPLKNPFYDSSDNPYTRWLASTEGLQYSLHGLAAGAPPQDSSSKSPEPSADESPDNDKETPGGGGDAGKKRKRRVLF	134	4	196	192
8936	HUMAN18760	P31391	1	43	MSAPSTLPPGGEEGLGTAWPSAANASSAPAEAEEAVAGPGDAR	42	0	79	79
8937	HUMAN18760	P31391	334	388	EGAGGAEEEPLDYYATALKSKGGAGCMCPPLPCQQEALQPEPGRKRIPLTRTTTF	54	405	483	78
8938	HUMAN18762	Q9NPY3	463	623	NGVSCTMGPVSLGPPSGPPDEEDKGEKEGSTVPRAATASPTRGPEGTPKATPTTSRPSLSSDAPITSAPLKMLAPSGSPGVWREPSIHHATAASGPQEPAGGDSSVATQNNDGTDGQKLLLFYILGTVVAILLLLALALGLLVYRKRRAKREEKKEKKPQN	160	592	798	206
8940	HUMAN18770	Q9H4G1	1	39	MLGLPWKGGLSWALLLLLLGSQILLIYAWHFHEQRDCDE	38	8	49	41
8941	HUMAN18771	Q5W186	118	159	SLELNNVRQGISFPQVHSCGCCMGCGVGTGAADKAIPRDKGK	41	137	199	62
8942	HUMAN18771	Q5W186	1	40	MSSPQRRKAMPWALSLLLMGFQLLVTYAWCSEEEMGGNNK	39	8	52	44
8943	HUMAN18772	P01034	1	33	MAGPLRAPLLLLAILAVALAVSPAAGSSPGKPP	32	12	59	47
8944	HUMAN18778	Q9H7V2	1	175	MDGIIEQKSMLVHSKISDAGKRNGLINTRNLMAESRDGLVSVYPAPQYQSHRVGASTVPASLDSSRSEPMQQLLDPNTLQQSVESRYRPNIILYSEGVLRSWGDGVAADCCETTFIEDRSPTKDSLEYPDGKFIDLSADDIKIHTLSYDVEEEEEFQELESDYSSDTESEDNFLM	174	18	238	220
8945	HUMAN18779	O76096	1	33	MRAAGTLLAFCCLVLSTTGGPSPDTCSQDLNSR	32	30	86	56
8946	HUMAN18780	Q9HDC9	1	60	MSEADGLRQRRPLRPQVVTDDDGQAPEAKDGSSFSGRVFRVTFLMLAVSLTVPLLGAMML	59	79	164	85
8947	HUMAN18781	Q9NUB1	1	52	MAARTLGRGVGRLLGSLRGLSGQPARPPCGVSAPRRAASGPSGSAPAVAAAA	51	92	229	137
8949	HUMAN18790	Q8N2K0	1	79	MRKRTEPVALEHERCAAAGSSSSGSAAAALDADCRLKQNLRLTGPAAAEPRCAADAGMKRALGRRKGVWLRLRKILFCV	78	102	211	109
8950	HUMAN18794	Q9Y2I6	273	305	SSTRVKPSKAWSHYQVPEESGCHTTTTSSLVSL	32	396	443	47
8952	HUMAN18794	Q9Y2I6	79	195	GVRPSDEDSSSLESAASSAIPPKYVNGSKWYGRRSRPELCDAATEARRVPEQQTQASLKSHLWRSASLESVESPKSDEEAESTKEAQNELFEAQGQLQTWDSEDFGSPQKSCSPSFD	116	109	311	202
8953	HUMAN18797	Q5T319	1	152	MQEMVRELWMWNVEEEEHEVGICTWGGQHCGCPAKSLPGPHPGGVSAPQSASQLMVKLLVWQKSVHKLRKVSATSSIAVYPCPGQSSGGAESPAPGPGLAGWSHLCGAALAEVQAAPVSQAAVSDASLGPEWSQEGCRPGLTSGQHGGRDGR	151	0	160	160
8954	HUMAN18800	Q96PH6	91	123	TDYFEVSSKKDMVEESEAGRGTETSLPNVHHSS	32	102	135	33
8955	HUMAN18807	O75628	1	76	MTLNTEQEAKTPLHRRASTPLPLSPRGHQPGRLSTVPSTQSQHPRLGQSASLNPPTQKPSPAPDDWSSESSDSEGS	75	109	229	120
8956	HUMAN18807	O75628	249	294	DSAAKEPPAPRRPASLAQRARRFLARLTARSARRRALKARSKSCHN	45	414	468	54
8957	HUMAN18808	Q8TCT9	1	39	MDSALSDPHNGSAEAGGPTNSTTRPPSTPEGIALAYGSL	38	38	244	206
8958	HUMAN18811	P41134	112	155	ESEVGTPGGRGLPVRAPLSTLNGEISALTAEAACVPADDRILCR	43	119	180	61
8959	HUMAN18811	P41134	1	60	MKVASGSTATAAAGPSCALKAGKTASGAGEVVRCLSEQSVAISRCAGGAGARLPALLDEQ	59	7	68	61
8960	HUMAN18812	Q96KJ9	1	45	MLPRAAWSLVLRKGGGGRRGMHSSEGTTRGGGKMSPYTNCYAQRY	44	30	133	103
8961	HUMAN18813	Q07817	28	79	SDVEENRTEAPEGTESEMETPSAINGNPSWHLADSPAVNGATGHSSSLDARE	51	42	120	78
8963	HUMAN18819	Q3SXZ7	1	40	MVPSREALLGPGTTAIRCPKKLQNQNYKGHGLSKGKEREQ	39	2	149	147
8964	HUMAN18825	Q5GH72	117	172	SEPAGSPGPAVSTKDSVAGGAAISTKDSAGAFRTKEGSPEPGPQPAPSSASAYRRR	55	240	364	124
8965	HUMAN18825	Q5GH72	1	48	MAAKSDGAAASASPDPEGAAGGARGSAGGRGEAAAAAGPPGVVGAGGP	47	64	172	108
8966	HUMAN18825	Q5GH72	446	497	LGPQAPGCIFRKASEPCGPPADAITSPPRSLPRTTGAERDGASAGERAGTPT	51	683	771	88
8967	HUMAN18826	Q9NUG4	160	295	DPVPAGVDASPGGAGRDPGPPGGAPEKRRVGTAERRHTICSLDWRMGWGGGAAEARAGGGGGGSLERQRAGARASGSWERRQTFSGSWERRHGGGGGGGGAGKPGGSWERRQAGSGGGGSWERRHPGPNPLDPQDP	135	163	337	174
8968	HUMAN18826	Q9NUG4	1	37	MEYEVKKGKKGFVSPIRRLVFPKAGRRAACRSSVSRR	36	0	37	37
8969	HUMAN18833	Q9UPG8	1	86	MTTFFTSVPPWIQDAKQEEEVGWKLVPRPRGREAESQVKCQCEISGTPFSNGEKLRPHSLPQPEQRPYSCPQLHCGKAFASKYKLY	85	139	255	116
8970	HUMAN18835	O15066	372	430	RSIGRRKRREKRREGGGSGGGGEEEEEEGEEGEEEGDDKDDYWREQQEKLEIEKRAIVE	58	681	815	134
8971	HUMAN18835	O15066	669	747	SRTTRDYEGPAIAPKVQAALDAALQDEDEIQVDASSFESTANKKSKARPKSGRKSGSSSSSSGTPASQLYPQSRGLVPK	78	1197	1378	181
8975	HUMAN18844	Q9UBC3	347	414	GLKPNNTQPVVNKSKVRRAGSRKLESRKYENKTRRRTADDSATSDYCPAPKRLKTNCYNNGKDRGDED	67	808	907	99
8976	HUMAN18845	Q15691	131	194	QGQETAVAPSLVAPALNKPKKPLTSSSAAPQRPISTQRTAAAPKAGPGVVRKNPGVGNGDDEAA	63	190	387	197
8977	HUMAN18847	Q8TC36	1	130	MPRSSRSPGDPGALLEDVAHNPRPRRIAQRGRNTSRMAEDTSPNMNDNILLPVRNNDQALGLTQCMLGCVSWFTCFACSLRTQAQQVLFNTCRCKLLCQKLMEKTGILLLCAFGFWMFSIHLPSKMKVWQ	129	0	183	183
8978	HUMAN18858	Q96SZ6	1	53	MHPLQCVLQVQRSLGWGPLASVSWLSLRMCRAHSSLSSTMCPSPERQEDGARK	52	119	367	248
8979	HUMAN18862	Q96P71	160	288	LEGASDTLEAQAHGWRSDAESVEAQSRLCGSRRAGRRALRSVSRSSTWSPGSSDTGRSSEAEMQWRLQVNRLQELIDQLECKVRAVGPGPHKGGPSWYPPEPGPCWRPGPHSVPSQAPRLEPLREEDLA	128	341	503	162
8980	HUMAN18862	Q96P71	1	35	MACAGLLTVCLLRPPAPQPQPQTPRHPQLAPDPGP	34	94	205	111
8981	HUMAN18864	Q9BQM9	52	153	DKRQPLANAGQRIDYASGAGLGSPAAPRLRGAGEGSEREPRMPVLLLLRRQEARRPEEGGARAALSWPRLLSRFRSPGKAPREAGPAEEQPRKRCRCPRPQL	101	78	237	159
8982	HUMAN18866	Q01094	1	125	MALAGAPAGGPCAPALEALLGAGALRLLDSSQIVIISAAQDASAPPAPTGPAAPAAGPCDPDLLLFATPQAPRPTPSAPRPALGRPPVKRRLDLETDHQYLAESSGPARGRGRHPGKGVKSPGEK	124	64	242	178
8983	HUMAN18866	Q01094	303	383	VGGISPGKTPSQEVTSEEENRATDSATIVSPPPSSPPSSLTTDPSQSLLSLEQEPLLSRMGSLRAPVDEDRLSPLVAADSL	80	514	629	115
8984	HUMAN18869	Q9H444	172	212	EQEELDKNLLEISGPETVPLPNVPSIALPSKPAKKKEEEDD	40	471	623	152
8987	HUMAN18872	P42127	1	99	MDVTRLLLATLLVFLCFFTANSHLPPEEKLRDDRSLRSNSSVNLLDVPSVSIVALNKKSKQIGRKAAEKKRSSKKEASMKKVVRPRTPLSAPCVATRNS	98	37	189	152
8990	HUMAN18881	Q14686	1	41	MVLDDLPNLEDIYTSLCSSTMEDSEMDFDSGLEDDDTKSDS	40	10	78	68
8991	HUMAN18882	Q8IXH6	1	32	MFQRLSSLFFSTPSPPEDPDCPRAFVSEEDEV	31	0	36	36
8993	HUMAN18883	Q9UJ14	1	102	MAAENEASQESALGAYSPVDYMSITSFPRLPEDEPAPAAPLRGRKDEDAFLGDPDTDPDSFLKSARLQRLPSSSSEMGSQDGSPLRETRKDPFSAAAAECSC	101	19	164	145
8994	HUMAN18892	Q8TEL6	1	33	MAAAPVAAGSGAGRGRRSAATVAAWGGWGGRPR	32	73	146	73
8995	HUMAN18892	Q8TEL6	343	373	NEESEHNQASIVFPPPGASEENGLPHTSART	30	748	813	65
8996	HUMAN18893	Q9BV94	1	30	MPFRLLIPLGLLCALLPQHHGAPGPDGSAP	29	223	326	103
8998	HUMAN18896	A0A0U1RRL7	1	52	MGAQLSGGRGAPEPAQTQPQPQPQPAAPEGPEQPRHPPQPQPQPQPQPQPEP	51	0	52	52
8999	HUMAN18897	Q9Y5R2	1	75	MPRSRGGRAAPGPPPPPPPPGQAPRWSRWRVPGRLLLLLLPALCCLPGAARAAAAAAGAGNRAAVAVAVARADEA	74	14	137	123
9000	HUMAN18897	Q9Y5R2	331	374	EPLEPTRPLPTLPVRRIHSPSERKHERQPRPPRPPLGDRPSTPG	43	578	628	50
9002	HUMAN18904	Q9NVA1	1	87	MALLVRVLRNQTSISQWVPVCSRLIPVSPTQGQGDRALSRTSQWPQMSQSRACGGSEQIPGIDIQLNRKYHTTRKLSTTKDSPQPVE	86	1	180	179
9003	HUMAN18908	P43026	26	165	LGAPDLGQRPQGTRPGLAKAEAKERPPLARNVFRPGGHSYGGGATNANARAKGGTGQTGGLTQPKKDEPKKLPPRPGGPEPKPGHPPQTRQATARTVTPKGQLPGGKAPPKAGSVPSSFLLKKAREPGPPREPKEPFRPP	139	29	251	222
9004	HUMAN18908	P43026	360	397	ARSGQDDKTVYEYLFSQRRKRRAPLATRQGKRPSKNLK	37	463	514	51
9009	HUMAN18915	Q9NPE6	1	206	MRRSSRPGSASSSRKHTPNFFSENSSMSITSEDSKGLRSAEPGPGEPEGRRARGPSCGEPALSAGVPGGTTWAGSSQQKPAPRSHNWQTACGAATVRGGASEPTGSPVVSEEPLDLLPTLDLRQEMPPPRVFKSFLSLLFQGLSVLLSLAGDVLVSMYREVCSIRFLFTAVSLLSLFLSAFWLGLLYLVSPLENEPKEMLTLSEYH	205	3	230	227
9010	HUMAN18919	Q9NTZ6	392	426	KQNMGPSGQTHPPPQTLPRSKSPSGQKRSRSRSPH	34	639	674	35
9011	HUMAN18919	Q9NTZ6	92	222	TANLDIPPANASRSGPPPSSGMSSRVNLPTTVSNFNNPSPSVVTATTSVHESNKNIQTFSTASVGTAPPNMGASFGSPTFSSTVPSTASPMNTVPPPPIPPIPAMPSLPPMPSIPPIPVPPPVPTLPPVPP	130	113	280	167
9014	HUMAN18925	Q14498	384	419	SLAFGAVAEFSFVIDLQTRLSQQTEASALAAAASVQ	35	1816	1977	161
9016	HUMAN18935	P57086	1	101	MAATEPILAATGSPAAVPPEKLEGAGSSSAPERNCVGSSLPEASPPAPEPSSPNAAVPEAIPTPRAAASAALELPLGPAPVSVAPQAEAEARSTPGPAGSR	100	64	176	112
9017	HUMAN18938	Q96M20	354	398	KAWGLQGTSFSRKIRTSGDTLPKMLGPKIQSRPAQSIKCAMINIK	44	645	725	80
9018	HUMAN18940	Q9H4G0	1	92	MTTETGPDSEVKKAQEEAPQQPEAAAAVTTPVTPAGHGHPEANSNEKHPSQQDTRPAEQSLDMEEKDYSEADGLSERTTPSKAQKSPQKIAK	91	17	132	115
9021	HUMAN18944	Q9Y2H0	915	978	TPEKRKEEKKPPPPVPKKPAKSKPAVSRDKASDASDKQRQEARKRLLAAKRAASVRQNSATESA	63	1444	1536	92
9022	HUMAN18947	Q9GZN2	84	237	DGKDPNQFTISRRGGKASDVALPRGSSPSVLAVSVPAPTNVLSLSVCSMPLHSGQGEKPAAPFPRGELESPKPLVTPGSTLTLLTRAEAGSPTGGLFNTPPPTPPEQDKEDFSSFQLLVEVALQRAAEMELQKQQDPSLPLLHTPIPLVSENPQ	153	108	300	192
9023	HUMAN18954	Q9H6Q3	1	32	MGSLPSRRKSLPSPSLSSSVQGQGPVTMEAER	31	11	53	42
9024	HUMAN18957	Q9H410	1	109	MTSVTRSEIIDEKGPVMSKTHDHQLESSLSPVEVFAKTSASLEMNQGVSEERIHLGSSPKKGGNCDLSHQERLQSKSLHLSPQEQSASYQDRRQSWRRASMKETNRRKS	108	146	316	170
9025	HUMAN18959	A0PJX2	1	48	MRGLRWRYTRLPSQVEDTLSGEEGNEEEEEEEAAPDPAAAPEDPTVPQ	47	48	219	171
9026	HUMAN18961	Q9Y3Z3	1	37	MQRADSEQPSKRPRCDDSPRTPSNTPSAEADWSPGLE	36	103	157	54
9028	HUMAN18962	P28749	332	380	TPRKFTRDTPLGKLTAQANVEYNLQQHFEKKRSFAPSTPLTGRRYLREK	48	966	1146	180
9029	HUMAN18962	P28749	616	691	PLMHPRVKEVRTDSGSLRRDMQPLSPISVHERYSSPTAGSAKRRLFGEDPPKEMLMDKIITEGTKLKIAPSSSITA	75	1671	1886	215
9030	HUMAN18962	P28749	741	784	TNQESKVKSPVSLTAHSLIGASPKQTNLTKAQEVHSTGINRPKR	43	2016	2100	84
9031	HUMAN18962	P28749	890	926	EVVAYNKNINDDFEMIDCDLEDATKTPDCSSGPVKEE	36	2253	2451	198
9032	HUMAN18968	Q9NQG1	45	85	PKSHEAEAEPSEPRSAEVTRKPKAAVPSVNKRPKKETKKKR	40	59	108	49
9033	HUMAN18970	P12931	1	83	MGSNKSKPKDASQRRRSLEPAENVHGAGGGAFPASQTPSKPASADGHRGPSAAFAPAAAEPKLFGGFNSSDTVTSPQRAGPLA	82	91	220	129
9034	HUMAN18974	Q96N03	168	204	NSVLHLPEAPPAAPAPPPPKPGKELRKRSVDQEACSL	36	237	313	76
9036	HUMAN18977	Q9NQG5	131	172	DSKSPPPKATEEKKSLKRTFQQIQEEEDDDYPGSYSPQDPSA	41	254	456	202
9037	HUMAN18981	Q5JYT7	1055	1200	SSCPEAPAAHSARPERRGVAAKGQGVSVEVTSKGRWDQPPLDSLGMDHLPKSYWPPGPPRGEQNRTFQAGSPPQEAGQAAEAEDGKGSHKLPDPAREHLLATTFFRQQPPRQSQVPRLTGGSFSSEGTDSQTSLEDSPQTSPLASL	145	1372	1544	172
9039	HUMAN18988	Q86X10	1270	1332	ESLTDSLESNISDQDSDSNMDLMPGILKQPSLTLELFPNHTDNLNSSQRLSPSSRMRKLPQGR	62	2470	2609	139
9041	HUMAN18988	Q86X10	463	499	NGINRDSSMTAITTQASMEFRRKGSQMSTDTMVSNPM	36	1066	1155	89
9042	HUMAN18988	Q86X10	705	738	MGGGENNLKSHSRTNSGISSASGGSTEPTTPDSE	33	1460	1568	108
9043	HUMAN18989	Q0VDE8	1	80	MKYPLMPLVNDLTFSFLVFWFCLPVGLLLLLIIWLRFLLSQDSEENDSSVCLDWEPWSKGPAEFCWKGTLHGQEKERPCW	79	0	81	81
9048	HUMAN18998	Q9H5Z1	1	35	MAAPVGPVKFWRPGTEGPGVSISEERQSLAENSGT	34	179	293	114
9051	HUMAN19004	Q9H4I2	664	771	RKKVNAEETKKAEENASQEEEEAAEDEGGEEDLASELRVSGENGSLEMPSSHILAERKVSPIKINLKNLRVTEANGRNEIPGLGACDPEDDESNKLAEQLPGKVSCKK	107	1089	1255	166
9052	HUMAN19007	Q8TD26	1036	1090	AKNEKESLVIDRPRVRKQTKHYNSFEEDELMEFSELDSDSDERPTRSRRLNDKAR	54	1257	1312	55
9053	HUMAN19007	Q8TD26	1165	1195	GQAQTLQNHSGLSAPVPRGRKGKKTKNQLLI	30	1386	1417	31
9054	HUMAN19007	Q8TD26	1316	1385	DEKSLSAEQGVTDGTSDIPERGNTDKEDNAEDKVDGLQKQTESSSDGGDGVFSEKKDDSRAAQDGSDPDK	69	1553	1732	179
9055	HUMAN19007	Q8TD26	1410	1447	RKELCRPEILGPGNQGYWVQEEMFRRTSEMDLINKEAQ	37	1757	1823	66
9058	HUMAN19012	Q9Y468	106	269	PLNMAGVEQPPSPELRQEGVTEYEDGGAPAGDGEAGPQQAEDHPQNPPEDPNQDPPEDDSTCQCQACGPHQAAGPDLGSSNDGCPQLFQERSVIVENSSGSTSASELLKPMKKRKRREYQSPSEEESEPEAMEKQEEGKDPEGQPTASTPESEEWSSSQPATGE	163	264	466	202
9059	HUMAN19012	Q9Y468	1	98	MHLVAGDSPGSGPHLPATAFIIPASSATLGLPSSALDVSCFPREPIHVGAPEQVAGCEPVSATVLPQLSAGPASSSTSTVRLLEWTEAAAPPPGGGLR	97	118	257	139
9060	HUMAN19021	Q9BR39	229	277	KLRRAESRTSVGSQRSRVSFLKSDLSSGASDAASTASLGEAAEGADEAA	48	237	291	54
9061	HUMAN19021	Q9BR39	383	416	KAEIAASRTSHAKAKAEAAEQAALAANQESNIAR	33	396	431	35
9063	HUMAN19023	Q96MZ0	1	39	MATPNNLTPTNCSWWPISALESDAAKPAEAPDAPEAASP	38	39	190	151
9064	HUMAN19034	Q13530	354	392	RTSTNSQVDKLTLSGSDSVILGDTTTSGASDEEDGQPRR	38	911	1126	215
9065	HUMAN19035	Q9Y2B9	1	76	MMEVESSYSDFISCDRTGRRNAVPDIQGDSEAVSVRKLAGDMGELALEGAEGQVEGSAPDKEAGNQPQSSDGTTSS	75	8	84	76
9067	HUMAN19049	Q15785	160	189	SLPSENHKEMAKSKSKETTATKNRVPSAGD	29	322	401	79
9069	HUMAN19052	Q96KK3	2	40	LMLLVRGTHYENLRSKVVLPTPLGGRSTETFVSEFPGPD	38	9	136	127
9070	HUMAN19052	Q96KK3	476	526	NSNHQEFEDLLSSIDGVSEASLETSRETSQEGQSADLESQAPSEPPHPQMY	50	719	819	100
9073	HUMAN19060	Q9UBG7	1	47	MDPAGAADPSVPPNPLTHLSLQDRSEMQLQSEADRRSLPGTWTRSSP	46	43	109	66
9074	HUMAN19064	Q9Y2B4	85	181	GENSACNKTKQNNEEFQEIGCSEKELKSKKLESTGDPKKKEYKEWKSQVQSGMRNKEKTSLAAMPRKEKHIEPEVPRTSRDDSLNPGVQGRQPLTEG	96	126	230	104
9075	HUMAN19078	Q8NEX5	2	31	KPWILLLVMFISGVVMLLPVLGSFWNKDPF	29	3	33	30
9076	HUMAN19079	Q9H1F0	1	35	MAPQTLLPVLVLCVLLLQAQGGYRDKKRMQKTQLS	34	0	44	44
9077	HUMAN19080	Q8NEX6	1	36	MVSLMKLWIPMLMTFFCTVLLSVLGEMRKKRYDRKE	35	0	43	43
9078	HUMAN19086	Q9H147	134	183	KVIPRLTHELPGIKRGRQAEEECAHRGSPLPKKRKGRPPGHILSSDRAAA	49	219	355	136
9079	HUMAN19086	Q9H147	1	60	MGATGDAEQPRGPSGAERGGLELGDAGAAGQLVLTNPWNIMIKHRQVQRRGRRSQMTTSF	59	42	128	86
9081	HUMAN19095	Q96MP5	437	478	PPPKLKRARPASMPLKSKKAFGICGESLTSLPAEETKPDAQQ	41	539	600	61
9082	HUMAN19097	Q9BR10	192	227	EGAVEGARWEQAHAHTASGKMPLVRSKRGQPPGSCL	35	208	247	39
9083	HUMAN19097	Q9BR10	1	56	MSYFRTPQTHPGPLPSGQGGAASPGLSLGLCSPVEPVVVASGGTGPLSQKAEQVAP	55	3	62	59
9085	HUMAN19101	Q9H4Z3	669	704	QSGRSHSSGSSSSSSSEAKDRDSGREQGPSREPHPT	35	1376	1527	151
9086	HUMAN19101	Q9H4Z3	82	158	VISDPLGLNATPLPQDSSLVETPPAENKPRKRQLSEEQPSGNGVKKPKIEIPVTPTGQSVPSSPSIPGTPTLKMWGT	76	440	607	167
9087	HUMAN19103	P14780	448	513	EPEPRPPTTTTPQPTAPPTVCPTGPPTVHPSERPTAGPTGPPSAGPTGPPTAGPSTATTVPLSPVD	65	575	709	134
9088	HUMAN19104	Q9H2X9	1	126	MSRRFTVTSLPPAGPARSPDPESRRHSVADPRHLPGEDVKGDGNPKESSPFINSTDTEKGKEYDGKNMALFEEEMDTSPMVSSLLSGLANYTNLPQGSREHEEAENNEGGKKKPVQAPRMGTFMGV	125	45	257	212
9089	HUMAN19104	Q9H2X9	942	1066	MHLTKNEREREIQSITDESRGSIRRKNPANTRLRLNVPEETAGDSEEKPEEEVQLIHDQSAPSCPSSSPSPGEEPEGEGETDPEKVHLTWTKDKSVAEKNKGPSPVSSEGIKDFFSMKPEWENLN	124	1381	1611	230
9092	HUMAN19111	P25942	171	277	DLVVQQAGTNKTDVVCGPQDRLRALVVIPIIFGILFAILLVLVFIKKVAKKPTNKAPHPKQEPQEINFPDDLPGSNTAAPVQETLHGCQPVTQEDGKESRISVQERQ	106	300	485	185
9093	HUMAN19113	Q9UJ99	1	58	MRPRPEGRGLRAGVALSPALLLLLLLPPPPTLLGRLWAAGTPSPSAPGARQDGALGAG	57	0	88	88
9094	HUMAN19113	Q9UJ99	647	737	LRRHHKSHLSSDEDEDMRDNVIKYNDEGGGEQDTEAYDMSALRSLYDFGELKGGDGGGSAGGGAGGGSGGGAGSPPQAHLPSERHSLPQGP	90	707	829	122
9095	HUMAN19119	Q8WWT9	167	223	EVRKDPSQESEENTAAVRRNGLHTVPTEMQFLASTEAKDHPGETEVPLDLPADSRKE	56	724	894	170
9096	HUMAN19119	Q8WWT9	1	31	MAALAAAAKKVWSARRLLVLLFTPLALLPVV	30	140	373	233
9097	HUMAN19124	O00167	182	265	YNPPYVPASSICPSPLSTSTYVLQEASHNVPNQSSESLAGEYNTHNGPSTPAKEGDTDRPHRASDGKLRGRSKRSSDPSPAGDN	83	331	422	91
9098	HUMAN19124	O00167	1	44	MVELVISPSLTVNSDCLDKLKFNRADAAVWTLSDRQGITKSAPL	43	82	145	63
9099	HUMAN19126	Q9Y6Q9	1	36	MSGLGENLDPLASDSRKRKLPCDTPGQGLTCSGEKR	35	30	76	46
9101	HUMAN19127	Q8IWU5	1	40	MGPPSLVLCLLSATVFSLLGGSSAFLSHHRLKGRFQRDRR	39	85	136	51
9102	HUMAN19127	Q8IWU5	557	594	AQPRNLTKRHWPGAPEDQDDKDGGDFSGTGGLPDYSAA	37	958	1033	75
9103	HUMAN19127	Q8IWU5	648	718	VRGHLKKKRPEECDCHKISYHTQHKGRLKHRGSSLHPFRKGLQEKDKVWLLREQKRKKKLRKLLKRLQNND	70	1100	1227	127
9104	HUMAN19127	Q8IWU5	824	860	PRTRNMDLGLKDGGSYEQYRQFQRRKWPEMKRPSSKS	36	1345	1458	113
9105	HUMAN19128	Q8TCU6	1109	1142	EPTSGGSCDASLAEEASSLPLVSEESEMDRSDHG	33	1363	1447	84
9106	HUMAN19128	Q8TCU6	1	44	MEAPSGSEPGGDGAGDCAHPDPRAPGAAAPSSGPGPCAAARESE	43	1	66	65
9107	HUMAN19130	Q9Y6D5	1016	1064	GSGREREGSLKGHTLAGEEFMGLGLGNLVSGGVDKRQMASFQESVGETS	48	2508	2621	113
9108	HUMAN19130	Q9Y6D5	1493	1559	GMEEDSSEKHLDVDLDRQSLSSIDKNPSERGQSQLSNPTDDSWKGRPYANQKLFASLLIKCVVQLEL	66	3310	3490	180
9110	HUMAN19130	Q9Y6D5	585	632	PNHQTSLGQERLTDQEIGDGKGLDMARRCSVTSMESTVSSGTQTTVQD	47	1741	1845	104
9112	HUMAN19132	O95793	358	480	QAQPTKPALKSEEKTPIKKPGDGRKVTFFEPGSGDENGTSNKEDEFRMPYLSHQQLPAGILPMVPEVAQAVGVSQGHHTKDFTRAAPNPAKATVTAMIARELLYGGTSPTAETILKNNISSGH	122	1105	1308	203
9114	HUMAN19137	Q9P2E3	795	887	QSVSPAGPENTAQAEGDEEEEGEEESSLIEIAEEADLIQADRVIEEEEVVRPQRRKKEESGADQELAKMLLAMRLDHCGTGTAAGQEQATGEW	92	2535	2763	228
9116	HUMAN19141	O43286	1	43	MRARRGLLRLPRRSLLAALFFFSLSSSLLYFVYVAPGIVNTYL	42	31	95	64
9117	HUMAN19141	O43286	57	95	VRTIGAQVYEQVLRSAYAKRNSSVNDSDYPLDLNHSETF	38	108	153	45
9118	HUMAN19142	Q9Y2E8	1	63	MGEKMAEEERFPNTTHEGFNVTLHTTLVVTTKLVLPTPGKPILPVQTGEQAQQEEQSSGMTIF	62	137	343	206
9121	HUMAN19152	A5PLL7	1	31	MAGAENWPGQQLELDEDEASCCRWGAQHAGA	30	111	247	136
9124	HUMAN19156	Q96MK2	23	65	ASFAGFSSAQSRRIAKSINRNSVRSRMPAKSSKMYGTLRKGSV	42	134	182	48
9126	HUMAN19157	Q9BYG5	251	368	QRNNVVRNSRTSGSSGQSTDNSLLGYPQQIEPSFEPEDEDSEEDDIIIEDNGVPQQIPKAVPNTESLESLTQIELSFESGQNGFIPSNEVSLAAIASSSNTEFETHAPDQKLLEEDGT	117	350	563	213
9127	HUMAN19161	Q9H2P0	132	163	NASAPSSSLSTFKDKNKNDGLKPKQADSVEQA	31	249	287	38
9128	HUMAN19161	Q9H2P0	690	745	VGKTQNGQDKTNAPSRLNQSPSLAPVKRTYEQMEFPLLKKRKLDDDSDSPSFFEEK	55	874	941	67
9130	HUMAN19164	Q9UIX4	1	60	MTLLPGDNSDYDYSALSCTSDASFHPAFLPQRQAIKGAFYRRAQRLRPQDEPRQGCQPED	59	0	69	69
9131	HUMAN19164	Q9UIX4	484	513	FLIKTKSQLSVSQDSDILFGSASSDTRDNN	29	520	553	33
9134	HUMAN19168	Q9NTW7	1	173	MNASSEGESFAGSVQIPGGTTVLVELTPDIHICGICKQQFNNLDAFVAHKQSGCQLTGTSAAAPSTVQFVSEETVPATQTQTTTRTITSETQTITVSAPEFVFEHGYQTYLPTESNENQTATVISLPAKSRTKKPTTPPAQKRLNCCYPGCQFKTAYGMKDMERHLKIHTGDK	172	70	277	207
9135	HUMAN19168	Q9NTW7	238	296	YASRNSSQLTVHLRSHTASELDDDVPKANCLSTESTDTPKAPVITLPSEAREQMATLGE	58	341	401	60
9136	HUMAN19168	Q9NTW7	531	569	DTKRPSSLAKHVDKVHRDEAKTENRAPLGKEGLREGSSQ	38	639	703	64
9137	HUMAN19171	Q9NRE2	959	990	LSVDQQSKVEQEISRVSSAQRSPETIAAEEDT	31	1047	1080	33
9139	HUMAN19177	Q07973	1	50	MSSPISKSRSLAAFLQQLRSPRQPPRLVTSTAYTSPQPREVPVCPLTAGG	49	175	243	68
9140	HUMAN19180	Q9P104	234	306	HERLLQSVKNSMLQMKMSERAASLSTMVPLPRSAYWQHITRQHSTGQLYRLQDVSSPLKLHRTETFPAYRSEH	72	278	395	117
9141	HUMAN19182	P41968	1	32	MNASCCLPSVQPTLPNGSEHLQAPFFSNQSSS	31	37	80	43
9142	HUMAN19183	Q96KR6	1	83	MAGLLALLGPAGRVGARVRPRATWLLGATAPCAPPPLALALLPPRLDARLLRTARGDCRGHQDPSQATGTTGSSVSCTEEKKQ	82	10	113	103
9145	HUMAN19190	Q5JX71	1	109	MWTLKSSLVLLLCLTCSYAFMFSSLRQKTSEPQGKVQYGEHFRIRQNLPEHTQGWLGSKWLWLLFVVVPFVILQCQRDSEKNKEQSPPGLRGGQLHSPLKKKRNASPNK	108	0	111	111
9146	HUMAN19191	Q5JX69	1	36	MWTLKSSLVLLLCLTCSYAFMFSSLRQKTSEPQGKV	35	1	42	41
9147	HUMAN19191	Q5JX69	59	106	KWLWLLFAVVPFVILQCQRDSEKNKEQSPPGLRGFPFRTPLKKNQNAS	47	68	121	53
9149	HUMAN19193	P18075	294	325	TGSKQRSQNRSKTPKNQEALRMANVAENSSSD	31	431	493	62
9150	HUMAN19204	Q9H171	281	317	GPAHIPPGSPPVSATAAGPEASFEARIPSPGTHPEGE	36	356	402	46
9151	HUMAN19204	Q9H171	331	429	DATIGNSNKMSISPGVAGPGGVAGSGEGEPGEDAGRRPADTQSRSHFPRDIGQPITPSHSKLTPKLETMTLGNRSHKAAEGSHYVDEASHEGSWWGGGI	98	415	552	137
9152	HUMAN19204	Q9H171	72	104	DPEGEGPAELALSSPAERPQQHAATIPETPGPQ	32	116	159	43
9154	HUMAN19210	Q9BZ19	1	88	MTRGRAWGMRRAAAGAGGARAAGPTGGASRLHPNAGRRSGARAGAQGCGGPRVGSADSRALPAQPLACARGRSQRLVCDPKAASALPD	87	24	141	117
9155	HUMAN19212	O95292	128	243	ENDKPHDVEINKIISTTASKTETPIVSKSLSSSLDDTEVKKVMEECKRLQGEVQRLREENKQFKEEDGLRMRKTVQSNSPISALAPTGKEEGLSTRLLALVVLFFIVGVIIGKIAL	115	181	341	160
9156	HUMAN19213	Q8NCL9	1	34	MPAAMLPYACVLVLLGAHTAPAAGEAGGSCLRWE	33	53	146	93
9157	HUMAN19215	O14662	188	223	KNREERSQHFFDTSVPLMDDGDDNTLYHRGFTEDQL	35	478	680	202
9158	HUMAN19215	O14662	1	71	MATRRLTDAFLLLRNNSIQNRQLLAEQVSSHITSSPLHSRSIAAELDELADDRMALVSGISLDPEAAIGVT	70	17	225	208
9159	HUMAN19215	O14662	296	325	QKKNRKMLVILILFVIIIVLIVVLVGVKSR	29	877	1037	160
9160	HUMAN19228	P14138	177	238	LDVSSNSRTAEKTDKEEEGKVEVKDQQSKQALDLHHPKLMPGSGLALAPSTCPRCLFQEGAP	61	271	351	80
9161	HUMAN19228	P14138	17	93	AGFVPCSQSGDAGRRGVSQAPTAARSEGDCEETVAGPGEETVAGPGEGTVAPTALQGPSPGSPGQEQAAEGAPEHHR	76	19	124	105
9163	HUMAN19231	Q9NTX9	196	383	VQCEKAKGGKARPPTAPGTSGALKSPGRSKLIASALSKPLPHQEGASKSGPSRKKAFHHEEIHPSHYAFETSPRPIDVLGGTRFCSQRQTLEMRTEEKKKKSSKSTKLQRWDLSGSGSSSKVETSGHIRVPKQAAVILDSADSCKASKTQAHAHPRKKGKAESCGHATVSSEKKLKTNGVKQNTYKLK	187	369	579	210
9164	HUMAN19231	Q9NTX9	1	184	MNAGPSWNKVQHSKNSSGKRQSKSQVPHASSQPRSSLTAVTQPTEEKLKESISPEARRKRNPLGSRCQGASGNKLFLDFQSMKIIKENADEDSASDLSDSERIPIPPSPLTPPDLNLRAEEIDPVYFDLHPGQGHTKPEYYYPNFLPSPFSSWDLRDMALLLNAENKTEAVPRVGGLLGKYIDR	183	145	358	213
9165	HUMAN19232	O95685	1	98	MSRGPSSAVLPSALGSRKLGPRSLSCLSDLDGGVALEPRACRPPGSPGRAPPPTPAPSGCDPRLRPIILRRARSLPSSPERRQKAAGAPGAACRPGCS	97	4	156	152
9166	HUMAN19233	Q8IXH8	1	47	MAMRSGRHPSLLLLLVLLLWLLQVSIIDSVQQETDDLTKQTKEKIYQ	46	0	83	83
9167	HUMAN19237	O00268	996	1052	LAQMRQRDANLTALAAIGPRKKRKVDCPGPGSGAEGSGPGSVVPGSSGVGTPRQFTR	56	1507	1592	85
9168	HUMAN19239	Q9BX40	351	385	RFLRGRSSRGGFRGGRGNGTTRRNPTSHRAGTGRV	34	870	1111	241
9169	HUMAN19244	O75177	1	33	MSVAFASARPRGKGEVTQQTIQKMLDENHHLIQ	32	5	49	44
9170	HUMAN19245	Q9H4K7	1	64	MAPARCFSARLRTVFQGVGHWALSTWAGLKPSRLLPQRASPRLLSVGRADLAKHQELPGKKLLS	63	93	268	175
9171	HUMAN19246	Q9Y5N1	230	351	RLRLDGAREAAGPEPPPEAQPSPPPPPGCWGCWQKGHGEAMPLHRYGVGEAAVGAEAGEATLGGGGGGGSVASPTSSSGSSSRGTERPRSLKRGSKPSASSASLEKRMKMVSQSFTQRFRLS	121	294	447	153
9172	HUMAN19247	Q9H1P3	1	59	MNGEEEFFDAVTGFDSDNSSGEFSEANQKVTGMIDLDTSKNNRIGKTGERPSQENGIQK	58	140	343	203
9173	HUMAN19247	Q9H1P3	319	350	KQERRGDHLRKAKLDEDSGKADSDVADDVPVA	31	719	794	75
9176	HUMAN19255	Q9BTV7	254	296	THKSDSHGLLPTPRPSVPRTLPGSRHKPAPTKSAPASTELGSD	42	553	605	52
9178	HUMAN19258	Q96BD0	1	79	MPLHQLGDKPLTFPSPNSAMENGLDHTPPSRRASPGTPLSPGSLRSAAHSPLDTSKQPLCQLWAEKHGARGTHEVRYVS	78	148	287	139
9179	HUMAN19258	Q96BD0	693	722	SESSDGLETCLPSQSSAPDSATDSQLQSSV	29	1272	1346	74
9180	HUMAN19259	P30989	1	53	MRLNSSAPGTPGTPAADPFQRAQAGLEEALLAPGFGNASGNASERVLAAPSSE	52	5	75	70
9181	HUMAN19259	P30989	387	418	RRRRKRPAFSRKADSVSSNHTLSSNATRETLY	31	475	512	37
9183	HUMAN19261	Q9NZT2	1	64	MDDPDCDSTWEEDEEDAEDAEDEDCEDGEAAGARDADAGDEDEESEEPRAARPSSFQSRMTGSR	63	0	102	102
9187	HUMAN19264	Q9UL49	471	500	GRRLKLTRPDSLVTCPAQGSLQSSPSMEIK	29	581	612	31
9193	HUMAN19271	Q9BYJ9	1	46	MSATSVDTQRTKGQDNKVQNGSLHQKDTVHDNDFEPYLTGQSNQSN	45	144	242	98
9194	HUMAN19272	Q96CA5	174	224	LGSWDPWEEPEDAAPVAPSVPASGYPELPTPRREVQSESAQEPGGVSPAEA	50	486	642	156
9195	HUMAN19280	Q9P218	119	151	SSLDRSSQRPLGSGAPEPTPSHTGSPDPEQASE	32	501	562	61
9197	HUMAN19284	O43526	1	69	MVQKSRNGGVYPGPSGEKKLKVGFVGLDPGAPDSTRDGALLIAGSEAPKRGSILSKPRAGGAGAGKPPK	68	0	77	77
9200	HUMAN19293	Q9BVV2	1	34	MSTHVAGLGLDKMKLGNPQSFLDQEEADDQQLLE	33	70	108	38
9202	HUMAN19295	Q9UKD1	169	236	KVCSNTCRSTKIDLSGARVSLSSPTSAEYIPLTPAAADVNGSPATITIETCEDPGDWTAAIGDDTFTF	67	228	323	95
9203	HUMAN19295	Q9UKD1	311	423	QYARDLAALEQQCDEHRRRAKELKHKSQHLSNVLMTLTPVSLPPPVKRPRLARATSGPAAMASQVLTQSAQLALGPGVPVPQLTSVPLGKVVSTLPSTVLGKGSLQAPPASSP	112	399	517	118
9204	HUMAN19295	Q9UKD1	43	85	HGGDLTEDNMETENAAAAAAAAFTASSQLKEAVLVKMAEEGEN	42	96	144	48
9205	HUMAN19299	O95407	1	31	MRALEGPGLSLLCLVLALPALLPVPAVRGVA	30	42	80	38
9206	HUMAN19301	Q8N5A5	64	126	AALDEERPGRQEDAEYQAFREAITEAVEAPAAARGSGSETVPKAEAGPESAAGGQEEEEGEDE	62	102	255	153
9209	HUMAN19307	Q86UZ6	488	589	SVGIRHGSRRHGVCTDCAGRGMAGPLDHGGGGGEGSPEALFPGDGPYLEDPEDPRGEAEELGEDDEGLAPEDALLADDKDEEDSPRPRSPPGGPDKDFAWLS	101	625	787	162
9210	HUMAN19310	O43399	1	40	MDSAGQDINLNSPNKGLLSDSMTDVPVDTGVAARTPAVEG	39	74	142	68
9211	HUMAN19311	Q9H3Z4	133	198	CGKCKPKAPEGEETEFYVSPEDLEAQLQSDEREATDTPIVIQPASATETTQLTADSHPSYHTDGFN	65	155	236	81
9213	HUMAN19313	Q96KM6	813	892	RTSADPPPKHRSQDSLVPKKEKKKNLAGGKKRGRKPKERTPEEPVAKLPPRRDDWPPGCRDKGARGSTGRKVGVSKAPEK	79	1370	1496	126
9214	HUMAN19314	Q9BYL1	1	109	MFTELRSKLSPPRGRAGAVRAGFGERRDVDATAHFSFCRTLLEHTVSAESIPCHLPRTPGTSLTWHDSRSQRAASSRPIKLLQQPGTDTPQGRLYSDHYGLYHTSPSLG	108	63	219	156
9216	HUMAN19317	A0A1B0GTL2	52	159	GGAGAEKTRPGSRHFHFIQKNLTRPGSSGRRGRPRASCGAQKEHSILLSISSLGRTLRGAVAGGRRGALERAAWTVAVRTEAVMRRHCRTLRQRSRRPKMRPARRRGG	107	57	174	117
9218	HUMAN19321	P49795	1	76	MPTPHEAEKQITGPEEADRPPSMSSHDTASPAAPSRNPCCLCWCCCCSCSWNQERRRAWQASRESKLQPLPSCEVC	75	111	297	186
9219	HUMAN19322	P41146	339	370	LRRDVQVSDRVRSIAKDVALACKTSETVPRPA	31	463	517	54
9220	HUMAN19323	Q8TD35	1	103	MPPPAKEGGRKGPRERSGKSAPGTAQGEERAKGAPATEPPKPGWALTPQGLAAMLPAQRHRHLLFGDLLEDVGAAASTFPCGSVEPGYRMPDPRPWTQSLELP	102	76	198	122
9221	HUMAN19324	P48146	1	38	MQAAGHPEPLDSRGSFSLPTMGANVSQDNGTGHNATFS	37	19	70	51
9222	HUMAN19333	A0A0B4J2D5	1	40	MAAVRALVASRLAAASAFTSLSPGGRTPSQRAALHLSVPR	39	0	42	42
9223	HUMAN19336	A0A0B4J2E5	228	267	PPAGWKADLLQREEEEEEEEDQEGDRETTIRGKATPAEEE	39	650	745	95
9224	HUMAN19336	A0A0B4J2E5	880	919	RGTKRSLDPLGSEEEAEASEDDSLHLLGGGGRDSEEEMLA	39	1553	1691	138
9226	HUMAN19340	P35520	1	39	MPSETPQAEVGPTGCPHRSGPHSAKGSLEKGSPEDKEAK	38	25	132	107
9228	HUMAN19348	A8MWV9	1	40	MEWAKWTPHEASNQTQASTLLGLLLGDHTEGRNDTNSTRA	39	0	40	40
9229	HUMAN19348	A8MWV9	90	139	SELKMTGLQGKVAKCSTLSISNRAVLQPCQAHLGAKGGSSGPQTATPETP	49	89	139	50
9230	HUMAN19349	A0A087WTH5	26	73	QGGNMSGLARRSPRSGDGKLEALYVLMVLGFFGFFTLGIMLSYIRSKK	47	26	77	51
9231	HUMAN19350	P56180	1	76	MNESPDPTDLAGVIIELGPNDSPQTSEFKGATEEAPAKESPHTSEFKGAARVSPISESVLARLSKFEVEDAENVAS	75	0	214	214
9233	HUMAN19356	P48723	316	354	QDRKEPHSSDTELPKDKLSSADDHRVNSGFGRGLSDKKS	38	459	503	44
9235	HUMAN19360	Q9UHP3	462	535	KPVCTSPVDDIDASSPPSGSIPSQTLPSTTEQQGALSSELPSTSPSSVAAISSRSVIHKPFTQSRIPPDLPMHP	73	552	657	105
9236	HUMAN19360	Q9UHP3	59	96	AKTPQQEETTYYQTALPGNDRYISVGSQADTNVIDLTG	37	92	160	68
9237	HUMAN19361	P78310	264	346	RREEKYEKEVHHDIREDVPPPKSRTSTARSYIGSNHSSLGSMSPSNMEGYSKTQYNQVPSEDFERTPQSPTLPPAKVAAPNLS	82	366	477	111
9238	HUMAN19363	Q9NYK6	105	181	DLDSDSECSKNPQHHLFNFRHKPEEKLLPQFDSQVPKYSAKWIDGSAGGISNCTQRILEQRENTDFGLSMLQDSGAT	76	212	296	84
9239	HUMAN19366	P98073	1	51	MGSKRGISSRHHSLSSYEIMFAALFAILVVLCAGLIAVSCLTIKESQRGAA	50	0	56	56
9240	HUMAN19367	O15394	743	817	KSGSSGKSKELEEGKAAYLKDGSKEPIVEMRTEDERVTNHEDGSPVNEPNETTPLTEPEKLPLKEEDGKEALNPE	74	1092	1177	85
9241	HUMAN19373	Q06546	126	158	PDAHHAESEAHLVEEAQVITLDGTKHITTISDE	32	386	484	98
9242	HUMAN19373	Q06546	275	315	SVQSATPTTIKVINSSAKAAKVQRAPRISGEDRSSPGNRTG	40	630	719	89
9244	HUMAN19375	Q96J86	108	154	SSYPGPPPYGHDHEMEYCADLPPPYSPTPQGPAQRSPPPPYPGNARK	46	140	197	57
9245	HUMAN19377	Q9UHI8	165	250	SERLATAAPGEKPPAPLQFHLLRRNRQGDVGGTCGVVDDEPRPTGKAETEDEDEGTEGEDEGAQWSPQDPALQGVGQPTGTGSIRK	85	214	359	145
9246	HUMAN19377	Q9UHI8	1	56	MQRAVPEGFGRRKLGSDMGNAERAPGSRSFGPVPTLLLLAAALLAVSDALGRPSEE	55	0	68	68
9247	HUMAN19379	Q9UNA0	1	76	MLLGWASLLLCAFRLPLAAVGPAATPAQDKAGQPPTAAAAAQPRRRQGEEVQERAEPPGHPHPLAQRRRSKGLVQN	75	0	138	138
9248	HUMAN19379	Q9UNA0	200	255	FEALPPRASCETPASTPEAHEHAPAHSNPSGRAALASQLLDQSALSPAGGSGPQTW	55	279	361	82
9249	HUMAN19383	Q9Y5T5	144	189	ITTPKPAEKDNGNIELENKKLEKESKNEQEREKKENMAKENPPMNS	45	752	937	185
9252	HUMAN19388	O14867	654	718	EKDKSTPDGELALPSIFSLSDRPPAVLPPCARGNSEPGYARGQESQQMSTATSEQAGPAEQCRQS	64	902	1030	128
9253	HUMAN19391	P56750	190	224	RKKQGYRYPVPGYRVPHTDKRRNTTMLSKTSTSYV	34	189	236	47
9254	HUMAN19392	P56748	191	225	KSSSYRYSIPSHRTTQKSYHTGKKSPSVYSRSQYV	34	248	337	89
9255	HUMAN19393	Q3LI83	1	218	MPAGSMSTTGYPGVCSTTSYRTHCYIPVTSSVTLSSSDLSPTFGHCLPSSYQGNLWLLDYCQESYGEAPTCKSPSCEPKTCSTTGCDPSNSSVPCNSPSAGQVFSVCETTNVSPSPSCSPSTQTNGYVCNCHIPTRNASKACQTLRNGSNCFGQLNCLSKSFQTLNHCRLSTLGYKSYQNPCFIPSYVSPLCYISNSCQPQSYLVRNYHYSSYRPTSC	217	9	231	222
9256	HUMAN19395	Q6PEX3	1	189	MSCPNYCSGNSNSGSLRTSRHIPLTSIDLCPTSVSCGDVLYLPTSSQDHTWVTDNCQETCGEPTSCQPVHCETGNLETSCGSSTAYYVPRPCQGSSFLPASFFSSSCLPVSCRPQRYVSSGCRPLRPLLNSYQPIGDCVPNAYRPQFCLSKSCQPQNLLTSGCQPSSCLAYRPQSLHVVSSSLRPLGPL	188	1	207	206
9257	HUMAN19396	Q3LI81	1	207	MPHSHCHSLRSFHNAPPLSAITHGTNPITFEDRLCLPSSFHSRTCFLDNFQETCNETTSCQMTNCEQDLFTDDSCVQSNCFPGVVQTTYSNSRPCERTACQSESSSAGLACVSQPCQSESTQQMGFVAQSCQPASLKGNSCPPKTSKSKNFETLERASSQCQCQSQNPESSSCRPLVNVAPEPQLLESSPGVEPTCCVTGGSQLPSK	206	13	228	215
9258	HUMAN19398	Q52LG2	1	117	MSYNCCSGNFSSRSCGDYLRYPASSRGFSYPSNLVYSTDLCSPSTCQLGSSLYRGCQEICWEPTSCQTSYVESSPCQTSCYRPRTSLLCSPCKTTYSGSLGFGSSSCRSLGYGSRSC	116	25	208	183
9259	HUMAN19399	Q8IUC0	1	116	MSYNCCSGNFSSRSCGGYLHYPASSCGFSYPSNQVYSTDLCSPSTCQLGSSLYRGCQQTCWEPTSCQTSYVESSPCQTSCYRPRTSLLCSPCQTTYSGSLGFGSSSCRSLGYGSRS	115	20	179	159
9260	HUMAN19400	Q3SY46	1	55	MSYNCCSRNFSSCSHGGYLHYPGSSCGSSYPSNLVYSTDLCSPSTCQLGSSLYRG	54	0	55	55
9261	HUMAN19403	Q8IUB9	1	70	MSHYGSYYGGLGYSCGGFGGLGYGYGCGCGSFCRRGSGCGYGGYGYGSGFGSYGYGSGFGGYGYGSGFGG	69	0	71	71
9262	HUMAN19425	Q8IUC1	1	163	MSFNCSTRNCSSRPIGGRCIVPVAQVTTTSTTDADCLGGICLPSSFQTGSWLLDHCQETCCEPTACQPTCYRRTSCVSNPCQVTCSRQTTCISNPCSTTYSRPLTFVSSGCQPLGGISSVCQPVGGISTVCQPVGGVSTVCQPACGVSRTYQQSCVSSCRRTC	162	0	188	188
9265	HUMAN19427	Q13009	675	711	VRRRTQAMSRSASKRRSRFSSLWGLDTTSKKKQGRPS	36	812	852	40
9266	HUMAN19427	Q13009	931	1033	EEGVELLESPPHRVDGPADLGESPLAFLTSNPGHSLCSEQGSSAETAPEETEGPDLESSDETDHSSKSTEQVAAFCRSLHEMNPSDQSPSPQDSTGPQLATMR	102	1140	1295	155
9269	HUMAN19431	P57058	1	40	MPAAAGDGLLGEPAAPGGGGGAEDAARPAAACEGSFLPAW	39	50	115	65
9271	HUMAN19432	Q9NYP9	1	76	MAGVRSLRCSRGCAGGCECGDKGKCSDSSLLGKRLSEDSSRHQLLQKWASMWSSMSEDASVADMERAQLEEEAAAA	75	17	127	110
9272	HUMAN19433	Q8TCY5	48	172	AFVVLLFLILLYMSWSASPQMRNSPKHHQTCPWSHGLNLHLCIQKCLPCHREPLATSQAQASSVEPGSRTGPDQPLRQESSSTLPLGGFQTHPTLLWELTLNGGPLVRSKPSEPPPGDRTSQLQS	124	76	213	137
9273	HUMAN19435	O60287	2012	2047	KMLKDKNKPVMPARAKGPRGRKRRPGEAEEMADPEL	35	4682	4750	68
9274	HUMAN19436	P58658	355	392	QLGREQLVPGSDKVEEDSEDEEEEEDPSESDFPGELSG	37	463	533	70
9275	HUMAN19437	Q8TDR4	1	215	MLAGQLEARDPKEGTHPEDPCPGAGAVMEKTAVAAEVLTEDCNTGEMPPLQQQIIRLHQELGRQKSLWADVHGKLRSHIDALREQNMELREKLRALQLQRWKARKKSAASPHAGQESHTLALEPAFGKISPLSADEETIPKYAGHKNQSATLLGQRSSSNNSAPPKPMSLKIERISSWKTPPQENRDKNLSRRRQDRRATPTGRPTPCAERRGGV	214	13	228	215
9277	HUMAN19445	Q9Y5B6	498	563	FSSHSNKALMAPNLDSFGRDRALYQEHAKRRIAEREARRTRRRQAREQTGKMADHLEGLSSDDEET	65	1605	1746	141
9278	HUMAN19449	Q13516	179	323	GHHAGFHPSACGGLAHSAPLPAATAHPAAAAHAAHHPAVHHPILPPAAAAAAAAAAAAAVSSASLPGSGLPSVGSIRPPHGLLKSPSAAAAAPLGGGGGGSGASGGFQHWGGMPCPCSMCQVPPPHHHVSAMGAGSLPRLTSDAK	144	266	487	221
9279	HUMAN19450	Q8TAK6	177	271	EGAGPAAPRLLLAGLPLLAAAPGSVLLAPGAVGPPDALRPAKYLSLALDEPPCGQFALPGGGAGGPGLCTCAVCKFPHLVPASLGLAAVQAQFSK	94	203	306	103
9280	HUMAN19450	Q8TAK6	1	118	MYYAVSQARVNAVPGTMLRPQRPGDLQLGASLYELVGYRQPPSSSSSSTSSTSSTSSSSTTAPLLPKAAREKPEAPAEPPGPGPGSGAHPGGSARPDAKEEQQQQLRRKINSRERKRM	117	11	145	134
9281	HUMAN19458	P17181	509	557	STIATVEETNQTDEDHKKYSSQTSQDSGNYSNEDESESKTSEELQQDFV	48	700	755	55
9284	HUMAN19469	Q9NYP3	332	394	ESGHKKETASGTSLGYGEEQAISDEDEEESFSWLEEMGVQDKIKKPDILSIKLRKEKHEVQMD	62	641	774	133
9286	HUMAN19478	Q15811	312	386	RSGSGISVISSTSVDQRLPEEPVLEDEQQQLEKKLPVTFEDKKRENFERGNLELEKRRQALLEQQRKEQERLAQL	74	630	722	92
9287	HUMAN19478	Q15811	660	737	WLEHVQQEDEHQRPRKLHEEEKLKREESVKKKDGEEKGKQEAQDKLGRLFHQHQEPAKPAVQAPWSTAEKGPLTISAQ	77	1129	1316	187
9288	HUMAN19478	Q15811	808	910	EVPAPVKPVTDSTSAPAPKLALRETPAPLAVTSSEPSTTPNNWADFSSTWPTSTNEKPETDNWDAWAAQPSLTVPSAGQLRQRSAFTPATATGSSPSPVLGQG	102	1395	1557	162
9289	HUMAN19485	Q9Y6J6	30	80	TTAEQEALQAKVDAENFYYVILYLMVMIGMFSFIIVAILVSTVKSKRREHS	50	55	106	51
9290	HUMAN19490	P15382	23	72	QGGNMSGLARRSPRSSDGKLEALYVLMVLGFFGFFTLGIMLSYIRSKKLE	49	88	140	52
9293	HUMAN19504	Q9Y3R5	1849	1892	QTSWLSRNLEVKAQPQASLEESDAEEDLYDAAAASAMVSSSAPS	43	3039	3093	54
9296	HUMAN19505	Q14149	846	888	QIRSQCEELKTEVEQLKSTNQQTATDVSTSSNIEESVNHMDGE	42	1303	1392	89
9298	HUMAN19508	O95500	188	232	EAPYRPYQAPPRATTTTANTAPAYQPPAAYKDNRAPSVTSATHSG	44	193	254	61
9299	HUMAN19511	P50747	25	157	TLKEVKDQVSNKQAQILEPKPEPSLEIKPEQDGMEHVGRDDPKALGEEPKQRRGSASGSEPAGDSDRGGGPVEHYHLHLSSCHECLELENSTIESVKFASAENIPDLPYDYSSSLESVADETSPEREGRRVNL	132	302	532	230
9300	HUMAN19513	P57055	115	190	ESTESASEAEEPEEGPPPLHLLPQEVGGRQENGPGGKGRDQGINQGQRSSGGGDHWGEGPLPQGVSSRGGKCSSSK	75	130	206	76
9301	HUMAN19513	P57055	1	35	MEPEAAAGARKARGRGCHCPGDAPWRPPPPRGPES	34	0	41	41
9302	HUMAN19514	P57054	1	31	MVPRSTSLTLIVFLFHRLSKAPGKMVENSPS	30	10	85	75
9303	HUMAN19515	P53804	1179	1298	KKKRKKKNIKTKVEEISKAGEYVRVKLQLNPAAREFKPDVKSKPVSDSSSAPAFENVKPKPVSANSPKPACEDVKAKPVSDNSSRQVSEDGQPKGVSSNSPKPGSEDANYKRVSCNSPKP	119	1334	1474	140
9304	HUMAN19515	P53804	1335	1458	YINVLPGLPQYTSIYTPLASLSPEYQLPRSVPVVPSFVANDRADKNAAAYFEGHHLNAENVAGHQIASETQILEGSLGISVKSHCSTGDAHTVLSESNRNDEHCGNSNNKCEVIPESTSAVTNI	123	1545	1709	164
9305	HUMAN19515	P53804	1727	1839	VQISELSFPACNTVHPELLPESSGDDGQGLVTSASDVTGNHAALHRDPSVFSAGDSPGEAPSALLPGPPPGQPEATQLTGPKRAGQAALSERSPVADRKQPVPPGRAARSSQS	112	2063	2214	151
9306	HUMAN19515	P53804	1899	1951	KKKKPNPGKDKRTYEPSSATPVTRSSQGSPSVVVAPSPKTKGQKAEDVPVRIA	52	2275	2367	92
9307	HUMAN19515	P53804	376	480	SLSAPIFTTSLNFVEKERDFRKINHEMANGGNQNLKVADEALKVDDCDCHPEFSPPSSQPPKHKGKQKSRNNESEKFSSSSPLTLPADLKNILEKQFSKSSRAAH	104	457	579	122
9308	HUMAN19515	P53804	745	808	EKVPPRPILKQKCSSLEKLRLKEDKKLKRKIQKKEAKKLAQERMEEDLRESNPPKNEEQKETVD	63	853	923	70
9309	HUMAN19517	Q13627	1	89	MHTGGETSACKPSSVRLAPSFSFHAAGLQMAGQMPHSHQYSDRRQPNISDQQVSALSYSDQIQQPLTNQVMPDIVMLQRRMPQTFRDPA	88	54	164	110
9311	HUMAN19518	P48051	1	51	MAKLTESMTNVLEGDSMDQDVESPVAIHQPKLPKQARDDLPRHISRDRTKR	50	29	183	154
9312	HUMAN19518	P48051	377	423	AELPLSWSVSSKLNQHAELETEEEEKNLEEQTERNGDVANLENESKV	46	684	773	89
9313	HUMAN19521	Q96T75	1	97	MKEPGPNFVTVRKGLHSFKMAFVKHLLLFLSPRLECSGSITDHCSLHLPVQEILMSQPPEQLGLQTNLGNQESSGMMKLFMPRPKVLAQYESIQFMP	96	0	97	97
9314	HUMAN19522	Q99712	346	375	SEKQQLEEKYRQEDQRERELRTLLLQQSNV	29	575	626	51
9315	HUMAN19523	P11308	1	130	MIQTVPDPAAHIKEALSVVSEDQSLFECAYGTPHLAKTEMTASSSSDYGQTSKMSPRVPQQDWLSQPPARVTIKMECNPSQVNGSRNSPDECSVAKGGKMVGSPDTVGMNYGSYMEEKHMPPPNMTTNER	129	7	241	234
9316	HUMAN19523	P11308	243	299	VYPEATQRITTRPDLPYEPPRRSAWTGHGHPTPQSKAAQPSPSTVPKTEDQRPQLDP	56	386	476	90
9317	HUMAN19524	P15036	1	67	MNDFGIKNMDQVAPVANSYRGTLKRQPAFDTFDGSLFAVFPSLNEEQTLQEVPTGLDSISHDSANCE	66	182	256	74
9318	HUMAN19524	P15036	302	348	LLDVQRVPSFESFEDDCSQSLCLNKPTMSFKDYIQERSDPVEQGKPV	46	530	580	50
9319	HUMAN19525	O95456	1	59	MAATFFGEVVKAPCRAGTEDEEEEEEGRRETPEDREVRLQLARKREVRLLRRQTKTSLE	58	44	121	77
9320	HUMAN19527	Q9NSI6	1277	1313	ENDEQNAEDLDDSDLPKTSSGRRRVHDGKKSIRATNY	36	2071	2149	78
9323	HUMAN19530	O00258	1	39	MSSAAADHWAWLLVLSFVFGCNVLRILLPSFSSFMSRVL	38	106	162	56
9325	HUMAN19539	Q9NSI5	310	407	KRGFRIQFQKKSEKEKTNKETETESGNENSGYNSDEQKTTDTASLPPKSCESSDPEQRNSSCGPPHQRADQRPPRPASHPQASFNLASPEKVSNTTVV	97	360	500	140
9326	HUMAN19540	P48539	1	31	MSERQGAGATNGKDKTSGENDGQKKVQEEFD	30	0	37	37
9327	HUMAN19542	O60469	1569	1602	DGSTIPPLIKSVVQNEEGLTTNEGLKMLVTISCI	33	2078	2114	36
9329	HUMAN19546	P20592	1	88	MSKAHKPWPYRRRSQFSSRKYLKKEMNSFQQQPPPFGTVPPQMMFPPNWQGAEKDAAFLAKDFNFLTLNNQPPPGNRSQPRAMGPENN	87	0	117	117
9330	HUMAN19547	P20591	1	40	MVVSEVDIAKADPAAASHPLLLNGDATVAQKNPGSVAENN	39	43	183	140
9331	HUMAN19549	P57078	323	367	SPQEITSETEDLCEKPDDEVKETAHDLDVKSPPEPRSEVVPARLK	44	446	572	126
9332	HUMAN19551	Q9Y426	233	270	PTTVKEAQNLQCAASTAQESCPPKPPRAHELKLLVRNI	37	383	439	56
9336	HUMAN19559	Q07654	1	40	MKRVLSCVPEPTVVMAARALCMLGLVLALLSSSSAEEYVG	39	37	80	43
9337	HUMAN19561	Q03403	1	30	MGRRDAQLLAALLVLGLCALAGSEKPSPCQ	29	22	53	31
9338	HUMAN19563	P57727	1	69	MGENDPPAVEAPFSFRSLFGLDDLKISPVAPDADAVAAQILSLLPLKFFPIIVIGIIALILALAIGLGI	68	98	227	129
9339	HUMAN19565	Q8WYR4	225	309	PKKPTSTDGPGQDAPGAESAGEPGEEAQALLEGFEGEMDMRPGDEDADVLREESREYDQEEFRYDMDEGNINSEEEETRQSDLQD	84	412	536	124
9340	HUMAN19566	P57057	251	314	SSTLVTHSKGYENGTNRLRLQKQILKSEKNKPLDPEMQCLLLSDGKGSIHPNHVVILPGDGGSG	63	424	522	98
9341	HUMAN19567	O76083	557	593	DDAMKELQKKTDSLTSGATEKSRERSRDVKNSEGDCA	36	716	792	76
9342	HUMAN19567	O76083	68	239	PANSERTPYKVRPVAIKQLSAGVEDKRTTSRGQSAERPLRDRRVVGLEQPRREGAFESGQVEPRPREPQGCYQEGQRIPPEREELIQSVLAQVAEQFSRAFKINELKAEVANHLAVLEKRVELEGLKVVEIEKCKSDIKKMREELAARSSRTNCPCKYSFLDNHKKLTPRRD	171	140	360	220
9343	HUMAN19568	P57081	349	412	GSAGADASFSSLYKATFDNVTSYLKKKEERLQQQLEKKQRRRSPPPGPDGHAKKMRPGEATLSC	63	520	612	92
9344	HUMAN19570	P55347	1	55	MMATQTLSIDSYQDGQQMQVVTELKTEQDPNCSEPDAEGVSPPPVESQTPMDVDK	54	46	144	98
9345	HUMAN19570	P55347	227	278	QTLSPGTIRIQNSQLQLQLNQDLSILHQDDGSSKNKRGVLPKHATNVMRSWL	51	412	512	100
9346	HUMAN19570	P55347	315	436	RRILQPMLDSSCSETPKTKKKTAQNRPVQRFWPDSIASGVAQPPPSELTMSEGAVVTITTPVNMNVDSLQSLSSDGATLAVQQVMMAGQSEDESVDSTEEDAGALAPAHISGLVLENSDSLQ	121	548	744	196
9348	HUMAN19580	P57053	1	36	MPEPAKSAPAPKKGSKKAVTKAQKKDGRKRKRSRKE	35	56	128	72
9349	HUMAN19581	Q14684	230	326	ETMEEQKTKVGDGDLSAEEIPENEVSLRRAVSKKKTALGKNHSRKDGLSDERGRDDCGTFEDTGPLLQFDYKAVADRLLEMTSRKNTPHFNRKRLSK	96	369	553	184
9352	HUMAN19587	P56182	343	461	EIPEKACRRLLEGRRQKKTKKQKRLLRLQQERGKGEKEPPSPGMERKRSRRRGVGADPEARAEAGEQPGTAERALLRDQPRGRGQRGARQRRRTPRPLTSARAKAANVQEPEKKKKRRE	118	755	925	170
9353	HUMAN19588	Q9NRZ7	334	376	SPLLILTFLGFVGAASFGVRRLIGVTEIEKGSSYGNQEFKKKE	42	660	766	106
9354	HUMAN19589	P48553	1172	1219	SAHSSQLDADSWIENDSLSVDKHGDDQPDSSSLKSRGSVHSACSSEHK	47	1816	1899	83
9355	HUMAN19590	Q15269	227	264	KPPAGWKADLLQREEEEEEEEDQEGDRETTIRGKATPA	37	1094	1274	180
9357	HUMAN19597	Q9UJW3	1	34	MAAIPALDPEAEPSMDVILVGSSELSSSVSPGTG	33	68	131	63
9358	HUMAN19598	O43918	101	206	PKDVDLSQPRKGRKPPAVPKALVPPPRLPTKRKASEEARAAAPAALTPRGTASPGSQLKAKPPKKPESSAEQQRLPLGNGIQTMSASVQRAVAMSSGDVPGARGAV	105	116	271	155
9359	HUMAN19598	O43918	238	295	DSGSGKNKARSSSGPKPLVRAKGAQGAAPGGGEARLGQQGSVPAPLALPSDPQLHQKN	57	325	443	118
9360	HUMAN19598	O43918	343	430	ATVQEVQPRAEEPRPQEPPVETPLPPGLRSAGEEVRGPPGEPLAGMDTTLVYKHLPAPPSAAPLPGLDSSALHPLLCVGPEGQQNLAP	87	509	649	140
9361	HUMAN19598	O43918	462	508	GTSRPGTGLRCRSCSGDVTPAPVEGVLAPSPARLAPGPAKDDTASHE	46	690	784	94
9370	HUMAN19620	P60329	1	98	MCHTSHSSGCPMACPGSPCCVPSTCYPPEGYGTSCCCSAPCVALLCRPLCGVSTCCQPACCVPSPCQVACCVPVSCKPVLCVASFCPTSGCCQPFCPT	97	0	131	131
9371	HUMAN19621	P59991	1	146	MCHTSCSSGCQPACCAPSPCQPACCVPSSCQASCCVPVGCQSSVCVPVSFKPAVCLPVSCQSSVCVPMSFKSAVCVPVSCQSSVCVPVSCRPIVCAAPSCQSSLCVPVSCRPVVYAAPSCQSSGCCQPSCTSVLCRPISYSISSCC	145	5	206	201
9372	HUMAN19622	P59990	1	95	MCHTSCSSGCQPACCAPSPCQASCYIPVGCQSSVCVPVSFKPAVCVPVRCQSSVCVPVSCRPVVYAAPSCQSSGCCQPSCTSVLCRPISCSTPSC	94	4	253	249
9374	HUMAN19630	P53801	126	180	SRKPDRSEEKAMREREERRIRQEERRAEMKTRHDEIRKKYGLFKEENPYARFENN	54	231	320	89
9375	HUMAN19630	P53801	1	43	MAPGVARGPTPYWRLRLGGAALLLLLIPVAAAQEPPGAACSQN	42	39	115	76
9377	HUMAN19638	P78563	155	226	MGRTLSVNTDFTSDQADFPDTLFNGFETPDKAEPPFYVGSNGDDSFSSSGDLSLSASPVPASLAQPPLPVLP	71	516	695	179
9382	HUMAN19648	P57721	1	39	MGEGDAFWAPSVLPHSTLSTLSHHPQPQFGRRMESKVSE	38	56	243	187
9384	HUMAN19654	Q9H0A9	1	191	MAEGGELMSRLLSENADLKKQVRLLKENQMLRRLLSQSCQEGGGHDLLPPRAHAYPEAGSPGSGVPDFGRFTSVADTPSQLQTSSLEDLLCSHAPLSSEDDTSPGCAAPSQAPFKAFLSPPEPHSHRGTDRKLSPLLSPLQDSLVDKTLLEPREMVRPKKVCFSESSLPTGDRTRRSYYLNEIQSFAGAEK	190	18	227	209
9385	HUMAN19657	O60318	1912	1980	SHTIEPVMKTSVTTSPQSDMMREQLQLSEATGTCLGERLKHLERLIRSSREEEVASELHLSALLDMVDI	68	2488	2577	89
9392	HUMAN19661	O95613	3222	3296	KGALAQGKAPRPGPRARQPQSPPRTRESPPTRDVPSGHTRDPARGRRLAAAASPHSGGRATPSPNSRLERSLTAS	74	6350	6534	184
9393	HUMAN19672	Q6S545	400	545	KQILKVSSENSNPEQDLKLTSEEESQRLKGSENSQPEEMSQEPEINKGGDRKVEEEMKKHGSTHMGFPENLTNGATADNGDDGLIPPRKSRTPESQQFPDTENEQYHSDEQNDTQKQLSEEQNTGILQDEILIHEEKQIEVAENEF	145	480	626	146
9394	HUMAN19674	Q96SF2	526	557	SPTHQEIWNPDSKKTKKHPPPVETKKILGLNN	31	553	594	41
9395	HUMAN19675	Q5GH77	406	459	GKVLPGRTENQPEAPYYYVNIEKTEKNKNKQLRNYCHSCNRVGYFSIRKSMTCS	53	426	492	66
9397	HUMAN19676	Q2WGN9	1	36	MSLPSPSPSRELCPPDPAFAPLSSWPGSGPAGGSTR	35	0	36	36
9398	HUMAN19677	Q96F46	1	35	MGAARSPPSAVPGPLLGLLLLLLGVLAPGGASLRL	34	0	69	69
9399	HUMAN19677	Q96F46	688	824	DGAAVRLALAGEGEACPLLGSPGAGRNSVLFLPVDPEDSPLGSSTPMASPDLLPEDVREHLEGLMLSLFEQSLSCQAQGGCSRPAMVLTDPHTPYEEEQRQSVQSDQGYISRSSPQPPEGLTEMEEEEEEEQDPGKP	136	784	971	187
9400	HUMAN19678	Q9BXQ6	1	189	MRPALGHPRSVSSASGSFPPPPAAARLQPLFLRGGSFRGRRGSGDSSTSTSTSRGGGGGRRGGGGGSPSSSTGAEREDDDESLSVSKPLVPNAALLGPPAQVGAPAGPAPVAFSSSAATSSSTSTPTSSCSMTAADFGGGAAAGAVGGPGSRSAGGAGGTGTGSGASCCPCCCCCGCPDRPGRRGRRRG	188	0	213	213
9401	HUMAN19678	Q9BXQ6	251	309	GRRGGAASGAHNHHLHHHHAAPPLHLPAPSAATAGAKARGARGGAGGAGGGLGAAAAAG	58	274	340	66
9402	HUMAN19679	Q9BXW7	1	42	MAAWGCVAALGAARGLCWRAARAAAGLQGRPARRCYAVGPAQ	41	40	277	237
9403	HUMAN19681	Q9BXF3	171	239	QGKSNGELSLSRESEGQKNVSSIPGKTGKRRGRPPKRKKLQEEILLSEKQEENSLASEPQTRHGSQGPG	68	325	399	74
9405	HUMAN19698	Q7Z412	1	30	MKSDSSTSAAPLRGLGGPLRSSEPVRAVPA	29	55	108	53
9406	HUMAN19702	Q9UMW8	1	43	MSKAFGLLRQICQSILAESSQSPADLEEKKEEDSNMKREQPRE	42	0	48	48
9407	HUMAN19704	P0C7N4	147	281	LQEQWEELSSQLFYGGEPQSQKSTEQQLAAQLVTLQNELELAETKCALQEEKLQQDALQTAEAWAIFQEQTVVLQVRPHSDAKVPPASPPPDLGRCDGQLRGVQYSTESLMEEMARADRETRLFGGPRALAIRRC	134	146	281	135
9408	HUMAN19704	P0C7N4	1	55	MCRATLGLPLPPIVIQPARRSLPPIVTPASRRLGPRGGRHLGSVSTAMAATQELL	54	0	55	55
9410	HUMAN19707	Q9UFD9	1	197	MAKDSPSPLGASPKKPGCSSPAAAVLENQRRELEKLRAELEAERAGWRAERRRFAARERQLREEAERERRQLADRLRSKWEAQRSRELRQLQEEMQREREAEIRQLLRWKEAEQRQLQQLLHRERDGVVRQARELQRQLAEELVNRGHCSRPGASEVSAAQCRCRLQEVLAQLRWQTDGEQAARIRYLQAALEVERQ	196	0	204	204
9411	HUMAN19707	Q9UFD9	208	384	RGHPALSGSPDPQAVHSLEEPLPQTSSGSCHAPKPACQLGSLDSLSAEVGVRSRSLGLVSSACSSSPDGLLSTHASSLDCFAPACSRSLDSTRSLPKASKSEERPSSPDTSTPGSRRLSPPPSPLPPPPPPSAHRKLSNPRGGEGSESQPCEVLTPSPPGLGHHELIKLNWLLAKAL	176	214	421	207
9412	HUMAN19707	Q9UFD9	397	458	ENKQLRRAGCPYQADEKVKRLKVKRAELTGLARRLADRARKLQETNLRAVSAPIPGESCAGL	61	433	495	62
9413	HUMAN19707	Q9UFD9	534	573	REVLRLQRQLMLQQGNGGAWPEAGGQSATCEEVRRQMLAL	39	574	615	41
9414	HUMAN19707	Q9UFD9	678	828	PQKALCDLHPSWKEIQALQCRPGHPPEQPWETSQMPESQVKGSRRPKFHARPEDYAVSQPNRDIQEKREASLEESPVALGESASVPQVSETVPASQPLSKKTSSQSNSSSEGSMWATVPSSPTLDRDTASEVDDLEPDSVSLALEMGGSAA	150	723	891	168
9416	HUMAN19715	Q96PF2	275	358	PKPKATSSASFKREGEGKYRAECKLDTKTGLRPDHRPDHKLGAKTQHRLLVVPENENRMEDRLAETSRAKDHHISGAEVGKAST	83	446	621	175
9417	HUMAN19716	O15499	1	130	MAAAAGGAASRRGAGRPCPFSIEHILSSLPERSLPARAACPPQPAGRQSPAKPEEPGAPEAAPCACCCCCGPRAAPCGPPEAAAGLGARLAWPLRLGPAVPLSLGAPAGGSGALPGAVGPGSQRRTRRHR	129	28	208	180
9418	HUMAN19721	P54198	395	447	VIENPEMLKYQRRQQQQQLDQKSAATREMGSATSVAGVVNGESLEDIRKNLLK	52	1237	1457	220
9422	HUMAN19733	O43435	1	105	MHFSTVTRDMEAFTASSLSSLGAAGGFPGAASPGADPYGPREPPPPPPRYDPCAAAAPGAPGPPPPPHAYPFAPAAGAATSAAAEPEGPGASCAAAAKAPVKKNA	104	91	265	174
9423	HUMAN19736	Q7L3V2	232	364	RSLPAAMATPAVSGSNSVSRSALFEQQLTKESTPGPKEPPVLPSSTCSSKPGPVEPASSQPEEAAPTPVPRLSESANPPAQRPDPAHPGGPKPQKTEEEVLETEGDQEVSLGTPQEVVEAPETPGEPPLSPGF	132	231	365	134
9424	HUMAN19736	Q7L3V2	33	94	ASPGVAYTPLVDPWIERPCCGDTVCVRTTMEQKSTASGTCGGKPAERGPLAGHMPSSRPHRV	61	32	94	62
9426	HUMAN19743	O00192	589	651	ADRYQEAEPGPLGSAVGSQRRRRDDASCFGGKKAKEEWFHQGKKDGEMDRNFDTLDLPKRTEA	62	754	882	128
9427	HUMAN19743	O00192	847	956	ARFQSAAATAKGPKGALSPGGFDDSTLPLVDKSLEGEKTGSRDVIPMDALGPDGYSTVDRRERRPRGASSAGEASEKEPLKLDPSRKAPPPGPSRPAVRLVDAVGDAKPQ	109	1125	1283	158
9431	HUMAN19755	H7C350	297	361	EDIQLEILRERAQCRTRARKEKQMASMSKGRPKLGSSKGLAGQLWLLTLRLLLGALLVWTAAYVY	64	319	412	93
9432	HUMAN19759	Q16587	1	38	MEIPAPEPEKTALSSQDPALSLKENLEDISGWGLPEAR	37	0	39	39
9434	HUMAN19762	Q53GT1	600	634	EPPRGTPDRSQADPDFASEVMSVSDWEEFDNSSED	34	780	834	54
9436	HUMAN19770	P46109	186	224	PHGKHGNRNSNSYGIPEPAHAYAQPQTTTPLPAVSGSPG	38	266	332	66
9437	HUMAN19771	Q96NN9	23	62	ERGKEELSASGKGSPRAYQGNGTARHFHTEERLSTPHPYP	39	248	318	70
9439	HUMAN19777	O15547	378	441	KAPKATANSVWRELALASQARLAECLRRSSAPAPTATAAGSQTQTPGWPCPSSDTHLPTHSGSL	63	429	500	71
9440	HUMAN19779	O43246	417	458	SSPPSSPGPASPGPLTKQQSSFSDHLQLVGTVHASVPEPGEL	41	767	903	136
9441	HUMAN19779	O43246	590	635	SKENQRELPGLNSTHYVVFPRGSLEETVQAMQPPSQAPAQDPGHME	45	1160	1362	202
9442	HUMAN19780	Q6ZQY2	1	50	MRGSCERSGEDEEQKEEAMVACGRLSGVPEAEQGPEANWDSDLETEGTDG	49	0	156	156
9443	HUMAN19781	P36268	1	34	MKKKLVVLGLLAVVLVLVIVGLCLWLPSASKEPD	33	107	206	99
9445	HUMAN19782	A6NNM3	209	383	GHPALSGSPDPQAVHSLEEPLPQTSSGSCHAPKPACQLGSLDSLSAEVGVRSRSLGLVSSACSSSPDGLLSTHASSLDCFAPACSRSLDSTRSLPKASKSEERPSSPDTSTPGSRRLSPPPSPLPPPPPPSAHRKLSNPRGGEGSESQPCEVLTPSPPGLGHHELIKLNWLLAKA	174	218	408	190
9446	HUMAN19782	A6NNM3	539	570	LQRQLMLQQGNGGAWPEAGGQSATCEEVRRQM	31	572	633	61
9447	HUMAN19782	A6NNM3	674	828	LQRDPQKALCDLHPSWKEIQALQCRPGHPPEQPWETSQMPESQVKGSRRPKFHARPEDYAVSQPNRDIQEKREASLEESPVALGESASVPQVSETVPASQPLSKKTSSQSNSSSEGSMWATVPSSPTLDRDTASEVDDLEPDSVSLALEMGGSAA	154	752	961	209
9448	HUMAN19782	A6NNM3	87	193	ELRQLQEEMQREREAEIRQLLRWKEAEQRQLQQLLHRERDGVVRQARELQRQLAEELVNRGHCSRPGASEVSAAQCRCRLQEVLAQLRWQTDGEQAARIRYLQAALE	106	86	203	117
9450	HUMAN19785	A6NGB0	1	58	MCRATLGLPLPPIVIQPARRSLPPIVTPASRRLGPRGGRHLGSVSTAMAATQELLLQL	57	0	58	58
9451	HUMAN19785	A6NGB0	200	277	LQQDALQTAEAWAIFQEQTVVLQVRPHSDAKVPPASPPPDLGRCDGQLRGVQYSTESLMEEMARADRETRLFGGPRAL	77	204	308	104
9453	HUMAN19788	A6NJZ7	1	32	MAKDSPSPLGASPKKPGCSSPAAAVLENQRRE	31	0	32	32
9454	HUMAN19788	A6NJZ7	209	380	GHPALSGSPDPQAVHSLEEPLPQTSSGSCHAPKPACQLGSLDSLSAEVGVRSRSLGLVSSACSSSPDGLLSTHASSLDCFAPACSRSLDSTRSLPKASKSEERPSSPDTSTPGSRRLSPPPSPLPPPPPPSAHRKLSNPRGGEGSESQPCEVLTPSPPGLGHHELIKLNWLL	171	208	380	172
9455	HUMAN19788	A6NJZ7	47	193	WRAERRRFAARERQLREEAERERRQLADRLRSKWEAQRSRELRQLQEEMQREREAEIRQLLRWKEAEQRQLQQLLHRERDGVVRQARELQRQLAEELVNRGHCSRPGASEVSAAQCRCRLQEVLAQLRWQTDGEQAARIRYLQAALE	146	46	193	147
9456	HUMAN19788	A6NJZ7	534	573	REVLRLQRQLMLQQGNGGAWPEAGGQSATCEEVRRQMLAL	39	533	573	40
9457	HUMAN19788	A6NJZ7	678	828	PQKALCDLHPSWKEIQALQCRPGHPPEQPWETSQMPESQVKGSRRPKFHARPEDYAVSQPNRDIQEKREASLEESPVALGESASVPQVSETVPASQPLSKKTSSQSNSSSEGSMWATVPSSPTLDRDTASEVDDLEPDSVSLALEMGGSAA	150	677	828	151
9458	HUMAN19792	Q8IYX3	116	182	EVPSGGRRAHARPSLSTVHRHRVRPTLCTGHPNNYPSSSSSMSNCHSSLMAGCLGSHSRDSDLGAQG	66	216	292	76
9459	HUMAN19792	Q8IYX3	1	66	MARCRHHSGYLADDEASHSMCSARVQLPKKPLVPEMRPACKPGRVPHPPSTCGSSALQGQRRNKRH	65	94	166	72
9461	HUMAN19802	P49593	421	454	EGGNQGEGDPQAEGRRQDLPSSLPEPETQAPPRS	33	555	590	35
9463	HUMAN19808	A0A075B6I1	3	33	WTPLLLLFPLLLHCTGSLSQPVLTQSSSASA	30	43	79	36
9464	HUMAN19827	P59817	1	47	MGDIFLCKKVESPKKNLRESKQREEDDEDPDLIYVGVEHVHRDAEVL	46	0	50	50
9465	HUMAN19827	P59817	501	542	GSSGMASVIVSNTDPQSSPVKTKKKTAMNTRDSRLPCSKDSS	41	513	572	59
9466	HUMAN19834	P01718	3	32	WIPLLLPLLILCTVSVASYELTQPSSVSVS	29	6	39	33
9467	HUMAN19864	O95755	1	76	MVIAGASWMLGRAAASPTQTPPTTSTIRVARRSRVALVAMVIAAAGSGGPGRAEPQLSQPSLDCGRMRSSLTPLGP	75	0	123	123
9468	HUMAN19864	O95755	298	331	RQSSARLQVGNGDLIQMEGSPPETQESKRPSSLG	33	398	437	39
9470	HUMAN19867	P15814	1	65	MRPGTGQGGLEAPGEPGPNLRQRWPLLLLGLAVVTHGLLRPTAASQSRALGPGAPGGSSRSSLRS	64	0	101	101
9472	HUMAN19878	P24347	1	47	MAPAAWLRSAAARALLPPMLLLLLQPPPLLARALPPDAHHLHAERRG	46	14	114	100
9473	HUMAN19880	Q71RC1	216	249	GNASSPCLGRSRSCSSRDPRPRQHGPGTSPGPAR	33	220	254	34
9476	HUMAN19898	Q9Y6J0	421	464	RLRKLDPEEEDDSFNNYEVQSEAKLESFPSIGPQRLSFDSATFM	43	887	960	73
9477	HUMAN19901	P36269	1	34	MARGYGATVSLVLLGLGLALAVIVLAVVLSRHQA	33	69	168	99
9479	HUMAN19903	P29274	309	412	RQQEPFKAAGTSARVLAAHGSDGEQVSLRLNGHPPGVWANGSAPHPERRPNGYALGLVSGGSAQESQGNTGLPDVELLSHELKGVCPEPPGLDDPLAQDGAGVS	103	367	527	160
9480	HUMAN19908	P62318	82	126	MLKSMKNKNQGSGAGRGKAAILKAQVAARGRGRGMGRGNIFQKRR	44	162	323	161
9482	HUMAN19912	Q2VPJ9	272	315	SLPTIYEGLDLEPEGSAAGATTPASTWDSTAAGLGPEPQACCAR	43	358	433	75
9483	HUMAN19914	Q7Z3Z3	1	120	MPGRARTRARGRARRRESYQQEAPGGPRAPGSATTQEPPQLQSTPRPLQEEVPVVRPLQPRAARGGAGGGAQSQGVKEPGPEAGLHTAPLQERRIGGVFQDLVVNTRQDMKHVKDSKTGS	119	39	235	196
9484	HUMAN19915	Q2NKQ1	206	236	IHSSHVRQDSPTKRPALCIQKRHSSGSMDDR	30	421	472	51
9485	HUMAN19915	Q2NKQ1	470	531	RWDTTLPTPSPKEQPPMPQDLMDVSVSNLPSLWQPSPRKSSCSSCSQSGSADGSSTNGCNHE	61	1015	1145	130
9488	HUMAN19922	P35626	1	30	MADLEAVLADVSYLMAMEKSKATPAARASK	29	252	284	32
9492	HUMAN19928	Q9UH36	18	58	RKRRSAARRPRRREAAPRGREAAPRGREAAPRGPEAEFESD	40	23	89	66
9493	HUMAN19929	Q9UBB9	728	767	RENIAYLTHTERRKDFQYEAMQERREAENMAQRGIGVAAS	39	2383	2494	111
9494	HUMAN19930	O60704	1	56	MRLSVRRVLLAAGCALVLVLAVQLGQQVLECRAVLAGLRSPRGAMRPEQEELVMVG	55	87	212	125
9495	HUMAN19932	P53674	18	48	GPDTKGKGAPPAGTSPSPGTTLAPTTVPITS	30	41	93	52
9496	HUMAN19934	Q10571	1234	1274	ALVDSADDDKTLAPWEKAKPQNPNSKEAHDLPANKASASQP	40	1583	1641	58
9498	HUMAN19936	Q96AY4	1267	1335	ENTVENSSDFQASSSVTLPTATGSALEQHIASVREALGVESHYSRACASSETESEAGDIMDQQFEEMNN	68	1862	1994	132
9500	HUMAN19936	Q96AY4	1	39	MEQSPPPAPEPTQGPTPARSRRRREPESPPASAPIPLFG	38	0	83	83
9501	HUMAN19938	O96017	1	89	MSRESDVEAQQSHGSSACSQPHGSVTQSQGSSSQSQGISSSSTSTMPNSSQSSHSSSGTLSSLETVSTQELYSIPEDQEPEDQEPEEPT	88	38	217	179
9502	HUMAN19940	Q8IWL3	5	36	RAGALLRVWGFWPTGVPRRRPLSCDAASQAGS	31	52	237	185
9504	HUMAN19941	Q8IWD4	219	279	SDKPKPSSNTKNYTGESQAKHVAAGTAFPQRTELFSEPRPTGMSLYNSLETATSTEEEMEL	60	355	424	69
9505	HUMAN19944	Q9ULT6	1	46	MRPRSGGRPGATGRRRRRLRRRPRGLRCSRLPPPPPLPLLLGLLLA	45	0	76	76
9506	HUMAN19944	Q9ULT6	246	306	RSQNSMNRLAVQALEKMETRKFNSKSKGRREGSCGALDTLSSSSTSDCAICLEKYIDGEEL	60	296	366	70
9508	HUMAN19944	Q9ULT6	814	936	PPPGCYPGARDLSQRIPIIPEDVDCDLGLPSDCQGTHSLGSWGGTRGPDTPRPHRGLGATREEERALCCQARALLRPGCPPEEAGAVRANFPSALQDTQESSTTATEAAGPRSHSADSSSPGA	122	1009	1165	156
9509	HUMAN19945	O95567	258	290	SEGAQRDRFPGRKQPGVHEEPVLKKWPKLKSKK	32	322	369	47
9510	HUMAN19945	O95567	87	163	NKCCPPPCKFGEGKLSKRLKHKDDSVMKATQQARKRNFISSKSKQPAGHRRPAGGIRESKESSKEKKLTVRQDLEDR	76	137	227	90
9511	HUMAN19948	Q9Y3P4	253	329	SALPPPSLRPVQPTWEGSSEAGLDWAGASFSPGTPMWAALDEQMLQEGIQASLLDGPAQEPQSAPWLSKSSVSSLRL	76	277	388	111
9512	HUMAN19953	Q10567	586	684	RGVVHKSLPPRTASSESAESPETAPTGAPPGEQPDVIPAQGDLLGDLLNLDLGPPVSGPPLATSSVQMGAVDLLGGGLDSLMGDEPEGIGGTNFVAPPT	98	826	1074	248
9513	HUMAN19957	Q13769	1	47	MSSESSKKRKPKVIRSDGAPAEGKRNRSDTEQEGKYYSEEAEVDLRD	46	104	305	201
9514	HUMAN19957	Q13769	302	336	KPPEDSQDDESDSDAEEEQTTKRRRPTLGVQLDDK	34	659	754	95
9515	HUMAN19958	Q9BPW8	1	40	MAPRLCSISVTARRLLGGPGPRAGDVASAAAARFYSKDNE	39	13	171	158
9517	HUMAN19964	Q9H1I8	408	465	RRKATDAKDPSVIEEPNGEPNGVTVTAEAVSQASSHPENSEEEECMGAAAAVGPAMCG	57	1064	1209	145
9519	HUMAN19967	Q13615	1064	1107	SLHFNGDFGDEVTSIPDSESNLDQNCLSRCSTEIFSEASWEQVD	43	1380	1443	63
9520	HUMAN19967	Q13615	265	306	SRSSGSKLSTRNTSRDFPNGGDLSDVEFDSSLSNASGAESLA	41	363	407	44
9522	HUMAN19968	Q8N7B1	243	307	DLENNLFRENSTTEIAHQGLDCDEEEECNDHIQRMNFVCSQQSSECSRKKRKVSEPVKVFIPNRK	64	326	484	158
9523	HUMAN19970	P13725	214	252	ESPNRSRRHSPHQALRKGVRRTRPSRKGKRLMTRGQLPR	38	242	314	72
9524	HUMAN19975	Q9BXI6	1	52	MAKSNGENGPRAPAAGESLSGTRESLAQGPDAATTDELSSLGSDSEANGFAE	51	47	223	176
9525	HUMAN19976	Q15459	106	142	AQEPSAAIPKVMQQQQQTTQQQLPQKVQAQVIQETIV	36	318	435	117
9526	HUMAN19976	Q15459	1	37	MPAGPVQAVPPPPPVPTEPKQPTEEEASSKEDSAPSK	36	31	136	105
9529	HUMAN19977	Q569K6	133	218	LHQQPLPQKGANQRETPTSKPTTKGEPARSPEYLTTKLIKPSSPVLGLPQTCQEPESIPVRASLQFPATTFKNTRSVHSQTIETAL	85	273	427	154
9531	HUMAN19981	Q9Y6U7	1	56	MGPAARPALRSPPPPPPPPPSPLLLLLPLLPLWLGLAGPGAAADGSEPAAGAGRGG	55	6	82	76
9532	HUMAN19996	Q99999	1	70	MLPPQKKPWESMAKGLVLGALFTSFLLLVYSYAVPPLHAGLASTTPEAAASCSPPALEPEAVIRANGSAG	69	48	153	105
9535	HUMAN19999	Q6ICL7	1	46	MCRCPPEHHDGRMTSAEVGAAAGGAQAAGPPEWPPGSPQALRQPGR	45	43	184	141
9538	HUMAN20003	Q969R2	844	873	LEEKQRLSRRRRLEACGPGSSCSSEEEKEA	29	3359	3431	72
9540	HUMAN20006	Q9Y6X9	829	905	DYVPTDTTPRDRWVEKGSEDVRLMKPPSPEHQSLDTQQEGGEEEVGPVAQQAIAVAEPSTSECLRIEPDTTALSTNH	76	1230	1319	89
9542	HUMAN20011	Q15735	842	1006	PSSELASSSTDSSGTSSEGEDDSTLELLAPKSRSPSPGKSKRHRSRSPGLARFPGLALRPSSRERRGASRSPSPQSRRLSRVAPDRSSNGSSRGSSEEGPSGLPGPWAFPPAVPRSLGLLPALRLETVDPGGGGSWGPDREALAPNSLSPSPQGHRGLEEGGLGP	164	963	1178	215
9543	HUMAN20012	Q9NZ20	285	350	SRATSPTPSSRSPAPPKPRQKQHLRKGPPHQKGSKRPSKANTTALQDPMVSPRLDVAPTGLQGPQG	65	436	555	119
9544	HUMAN20013	Q96GF1	155	192	DGRPPPAVPGTPQYVDEQFLSRLFLFVALVIMFWLLIA	37	368	465	97
9545	HUMAN20013	Q96GF1	1	33	MASKGPSASASPENSSAGGPSGSSNGAGESGGQ	32	12	159	147
9546	HUMAN20015	P53671	244	313	LDQLRLEARLAPHMQNAGHPHALSTLDTKENLEGTLRRRSLRRSNSISKSPGPSSPKEPLLFSRDISRSE	69	354	452	98
9547	HUMAN20018	Q96FE7	115	147	EIQEASEGPGADEVQVFAPANALPARSEAAAVQ	32	197	239	42
9551	HUMAN20031	Q5THK1	1891	2040	HGPSVCSFEISSLHSPHCKRQPSLGTTSSHTMLPYVPLPGMEATYNTSGSQTRLEPPFPALVPKSCLVAESAVSKLLLSASEFQVRGLDELDGVKAACPCPQSSPPEQKEAEPEKRPKKVSQIRIRKTIPRPDPNLTPMGLPRPKRLKKK	149	1991	2143	152
9553	HUMAN20031	Q5THK1	2094	2124	TVPRKRRARGKVKVAGSFTRAQKAAVQSREL	30	2196	2227	31
9554	HUMAN20033	O75140	1000	1075	HRSDRMMRKGTAMKGLQMTGPISTHSLESTAPPVGKKGTSALSALLEMEASQKCLGEQQAAVHGGKSSAQSAESSS	75	4188	4360	172
9555	HUMAN20033	O75140	1107	1172	FYPQVSVDQTATPMLDGTSLGICTGQSMDRGNSQTFGNSQNIGEQGYSSTNSSDSSSQQLVASSLT	65	4452	4564	112
9557	HUMAN20038	P13866	567	597	KEERIDLDAEEENIQEGPKETIEIETQVPEK	30	892	943	51
9558	HUMAN20039	Q6IC83	1	189	MGSKLTCCLGPSGGLNCDCCRPDVGPCHECEIPETVAATAPASTTAKPAKLDLKAKKAQLMQYLSLPKTPKMLKMSKGLDARSKRWLKIIWRRHGIWPLENIGPTEDVQASAHGGVEENMTSDIEIPEAKHDHRPTEDVQVSAHGGVEENITSDIEISEAKHDHHLVEDLSESLSVCLEDFMTSDLSES	188	0	190	190
9559	HUMAN20048	Q9Y3I1	82	162	IPAPNIPSSTDSEHSSLQNNEQPSLATSSNQTSMQDEQPSDSFQGQAAQSGVWNDDSMLGPSQNFEAESIQDNAHMAEGTG	80	218	420	202
9561	HUMAN20052	O95461	86	129	AQGRAPSHRRGNHSKTYSMEEGTGDSENLRAGIVAGNSSECGQQ	43	147	216	69
9562	HUMAN20053	Q2M1V0	1	86	MCAEVGPALCRGMERNSLGCCEAPKKLSLSFSIEAILKRPARRSDMDRPEGPGEEGPGEAAASGSGLEKPPKDQPQEGRKSKRRVR	85	55	162	107
9563	HUMAN20054	Q9UGU5	434	518	FGELSKKLAEVWKQLPEKDKLIWKQKAQYLQHKQNKAEATTVKRKASSSEGSMKVKASSVGVLSPQKKSPPTTMLLPASPAKAPE	84	790	882	92
9564	HUMAN20055	O60784	155	208	DLDMLSPIHTPQRTVFNSETQSGQDSVGTDSSQQEDSGQHAAPLPAPPILSGDT	53	247	386	139
9566	HUMAN20058	P09601	226	288	KDQSPSRAPGLRQRASNKVQDSAPVETPRGKPPLNTRSQAPLLRWVLTLSFLVATVAVGLYAM	62	537	632	95
9567	HUMAN20063	Q9BWW8	1	36	MDNQAERESEAGVGLQRDEDDAPLCEDVELQDGDLS	35	73	116	43
9568	HUMAN20063	Q9BWW8	84	152	TAVISGVMSLLGLALAPATGGGSLLLSTAGQGLATAAGVTSIVSGTLERSKNKEAQARAEDILPTYDQE	68	163	232	69
9569	HUMAN20064	Q9BWW9	353	433	KASQTCSSSRGRAVRGSRVVKPEGSRSPLPWPVVEHQPRLGPGVALRTPKRTVSAPRMLGHQPAPPAPARKGRQAPGRHRQ	80	398	498	100
9570	HUMAN20080	P35579	1896	1960	LQRELEDATETADAMNREVSSLKNKLRRGDLPFVVPRRMARKGAGDGSDEEVDGKADGAEAKPAE	64	2715	2909	194
9571	HUMAN20081	Q99757	1	41	MAQRLLLRRFLASVISRKPSQGQWPPLTSRALQTPQCSPGG	40	3	80	77
9572	HUMAN20084	O15371	77	158	ESSFQLVDTARTQKTAYQRNRMRFAQRNLRRDKDRRNMLQFNLQILPKSAKQKERERIRLQKKFQKQFGVRQKWDQKSQKPR	81	449	691	242
9573	HUMAN20086	Q9Y698	210	285	ATARATDYLQASAITRIPSYRYRYQRRSRSSSRSTEPSHSRDASPVGIKGFNTLPSTEISMYTLSRDPLKAATTPT	75	508	608	100
9574	HUMAN20093	O43247	1	213	MELGHGAGTTTFTRAHLNDKEGQQDLDPWKAAYSSLDTSKFKNQGLSSPQPLPLGASAQGSSLGQCHLKEIPPPPPTAASRDSLGMDPQSRSLKNAGSRSSSRENRATSGEGAQPCQGTDDGPSLGAQDQRSTPTNQKGSIIPNNIRHKFGSNVVDQLVSEEQAQKAIDEVFEGQKRASSWPSRTQNPVEISSVFSDYYDLGYNMRSNLFRGA	212	52	293	241
9575	HUMAN20093	O43247	248	280	LGRWHQKNAMNLNLQKALEEKYGENSKSKSSKY	32	327	363	36
9576	HUMAN20097	Q8N5Z5	197	321	STPNGLSSESSRKTKSTEEQLEEQQQQEEEVEEVEVEQVQVEADAQEKAQSSQDPANLFSLPPLPPPPLPAGGSRPHPLRPEAELAVRASPRPLARPQSCHPCCYKPEAPGCEAPDHLQGLGVPI	124	353	509	156
9577	HUMAN20101	P14784	386	520	PYSEEDPDEGVAGAPTGSSPQPLQPLSGEDDAYCTFPSRDDLLLFSPSLLGGPSPPSTAPGGSGAGEERMPPSLQERVPRDWDPQPLGPPTPGVPDLVDFQPPPELVLREAGEEVPDAGPREGVSFPWSRPPGQG	134	683	879	196
9578	HUMAN20103	Q9BXI9	1	47	MQWLRVRESPGEATGHRVTMGTAALGPVWAALLLFLLMCEIPMVELT	46	0	59	59
9579	HUMAN20103	Q9BXI9	68	138	PAHVSSASSSGRPHALPEIRPYINITILKGDKGDPGPMGLPGYMGREGPQGEPGPQGSKGDKGEMGSPGAP	70	85	217	132
9580	HUMAN20105	P32745	1	39	MDMLHPSSVSTTSEPENASSAWPPDATLGNVSAGPSPAG	38	38	97	59
9581	HUMAN20105	P32745	333	418	RRVRSQEPTVGPPEKTEEEDEEEEDGEESREGGKGKEMNGRVSQITQPGTSGQERPPSRVASKEQQLLPQEASTGEKSSTMRISYL	85	398	559	161
9582	HUMAN20110	Q5R3F8	261	295	YSTDAQREPDENSGFNPDEILSVEPPASSTTDASA	34	282	328	46
9583	HUMAN20110	Q5R3F8	448	495	DAGSIVHAAQKLGEPPVLPVSRMASIPSMIGEKLPTAKGLEAGLDTPK	47	482	568	86
9584	HUMAN20110	Q5R3F8	508	546	GAGGDGLARPEDDLPDLENGQGSAAEISTIAKEVDKVNQ	38	584	658	74
9586	HUMAN20111	O00587	1	48	MQCRLPRGLAGALLTLLCMGLLCLRYHLNLSPQRVQGTPELSQPNPGP	47	98	293	195
9587	HUMAN20117	Q9Y3L3	157	188	SRLSQATKNSGSSQGLGGSPGSHSHTTMANKV	31	293	335	42
9589	HUMAN20122	Q9UGY1	114	213	DLSGARLLGLTPPEGGAGDRSEEEASSTEKPTKALPRKSRDPLLSQRISSLTASLHAHSRKKVKRKHPRRAQDSKKPPRAPRTSKAQRRRLTGKARHSGE	99	162	295	133
9590	HUMAN20122	Q9UGY1	71	102	MLAEREEALEEADELDRLVTAKTESVQYDHPN	31	110	151	41
9591	HUMAN20123	Q9H2D6	2137	2188	LQRLQQEKEWLLAEETAATASAIEAMKKAYQEELSRELSKTRSLQQGPDGLR	51	3983	4038	55
9592	HUMAN20123	Q9H2D6	2264	2310	SQGMGNGCGRSNERSSCELEVLLRVKENELQYLKKEVQCLRDELQMM	46	4119	4171	52
9594	HUMAN20129	O60755	309	368	GRRRRHRARRALRRVRPASSGPPGCPGDARPSGRLLAGGGQGPEPREGPVHGGEAARGPE	59	438	533	95
9595	HUMAN20130	Q6NXT1	1	59	MAAAAGDADDEPRSGHSSSEGECAVAPEPLTDAEGLFSFADFGSALGGGGAGLSGRASG	58	11	109	98
9596	HUMAN20134	Q8N3F8	111	159	GQAGVSPPRKGLAPCSPPSVAPTPVEPEDVAQGEELSSGSLSEQGTGQT	48	423	582	159
9598	HUMAN20134	Q8N3F8	821	863	KKKEFQREAEPEGKKKGKFKTMKMLKLLGNKRDAKSKSPRDKS	42	2554	2658	104
9599	HUMAN20135	Q9BZE7	56	93	RGDALPLQCSPTSSQRVLPSKQIASPIYLPPILAARPH	37	204	271	67
9600	HUMAN20136	P61218	1	53	MSDNEDNFDGDDFDDVEEDEGLDDLENAEEEGQENVEILPSGERPQANQKRIT	52	73	151	78
9601	HUMAN20146	Q9NRD5	372	415	GLNQEEFTDGEEEEEEEDTAAGEPSRDTRGAAGPLDKGGSWCDS	43	710	824	114
9602	HUMAN20148	O95907	198	237	PGPGPRPRRDSAGDRAGDAPGEAEADGAGLQLREASPRVR	39	510	585	75
9603	HUMAN20148	O95907	438	504	AKAAPSGPGTEGGASDTEDAEAEGDSEPLPVVAEEPGNLEALEVLSARGEPTEPEIEARPRLAAESV	66	848	927	79
9605	HUMAN20155	Q9ULX9	122	164	AAARGPATLVAPASVITIVKSTPGSGSGPAHGPDPAHGPASCS	42	139	227	88
9606	HUMAN20156	Q9Y519	1	34	MTVRGDVLAPDPASPTTAAASPSVSVIPEGSPTA	33	84	175	91
9607	HUMAN20156	Q9Y519	369	407	TLEPGPTWRGGAHGLSRSHSLSGARDNEKTLLLSSDDEF	38	839	1072	233
9609	HUMAN20169	Q9NS69	108	142	MEQQQQLQQRQILLGPNTGLSGGMPGALPSLPGKI	34	131	179	48
9610	HUMAN20169	Q9NS69	1	41	MAAAVAAAGAGEPQSPDELLPKGDAEKPEEELEEDDDEELD	40	8	64	56
9611	HUMAN20171	O00178	1	60	MATERSRSAMDSPVPASMFAPEPSSPGAARAAAAAARLHGGFDSDCSEDGEALNGEPELD	59	119	342	223
9614	HUMAN20180	O95502	28	85	LAASPARALPGGADNASVASGAAASPGPQRSLSALHGAGGSAGPPALPGAPAASAHPL	57	150	242	92
9616	HUMAN20190	O95931	65	212	RASGYRKRGPKPKRLLLQRLYSMDLRSSHKAKGKEKLCFSLTCPLGSGSPEGVVKAGAPELVDKGPLVPTLPFPLRKPRKAHKYLRLSRKKFPPRGPNLESHSHRRELFLQEPPAPDVLQAAGEWEPAAQPPEEEADADLAEGPPPWT	147	92	276	184
9617	HUMAN20191	P01127	184	241	AAARPVTRSPGGSQEQRAKTPQTRVTIRTVRVRRPPKGKHRKFKHTHDKTALKETLGA	57	241	312	71
9618	HUMAN20191	P01127	53	86	GEEDGAELDLNMTRSHSGGELESLARGRRSLGSL	33	74	124	50
9619	HUMAN20192	P39023	1	36	MSHRKFSAPRHGSLGFLPRKRSSRHRGKVKSFPKDD	35	161	335	174
9620	HUMAN20199	Q15750	370	474	GEMSQPTPSPAPAAGGRVYPVSVPYSSAQSTSKTSVTLSLVMPSQGQMVNGAHSASTLDEATPTLTNQSPTLTLQSTNTHTQSSSSSSDGGLFRSRPAHSLPPGE	104	724	919	195
9621	HUMAN20200	Q09327	129	158	PPGRPEEKPEGANGSSARRPPRYLLSARER	29	373	413	40
9623	HUMAN20205	Q86WX3	14	59	AASEAPRDPPGQAKPRGAPVKRPRKTKAIQAQKLRNSAKGKVPKSA	45	27	100	73
9625	HUMAN20207	Q9P0X4	1	47	MAESASPPSSSAAAPAAEPGVTTEQPGPRSPPSSPPGLEEPLDGADP	46	0	171	171
9629	HUMAN20209	O75791	162	263	RRSQGGPHLSGAVGEEIRPSMNRKLSDHPPTLPLQQHQHQPQPPQYAPAPQQLQQPPQQRYLQHHHFHQERRGGSLDINDGHCGTGLGSEMNAALMHRRHTD	101	300	503	203
9633	HUMAN20217	Q96HU1	1	40	MSGSHTPACGPFSALTPSIWPQEILAKYTQKEESAEQPEF	39	201	344	143
9634	HUMAN20217	Q96HU1	387	423	AGTLTNLSQVVRRRTQRRKSTITALLFGEDDLEALKA	36	819	971	152
9635	HUMAN20222	Q99705	1	102	MSVGAMKKGVGRAVGLGGGSGCQATEEDPLPNCGACAPGQGGRRWRLPQPAWVEGSSARLWEQATGTGWMDLEASLLPTGPNASNTSDGPDNLTSAGSPPRT	101	0	155	155
9636	HUMAN20227	P50502	233	283	EHRRKYERKREEREIKERIERVKKAREEHERAQREEEARRQSGAQYGSFPG	50	458	543	85
9637	HUMAN20227	P50502	44	110	PATQKAKSEENTKEEKPDSKKVEEDLKADEPSSEESDLEIDKEGVIEPDTDAPQEMGDENAEITEEM	66	138	313	175
9639	HUMAN20231	Q7Z6W7	231	309	EGFAKECSWRTQSFNNYSPNSHSSKHVSQYTFVDNDEGGISWVTSNRDPPIFSAGVKEGGKRKKKKRKEVQKKSTKRNC	78	247	331	84
9640	HUMAN20233	Q09472	1523	1575	EEEERKREENTSNESTDVTKGDSKNAKKKNNKKTSKNKSSLSRGNKKKPGMPN	52	3407	3508	101
9642	HUMAN20234	Q969R5	115	172	SRSYSSNSKKASILARLQGKPPTKKAKVLHKAAWSAKIGAFLHSQGTGQLADGTPTGQ	57	372	460	88
9644	HUMAN20234	Q969R5	606	667	AAEPATPLKAKEATKKKKKQFGKKRKRIPPTKTRPLRQGSKKPLLEDDPQGARKISSEPVPG	61	959	1087	128
9645	HUMAN20236	Q6NUI6	707	762	ARGQRVKAAAAVFEDCPGWAARKAKRTPASRPSARRTPIKGRQCGADKVGKEKGRL	55	804	901	97
9648	HUMAN20238	Q9UGR2	301	411	LLPPVVGGSIPVSSPLPPASFGLVMDPSKKLAASVLDALDPPGPTLDPLDLLPYSETRLDALDSFGSTRGSLDKPDSFMEETNSQDHRPPSGAQKPAPSPEPCMPNTALLI	110	502	697	195
9649	HUMAN20239	Q10587	109	253	GIPASPTHLAHNLLLPVAELEGKESASSSTASPPSSSTAIFQPSETVSSTESSLEKERETPSPIDPNCVEVDVNFNPDPADLVLSSVPGGELFNPRKHKFAEEDLKPQPMIKKAKKVFVPDEQKDEKYWTRRKKNNVAAKRSRDA	144	208	433	225
9650	HUMAN20239	Q10587	1	95	MSDAGGGKKPPVDPQAGPGPGPGRAAGERGLSGSFPLVLKKLMENPPREARLDKEKGKEKLEEDEAAAASTMAVSASLMPPIWDKTIPYDGESFH	94	27	195	168
9652	HUMAN20246	Q9Y534	1	64	MTSESTSPPVVPPLHSPKSPVWPTFPFHREGSRVWERGGVPPRDLPSPLPTKRTRTYSATARAS	63	116	214	98
9653	HUMAN20255	Q9H6E4	174	229	KDSNFQNPFKIDRTEFIPSTDPFQKALREEEKRRKKEEKRKEIRKGPRISRSQSEL	55	373	451	78
9655	HUMAN20256	Q12772	389	475	QENMVLKLANQKNKLLKGIDLGSLVDNEVDLKIEDFNQNVLLMSPPASDSGSQAGFSPYSIDSEPGSPLLDDAKVKDEPDSPPVALG	86	1065	1201	136
9656	HUMAN20258	B8ZZ34	1	55	MARAGARGLLGGRRPPGLRLALALRLALLLARPPSGRAGAPEAQGPAAPGTTAPE	54	2	80	78
9659	HUMAN20263	Q9UH03	1	37	MSKGLPETRTDAAMSELVPEPRPKPAVPMKPMSINSN	36	75	289	214
9660	HUMAN20264	Q6ICG8	254	309	APPLGYGAPPAGNEGPPAGYRASPAGSGARPQESTAAQAPENEASLPSASSSQVHS	55	330	444	114
9661	HUMAN20266	Q6ICB4	141	219	SLALQRRSSWKSVASRCKPQAPNHRAAGLENGHCLSKDSSPVGLVEEAGSRSAGWGLAEWELQGPASLLLGKGQSPVSP	78	149	278	129
9662	HUMAN20267	Q9H4I9	1	49	MASGAARWLVLAPVRSGALRSGPSLRKDGDVSAAWSGSGRSLVPSRSVI	48	12	63	51
9663	HUMAN20271	Q9UGU0	1655	1702	EEQTKLVRGRKGQRSLTPPPSSTESKALPASSFMLQGPVVTESSVMGH	47	2549	2633	84
9666	HUMAN20273	Q9Y3A4	211	245	RRPVLPRTEAASLRVLERERRKRSRKELLNFYAWQ	34	570	632	62
9668	HUMAN20281	Q9NP61	82	111	GGNASASSFFHQHGCSTNDTNAKYNSRAAQ	29	305	343	38
9670	HUMAN20286	Q13323	1	70	MSEVRPLSRDILMETLLYEQLLEPPTMEVLGMTDSEEDLDPMEDFDSLECMEGSDALALRLACIGDEMDV	69	13	89	76
9671	HUMAN20287	Q8IVS2	1	56	MSVRVARVAWVRGLGASYRRGASSFPVPPPGAQGVAELLRDATGAEEEAPWAATER	55	210	420	210
9672	HUMAN20295	Q5THR3	1247	1304	ATPMATGDSAVAQRGSSVPDVSEGTRSALSLPTQELRPGSKSQSHPCTPASTTVIPGT	57	1863	1958	95
9673	HUMAN20295	Q5THR3	1	52	MCKMAIIPDWLRSHPHTRKFTHSRPHSSPCRVYSRNGSPNKFRSSSTTAVAN	51	34	119	85
9674	HUMAN20295	Q5THR3	245	275	LRYCMGNQEVSLENQQAKNSKKERLLGSASS	30	376	438	62
9675	HUMAN20295	Q5THR3	575	617	PTVSPVLVPKDQLLSEHLQKDEQQQPDLSERTKLTEDKTTLTK	42	823	872	49
9676	HUMAN20297	Q7Z6Z6	268	303	KEPPAPADGNWDAGCDQRWKGGLSLNWKVPHVQVKD	35	315	362	47
9677	HUMAN20297	Q7Z6Z6	396	429	LGPISPPATRVLETSPLQPQIAPHREELGPTHQA	33	457	531	74
9678	HUMAN20298	Q9NST1	258	304	PQPGLKSSSEGMDPEVAMPSWANMSLDSSPESAALAVRLEGDELLDH	46	292	342	50
9679	HUMAN20298	Q9NST1	404	481	ASRSQMPVSSQQASPCTPEQDWPCWTPCSPKGCPAETKAEATPRSILRSSLNFFLGNKVPAGAEGLSTFPSFSLEKSL	77	461	596	135
9681	HUMAN20306	Q3SXP7	138	199	QGRWMKQDPRRWGNPARAPRPGQRAPQPQPPPGPLPQAPQAVHTLRGDAHSPPLMTFQSSSA	61	208	292	84
9682	HUMAN20307	Q6ICC9	1	102	MVQPQTSKAESPALAASPNAQMDDVIDTLTSLRLTNSALRREASTLRAEKANLTNMLESVMAELTLLRTRARIPGALQITPPISSITSNGTRPMTTPPTSLP	101	0	139	139
9684	HUMAN20313	Q96EK2	494	531	LLQVTMTTTSPAPLLAGPWTKPSVAATHPTVQHPQGHN	37	781	855	74
9686	HUMAN20321	O75631	236	287	DMGSSDGETTHDSQITQEAVPKSLGASESSYTSVNRGPPLDRAEVYSSKLQD	51	308	373	65
9687	HUMAN20337	Q9NV39	1	54	MPASATAAWHCPPLCLPPLPASAPTSPPNPATRPAPGPGRRARCPQSAHPAPTR	53	0	54	54
9688	HUMAN20338	Q07869	166	207	MSHNAIRFGRMPRSEKAKLKAEILTCEHDIEDSETADLKSLA	41	213	256	43
9689	HUMAN20338	Q07869	1	96	MVDTESPLCPLSPLEAGDLESPLSEEFLQEMGNIQEISQSIGEDSSGSFGFTEYQYLGSCPGSDGSVITDTLSPASSPSSVTYPVVPGSVDESPSG	95	44	144	100
9690	HUMAN20341	Q9NTG1	1410	1439	LNRQEQTESRERKYMRSMMIGIESVLITIP	29	2496	2542	46
9691	HUMAN20341	Q9NTG1	1452	1571	QRKPQADLKEVSPQKHPLMSEASEHWEEYLRKWHAYETAKVHPREVAKPASKGKPRLPKASPKATSKPKHRHRKAQIKTPETLGPNTNSNNNIEDDQDVHSEQHPSQKDLQQLKKKPRIV	119	2558	2744	186
9692	HUMAN20341	Q9NTG1	1	42	MRPGPALLLLGVGLSLSVGRLPLPPVPRGAQAAVSGAPGGLL	41	0	181	181
9693	HUMAN20341	Q9NTG1	2210	2253	QSKAKDEPEFFIDMLYGQPEKNSHRYLGLKTRNINGKKMVYLVV	43	3503	3584	81
9694	HUMAN20347	O75648	391	421	YTLQKGQRRAGMATESPSDSPEDGPGLSPLL	30	1846	1951	105
9695	HUMAN20348	Q9NYQ6	2300	2332	RPAGRRTTPQTTRPGPGTEREAPISRRRRHPDD	32	3974	4054	80
9697	HUMAN20349	Q6IC98	1	160	MLRRLDKIRFRGHKRDDFLDLAESPNASDTECSDEIPLKVPRTSPRDSEELRDPAGPGTLIMATGVQDFNRTEFDRLNEIKGHLEIALLEKHFLQEELRKLREETNAEMLRQELDRERQRRMELEQKVQEVLKARTEEQMAQQPPKGQAQASNGAERRSQ	159	114	323	209
9698	HUMAN20349	Q6IC98	405	444	RSSAAVSRRLQTTSSRSYVPSAPAGLGKEEDAGRFHSTKK	39	597	651	54
9699	HUMAN20351	Q8TCT0	339	376	GSPRDRKPCRAGCFVCRQSKQQLEEEQKKALYGLEAAE	37	976	1136	160
9700	HUMAN20356	Q6UXV3	28	73	AATMLEEAASPNEAVHASTSGSGALTDQTFTDLSAAEASSEEVPDF	45	27	73	46
9701	HUMAN20360	O95696	393	440	CTRRPLNIYGDVEMKNGVCRKESSVKTVRSTSKVRKKAKKAKKALAEP	47	509	570	61
9702	HUMAN20360	O95696	66	114	TAQEMSECNSNKENSERPPVCLRTKRHKNNRVKKKNEALPSAHGTPASA	48	127	201	74
9705	HUMAN20361	O75132	341	456	QENGGTGIPPLYSTPPTLLPSLLPPEGELSSVSSSPVKPVRESPSASSSPDRLTEDLQSHLNPGDGLMEDVAAFSSSDDIGEASASSPEKQQADGLSPRLFESGAIFQQNKKVMKR	115	813	964	151
9706	HUMAN20361	O75132	511	557	SQKGFLGASLANSPYATLASAESSSSKLTDLPTVVTKNNQVMFPVNS	46	1020	1071	51
9707	HUMAN20361	O75132	609	651	SNVLKTEVSETARPSSPDTRVPRGTELSGASSFDDTNEKFYDS	42	1144	1193	49
9708	HUMAN20365	Q86V86	1	31	MLLSKFGSLAHLCGPGGVDHLPVKILQPAKA	30	185	228	43
9709	HUMAN20365	Q86V86	297	326	DGGVPESCDLRLCTLDPDDVASTTSSSESL	29	525	570	45
9711	HUMAN20367	A6PVC2	226	258	CSRSSRSKPRDQREEAGSSDLSSRQDAENAEAK	32	597	632	35
9712	HUMAN20368	Q15049	1	42	MTQEPFREELAYDRMPTLERGRQDPASYAPDAKPSDLQLSKR	41	50	120	70
9714	HUMAN20375	Q96RT7	240	277	DLSGLAIKVPPSVDQWEDEGFQSASNLTPDSQSEPSVT	37	478	685	207
9716	HUMAN20382	Q8NEG7	1	31	MDALLGTGPRRARGCLGAAGPTSSGRAARTP	30	393	499	106
9717	HUMAN20384	O75170	404	439	REERTEASGSESRVEPPHENGNRSLETPQPAASLPD	35	483	540	57
9718	HUMAN20384	O75170	461	514	EANDHTQAAGGMRRGNMGHLTRIANAVVQNLERGPVQTHISEVIRGLPADCRGR	53	561	617	56
9720	HUMAN20388	Q9BU23	657	707	APCSLRSSPLAPVSGEKRRPASQKDSGAASEQATAAPNPCSSSSRTTRRKK	50	1148	1279	131
9722	HUMAN20391	O43819	1	75	MLLLTRSPTAWHRLSQLKPRVLPGTLGGQALHLRSWLLSRQGPAETGGQGQPQGPGLRTRLLITGLFGAGLGGAW	74	51	172	121
9723	HUMAN20392	P19971	1	33	MAALMTPGTGAPPAPGDFSGEGSQGLPDPSPEP	32	108	165	57
9724	HUMAN20394	Q96G42	1	183	MVLRSHPFPRQDRPQGSVPRAVPGSPVGPSTSTHSEDRHGPSSSVGTVIGTGTGGLVEAGGQPQPRSSETNGSPSPDPPPGLRGEGTREKSLDPLPQAAMPRGPAQPPAQRPPGPAASSSARRSQPVPQLRKRSRCEIAPSSEQEVRPAASGDPQGEAPGEGGSPAGRSGALTEKQEEARKLM	182	0	237	237
9727	HUMAN20403	P10323	294	377	LRMIQSATPPPPTTRPPPIRPPFSHPISAHLPWYFQPPPRPLPPRPPAAQPRPPPSPPPPPPPPASPLPPPPPPPPPTPSSTTK	83	346	476	130
9730	HUMAN20423	Q53H47	303	338	SLYCPVEKSNISCGNEKEPSMCGSAPSVFPSCKRLT	35	302	342	40
9731	HUMAN20425	Q14643	1148	1179	GPDETMDGASGENEHKKTEEGNNKPQKHESTS	31	3356	3525	169
9732	HUMAN20425	Q14643	1707	1737	ELDNAELPPAPDSENATEELEPSPPLRQLED	30	4741	4791	50
9733	HUMAN20425	Q14643	1756	1796	VRPSGRRESLTSFGNGPLSAGGPGKPGGGGGGSGSSSMSRG	40	4842	4954	112
9734	HUMAN20425	Q14643	1886	1966	NTSDLGNKKKDDEVDRDAPSRKKAKEPTTQITEEVRDQLLEASAATRKAFTTFRREADPDDHYQPGEGTQATADKAKDDLE	80	5133	5371	238
9735	HUMAN20425	Q14643	911	975	AKGEENKGNNDVEKLKSSNVMRSIHGVGELMTQVVLRGGGFLPMTPMAAAPEGNVKQAEPEKEDI	64	2782	2972	190
9737	HUMAN20426	O14503	1	54	MERIPSAQPPPACLPKAPGLEHGDLPGMYPAHMYQVYKSRRGIKRSEDSKETYK	53	0	54	54
9738	HUMAN20430	Q92611	48	91	SPDGPASPTSGPVGRPGGVSGPSWLQPPGTGAAQSPRKAPRRPG	43	197	264	67
9739	HUMAN20430	Q92611	601	635	EEGGQDQGGKSVHRPKPHELKVINSSSNCNRVPDE	34	1140	1312	172
9740	HUMAN20433	Q14831	1	37	MVQLRKLLRVLTLMKFPCCVLEVLLCALAAAARGQEM	36	97	194	97
9741	HUMAN20435	Q9NZU5	206	235	GLPKEEGKQQEKPEGAETTAATTNGSLSDP	29	290	350	60
9742	HUMAN20435	Q9NZU5	56	111	DHCLTSDLEDDRKIGRLLMDSKYSTLTARVKGGDGIRIYKRNRMIMTNPIATGKDP	55	130	194	64
9743	HUMAN20436	Q9Y2M2	1	46	MPSPVGLLRALPLPWPQFLACTLRRLAGPRESTGPSQKPPPLCSVP	45	145	374	229
9744	HUMAN20441	P56539	1	30	MMAEEHTDLEAQIVKDIHCKEIDLVNRDPK	29	53	99	46
9745	HUMAN20442	P30559	1	33	MEGALAANWSAEAANASAAPPGAEGNRTAGPPR	32	14	126	112
9746	HUMAN20442	P30559	233	265	LKTAAAAAAEAPEGAAAGDGGRVALARVSSVKL	32	347	397	50
9747	HUMAN20442	P30559	349	389	ASYLKGRRLGETSASKKSNSSSFVLSHRSSSQRSCSQPSTA	40	520	612	92
9749	HUMAN20445	O43295	174	222	SISAESKLKEAEKQEEKQFNKSGDLSMNLLRHEDRPQRRSSVKKIEKMK	48	203	273	70
9750	HUMAN20445	O43295	400	439	DAFQHSRSTESVKSAASETYMSKINIAKRRANQQETEMFY	39	490	558	68
9751	HUMAN20445	O43295	452	498	LITKLQAKHDLLKQTLGEGERAECGTTRPPCLPPKPQKMRRPRPLSV	46	570	668	98
9752	HUMAN20445	O43295	718	757	SPHSEPGAIDEVDHDNGTEPHTSDEEVEQIEAIAKFDYMG	39	910	958	48
9754	HUMAN20446	Q9BV44	140	222	KKKKAKRKKINQNSSKEKINNGQEVKIDQRNVKKEFTSHALDSHILDYYENPAIKEDVSTLIGDDLASCKDETDESSKEETEP	82	216	382	166
9755	HUMAN20446	Q9BV44	1	33	MCDIEEATNQLLDVNLHENQKSVQVTESDLGSE	32	53	105	52
9756	HUMAN20451	Q8NCE2	412	551	RRKSLPARDGGFTLEDICMLRRKDRGSTTSLGSDFSLVMESSPGATGSFTYEAVELVPAGAPTQAAWRKSHSSSPQSVLWNRPQPSEDRLPSQQGLAEARSSSSSSSNHSDNFFRMGSSPLEVPKPRSVDHPLPGSSLST	139	579	787	208
9757	HUMAN20456	P55201	122	173	DEEAPEEAPENGSNKENTETPAATPKSGKHKNKEKRKDSNHHHHHNVSASTT	51	372	487	115
9758	HUMAN20456	P55201	453	507	ARRLPALSHSEGEEDEDEEEDEGKGWSSEKVKKAKAKSRIKMKKARKILAEKRAA	54	844	940	96
9759	HUMAN20456	P55201	49	87	NPPPPQQTPLRKHKKKGRQSRPANKQSPSPSEVSQSPGR	38	134	336	202
9760	HUMAN20460	Q14012	318	370	KLQLGTSQEGQGQTASHGELLTPVAGGPAAGCCCRDCCVEPGTELSPTLPHQL	52	786	1010	224
9761	HUMAN20463	O75528	176	309	LLKPPEDEAEHYKIPPLGKHYSQRWAQEDLLEEQKDGARAAAVADKKKGLMGPLTELDTKDVDALLKKSEAQHEQPEDGCPFGALTQRLLQALVEENIISPMEDSPIPDMSGKESGADGASTSPRNQNKPFSVP	133	458	667	209
9762	HUMAN20463	O75528	69	148	QILTDWQDKKGDRRFLKLGRDHELGAPPKHGKPKKQKLEGKAGHGPGPGPGRPKSKNLQPKIQEYEFTDDPIDVPRIPKN	79	222	430	208
9763	HUMAN20471	Q6P087	30	63	PVPEDAGFGTEARHQRQPRGSCQRSGPLGDQPFA	33	55	139	84
9764	HUMAN20475	Q8N5M9	1	47	MASRAGPRAAGTDGSDFQHRERVAMHYQMSVTLKYEIKKLIYVHLVI	46	42	90	48
9765	HUMAN20480	Q96HD1	1	42	MAPWPPKGLVPAMLWGLSLFLNLPGPIWLQPSPPPQSSPPPQ	41	73	140	67
9769	HUMAN20485	Q9BXW9	849	914	DITPHTVTAISAKIRKKGKIERKQKTDGSKTSSSDTLSEEKNSECDPTPSHRGQLNKEFTGKEEKT	65	2882	3041	159
9770	HUMAN20490	P40337	1	59	MPRRAENWDEAEVGAEEAGVEEYGPEEDGGEESGAEESGPEESGPEELGAEEEMEAGRP	58	8	80	72
9771	HUMAN20491	O43187	102	192	PIPAFPDSVKPEKPLAASVRKAEDEQEEGQPVRMATFPGPGSSPARAHQPAFLQPPEEDAPHSLRSDLPTSSDSKDFSTSIPKQEKLLSLA	90	272	398	126
9772	HUMAN20491	O43187	505	593	GRETLLPWSGLSEGTGSSSNTPEETDDVDNSSLDASSSMSVAPWAGAATPLLPTENGEGRLRVIVGREADSSSEACVGLEPPQDVTETS	88	746	920	174
9774	HUMAN20493	Q9UBU3	22	69	MAGSSFLSPEHQRVQQRKESKKPPAKLQPRALAGWLRPEDGGQAEGAE	47	46	98	52
9775	HUMAN20498	Q01814	1151	1243	LYEGLEKPESRTSIHNFMAHPEFRIEDSQPHIPLIDDTDLEEDAALKQNSSPPSSLNKNNSAIDSGINLTTDTSKSATSSSPGSPIHSLETSL	92	3408	3654	246
9776	HUMAN20498	Q01814	292	382	GGEEEEKKDKKGVKKGDGLQLPAADGAAASNAADSANASLVNGKMQDGNVDASQSKAKQQDGAAAMEMQPLKSAEGGDADDRKKASMHKKE	90	1212	1410	198
9777	HUMAN20499	P48066	1	49	MTAEKALPLGNGKAAEEARESEAPGGGCSSGGAAPARHPRVKRDKAVHE	48	51	109	58
9778	HUMAN20499	P48066	592	632	TDLKMRGKLGVSPRMVTVNDCDAKLKSDGTIAAITEKETHF	40	788	832	44
9779	HUMAN20500	P30531	1	43	MATNGSKVADGQISTEVSEAPVANDKPKTLVVKVQKKAADLPD	42	29	171	142
9784	HUMAN20519	P04049	15	53	FGFKDAVFDGSSCISPTIVQQFGYQRRASDDGKLTDPSK	38	168	235	67
9785	HUMAN20520	Q8WWA1	1	147	METSASSSQPQDNSQVHRETEDVDYGETDFHKQDGKAGLFSQEQYERNKSSSSSSSSSSSSSSSSSSSSSESNDEDQQPRATGKHRRSLGAGYPHGNGSPGPGHGEPDVLKDELQLYGDAPGEVVPSGESGLRRRGSDPASGEVEAS	146	29	187	158
9786	HUMAN20522	O75155	313	345	NYNYDSDEDEEQMETEDSEFSEQESEDEYSDDD	32	622	666	44
9793	HUMAN20543	Q8ND61	241	296	GKEAKKKIGKSRTTEDVSMPPLHRGVGTPANSLEFSDPCPEAREKLQELCRHIEAE	55	288	358	70
9794	HUMAN20543	Q8ND61	321	365	HLMLARKGDSQTPGLHYPPTAGAQTLSPTSHPSSANHHFSQHCQE	44	384	438	54
9795	HUMAN20543	Q8ND61	573	656	KKEEEEFVRFKMRSRTHPERLPKLSLYSGESLLRSQSGHLESSIAETLKDEPESAPVSPVRKTTKIHTKAKVTSRGKAREGRSP	83	692	787	95
9796	HUMAN20543	Q8ND61	82	160	EPTFVQVPTLKKPLPPPPPAPPRPVLLATTGAAKRSTLSPTMARQVRTHQETLNRFQQQSIHLLTELLRLKMKAMVESM	78	94	191	97
9797	HUMAN20543	Q8ND61	836	904	SVLSLEDSESVKKAESEDIQGSSSSLALEDYVEKELSLEAEKTREPEVELHPLSRDSKITSWKKQASKK	68	1014	1103	89
9798	HUMAN20544	Q6ZNL6	1312	1349	RERPVSMSFPLSSPRFSGSAFSSVFQSINPSTFKKQKK	37	1900	1947	47
9800	HUMAN20549	Q9H1K0	206	246	SKESLSTHTSPSQSPNSVHGSRRGSISSMSSVSSVLDEKDD	40	356	453	97
9802	HUMAN20552	Q9Y6W3	152	201	EPLTKPVGKISSTSVKPKPPPVRAHFPLGANPFLERPQSFISPQSCDAQG	49	314	480	166
9803	HUMAN20553	O60239	1	84	MDAALKRSRSEEPAEILPPARDEEEEEEEGMEQGLEEEEEVDPRIQGELEKLNQSTDDINRRETELEDARQKFRSVLVEATVKL	83	19	228	209
9807	HUMAN20571	Q14699	435	578	PQKIKKKESKFQWRFSREEMHNRQMRKSKGKLSARDKQQAEENEKNLEDQSSKAGDMGNCVSGQQQEGGVSEEMKGPVQEDKGEQLSPGGLLCGVGVEGEAVQNGPASHSRALVGICTGHSNPGEDARDGDAEEVRELGTVEEN	143	664	876	212
9809	HUMAN20574	Q9UPR0	574	609	SNCSGVEGDVTDEDEGAEMSQRMGKENMEQPNNVPV	35	1067	1238	171
9810	HUMAN20575	Q92609	1	49	MYHSLSETRHPLQPEEQEVGIDPLSSYSNKSGGDSNKNGRRTSSTLDSE	48	20	98	78
9811	HUMAN20576	Q01826	1	70	MDHLNEATQGKEHSEMSNNVSDPKGPPAKIARLEQNGSPLGRGRLGSTGAKMQGVPLKHSGHLMKTNLRK	69	18	90	72
9812	HUMAN20576	Q01826	202	234	QSSLAKECPLSQSMISSIVNSTYYANVSAAKCQ	32	277	331	54
9815	HUMAN20581	P20339	184	215	NEPQNPGANSARGRGVDLTEPTQPTRNQCCSN	31	402	466	64
9816	HUMAN20583	A8MPX8	1	55	MSTNNALRVFWKSREWNMKTSTFDSDEDILLLPKRKRFRKKKSRPVRHTKRHEEE	54	23	127	104
9817	HUMAN20583	A8MPX8	300	348	GRKEVSRVQWSGCSAVTCILEGKPKSPYAHKNWKRKNTHDGLAESSPSQ	48	448	510	62
9819	HUMAN20584	Q92831	1	89	MSEAGGAGPGGCGAGAGAGAGPGALPPQPAALPPAPPQGSPCAAAAGGSGACGPATAVAAAGTAEGPGGGGSARIAVKKAQLRSAPRAK	88	46	191	145
9820	HUMAN20584	Q92831	360	447	QNSPIWDQDFLSASSRTSQLGIQTVINPPPVAGTISYNSTSSSLEQPNAGSSSPACKASSGLEANPGEKRKMTDSHVLEEAKKPRVMG	87	508	667	159
9821	HUMAN20585	Q5FBB7	1	92	MAKERCLKKSFQDSLEDIKKRMKEKRNKNLAEIGKRRSFIAAPCQIITNTSTLLKNYQDNNKMLVLALENEKSKVKEAQDIILQLRKECYYL	91	55	156	101
9822	HUMAN20586	Q9H6B1	216	263	ASQLEAHNSGTKHKTMLEARNGSGTIKAFPRAGVKGKGPVNKGNTGLQ	47	368	445	77
9823	HUMAN20586	Q9H6B1	279	319	ETQLKQHISSRRHKDRAAGKPPKPKYSPYNKLQKTAHPLGV	40	460	507	47
9824	HUMAN20586	Q9H6B1	327	363	PSKPLAPRILPNPLAAAAAAAAVAVSSPFSLRTAPAA	36	537	587	50
9825	HUMAN20595	P61313	147	204	DTQWITKPVHKHREMRGLTSAGRKSRGLGKGHKFHHTIGGSRRAAWRRRNTLQLHRYR	57	368	459	91
9826	HUMAN20598	P10828	182	213	DSKRLAKRKLIEENREKRRREELQKSIGHKPE	31	352	416	64
9827	HUMAN20598	P10828	1	95	MTPNSMTENGLTAWDKPKHCPDREHDWKLVGMSEACLHRKSHSERRSTLKNEQSSPHLIQTTWTSSIFHLDHDDVNDQSVSSAQTFQTEEKKCKG	94	9	154	145
9828	HUMAN20598	P10828	232	262	TNAQGSHWKQKRKFLPEDIGQAPIVNAPEGG	30	485	664	179
9830	HUMAN20603	Q96IV0	112	165	RLDGSNKSHKVKSSQQPAASTQLPTTPSSNPSGLNQHTRNRQGQSSDPPSASTV	53	272	431	159
9831	HUMAN20604	Q9NWU1	1	37	MSNCLQNFLKITSTRLLCSRLCQQLRSKRKFFGTVPI	36	254	318	64
9832	HUMAN20606	Q6ZWH5	40	74	SSKQQLPAINFDSAQNSMTKSEPAIRAGGHRARGQ	34	51	89	38
9836	HUMAN20614	Q504Y3	200	319	SKLQDKSETHDKVAALVKKRKQTSKNNIEKKKPKFRKRKRKAILKCSFENVYSDDALSKENRVVCETEVLLKELEQMLQQALQPTATPDESEEGHGEEINMGEKLSKCSPEAPAGSLFEN	119	245	385	140
9837	HUMAN20623	Q8TCJ2	1	67	MAEPSAPESKHKSSLNSSPWSGLMALGNSRHGHHGPGAQCAHKAAGGAAPPKPAPAGLSGGLSQPAG	66	90	271	181
9841	HUMAN20624	Q9BXB5	1	75	MERAVQGTDGGGGSNSSSRSSSRATSAGSSPSCSLAGRGVSSRSAAAGLGGGGSRSSPGSVAASPSGGGGRRREP	74	3	162	159
9842	HUMAN20629	Q96FZ5	1	33	MSHGAGLVRTTCSSGSALGPGAGAAQPSASPLE	32	10	74	64
9843	HUMAN20632	Q9Y6G9	1	44	MAAVGRVGSFGSSPPGLSSTYTGGPLGNEIASGNGGAAAGDDED	43	41	104	63
9845	HUMAN20636	Q2Q1W2	106	192	MDALPSSAFLLSNLLDAVVATADEPPPKNGRAGAPAGAGGHSNHRHHAHHAHPRASASAPPLPQAPQPPAPSRSAPGGPAASPSALL	86	185	390	205
9846	HUMAN20636	Q2Q1W2	21	53	SPAPLSSNSSASSSSSQTSTSSGGGGGGPGAAA	32	77	130	53
9847	HUMAN20638	P16278	647	677	SVTYDHPSKPVEKRLMPPPPQKNKDSWLDHV	30	2131	2259	128
9849	HUMAN20656	Q9UBL0	1	139	MSEQGDLNQAIAEEGGTEQETATPENGIVKSESLDEEEKLELQRRLEAQNQERRKSKSGAGKGKLTRSLAVCEESSARPGGESLQDQESIHLQLSSFSSLQEEDKSRKDDSEREKEKDKNKDKTSEKPKIRMLSKDCSQ	138	11	189	178
9850	HUMAN20660	O15050	1078	1140	EPGKESPGGEEEEEEEDEEEEDSIEVETVESIDEQEYEACAGGAGVEPAGDGQAAEVCAPEHP	62	1600	1712	112
9851	HUMAN20660	O15050	1239	1271	STIPSWQEDEEEAEVDGDYSEEDKAVEMRTGDS	32	1814	1870	56
9852	HUMAN20660	O15050	2891	2925	KEGIVQEDDYENEVEDFGELRPRRRSRKCGKQRKY	34	3775	3831	56
9853	HUMAN20660	O15050	609	678	RRRSRQDSAAHLGKLSKSTAPGHTSQLKSQGSFKSVPCGATARTLPEGSAVPDSWETLPGTQVTRKEPGA	69	1045	1123	78
9854	HUMAN20660	O15050	704	772	SFPEDCLQSSEPLEAGAGKEGKKDDKPTLGAGAPDCSEVGEGHAQVGLGALQLVPDDNRGKEGNDDQDD	68	1155	1259	104
9857	HUMAN20666	Q9Y608	532	647	GTPNGDVSHEPVAGAITVVSQEAAQVLESAGEGPLDVRLRKLAGEKEELLSQIRKLKLQLEEERQKCSRNDGTVGDLAGLQNGSDLQFIEMQRDANRQISEYKFKLSKAEQDITTL	115	872	1032	160
9858	HUMAN20675	O15195	714	795	PSHKEVVDGSPAAASTISEITAEVNNLRLSRWPGNGRAGAVALQALKGSQDSSENDLVRSPKSAGSRTSSSVSSTSATINGG	81	1170	1314	144
9859	HUMAN20677	Q9Y238	1	80	METRSSKTRRSLASRTNECQGTMWAPTSPPAGSSSPSQPTWKSSLYSSLAYSEAFHYSFAARPRRLTQLALAQRPEPQLL	79	22	154	132
9860	HUMAN20677	Q9Y238	260	365	LAEFEDELDHTVDSLTWNLTPKAKERTREPLKKASQPRNKNWMNHLRVPQRELDRLLLARMESRNHFLKNPRFFPPNTRYGGKSLVFPPKKPAPIGEFQSTEPEQS	105	437	581	144
9861	HUMAN20678	P09110	1	32	MQRLQVVLGHLRGPADSGWMPQAAPCLSGAPQ	31	73	217	144
9863	HUMAN20683	Q9Y226	509	551	DTLQDLELGPHPRSPKSVPSEKETEAKGRTSSPGVAFVSSTYF	42	863	1050	187
9864	HUMAN20688	Q9Y2C4	1	57	MAIKSIASRLRGSRRFLSGFVAGAVVGAAGAGLAALQFFRSQGAEGALTGKQPDGSA	56	31	134	103
9868	HUMAN20692	Q9Y5Y9	939	986	PQPKAEPELVVKLPLSSSKAENHIAANTARGSSGGLQAPRGPRDEHSD	47	1596	1678	82
9869	HUMAN20693	Q9UI33	1754	1791	GDQGDQNDLENGPHSPLQTLCNGDLSSFGVAKGKVHCD	37	2232	2271	39
9870	HUMAN20693	Q9UI33	24	60	LAAIEKRIAIQKEKKKSKDQTGEVPQPRPQLDLKASR	36	128	174	46
9872	HUMAN20693	Q9UI33	862	994	NLPQQKEVAGGCAAQSKDIIPLVMEMKRGSETQEELGILTSVPKTLGVRHDWTWLAPLAEEEDDVEFSGEDNAQRITQPEPEQQAYELHQENKKPTSQRVQSVEIDMFSEDEPHLTIQDPRKKSDVTSILSEC	132	1257	1414	157
9875	HUMAN20700	Q96S65	99	290	GFTSVPSRGGCTLGMALRHSACRRFSLAEFAQEQARARHEKLRQRLKEEKLEMLQWKLSAAGVPQAEAGLPPVVDAIDDASVEEDLAVAVAGGRLEEVSFLQPYPARRRRALLRASGVRRIDREEKRELQALRQSREDCGCHCDRICDPETCSCSLAGIKCQMDHTAFPCGCCREGCENPMGRVEFNQARVQ	191	292	485	193
9876	HUMAN20701	Q702N8	1	45	MADTQTQVAPTPTMRMATAEDLPLPPPPALEDLPLPPPKESFSKF	44	26	71	45
9880	HUMAN20709	Q8NFW9	25	100	DFNLRKKEEERLSELKQKLDEEGSKCSILSKHQQFVEHCCMRCCSPFTFLVNTKRQCGDCKFNVCKSCCSYQKHEK	75	28	107	79
9881	HUMAN20711	O75355	1	43	MFTVLTRQPCEQAGLKALYRTPTIIALVVLLVSIVVLVSITVI	42	6	242	236
9882	HUMAN20713	P50914	126	215	EVKKLQKAALLKASPKKAPGTKGTAAAAAAAAAAKVPAKKITAASKKAPAQKVPAQKATGQKAAPAPKAQKGQKAPAQKAPAPKASGKKA	89	382	511	129
9883	HUMAN20716	Q6ZNG0	64	182	EQGELPWGLDPWEPMGREALRGICPGDEARTEKEGLTPKDHVSKETESFRLMVGGLPGNVSQHLDFGSSLEQPQGHWIIKTKSKRRHFTDTSARHHEAYEVKNGEKFEKLGKNISVSTQ	118	210	398	188
9884	HUMAN20718	Q6ZSS3	65	147	ERGEAPWGPDPWDTEILRGISQGGESWIKNEGLVIKQEASEETELHRMPVGGLLRNVSQHFDFKRKALKQTFNLNPNLILRGG	82	89	253	164
9885	HUMAN20719	P35222	1	121	MATQADLMELDMAMEPDRKAAVSHWQQQSYLDSGIHSGATTTAPSLSGKGNPEEEDVDTSQVLYEWEQGFSQSFTQEQVADIDGQYAMTRAQRVRAAMFPETLDEGMQIPSTQFDAAHPTN	120	16	240	224
9888	HUMAN20727	P32241	410	457	GVLGWNPKYRHPSGGSNGATCSTQVSMLTRVSPGARRSSSFQAEVSLV	47	442	501	59
9889	HUMAN20729	Q9BRL7	155	187	LEDTDVANGVMNGHTPMHLEPAPNFRMEPVTAL	32	163	223	60
9892	HUMAN20735	Q2TBA0	264	297	RITTLRKKKKGKDGAGAKEADKGTSKAKAEEDEE	33	342	404	62
9894	HUMAN20739	O00590	338	384	GTAQASLSSCSESSILTAQEEMTGMNDLGERQSENYPNKEDVGNKSA	46	414	469	55
9895	HUMAN20746	Q8NAT1	1	55	MHLSAVFNALLVSVLAAVLWKHVRLREHAATLEEELALSRQATEPAPALRIDYPK	54	55	131	76
9898	HUMAN20754	P0DN24	1	101	MSRGQFGQGQEPLDMFFWVNEISGEITYPPQKADAPAVSPESPQKKPPFQPRSVQEAPCSPQGPPAQRPALAPPSKPSLKDSGSRNPCPSAPTWARPKPEE	100	0	104	104
9899	HUMAN20755	P59923	15	50	QSSRERGRLQTVKKEEEDESYTPVQAARPQTLNRPG	35	15	53	38
9900	HUMAN20756	Q6ZMS4	53	156	ESSELTPKQEIFKGSESSNSTSGGLFGVVPGGTETGDVCEDTFKELEGQPSNEEGSRLESDFLEIIDEDKKKSTKDRYEEYKEVEEHPPLSSSPVEHEGVLKGQ	103	286	391	105
9901	HUMAN20760	O14709	1	40	MTRENVAHNALRQEGLVKGKDDTWKWGTSFQGSSSSVWET	39	3	44	41
9902	HUMAN20762	P13682	1	220	MTAELREAMALAPWGPVKVKKEEEEEENFPGQASSQQVHSENIKVWAPVQGLQTGLDGSEEEEKGQNISWDMAVVLKATQEAPAASTLGSYSLPGTLAKSEILETHGTMNFLGAETKNLQLLVPKTEICEEAEKPLIISERIQKADPQGPELGEACEKGNMLKRQRIKREKKDFRQVIVNDCHLPESFKEEENQKCKKSGGKYSLNSGAVKNPKTQLGQK	219	0	236	236
9903	HUMAN20765	Q96AT1	82	154	AKADEEPTPADGRIIYRKPVKHPSDEKYSGLTASSKKKKPNEDEVNQDSVKKNSQKQIKNSSLLSFDNEDENE	72	177	363	186
9905	HUMAN20768	Q69YG0	1	59	MAERPGPPGGAVSATAYPDTPAEFPPHLQAGAMRRRFWGVFNCLCAGAFGALAAASAKL	58	23	86	63
9906	HUMAN20774	P05452	1	39	MELWGAYLLLCLFSLLTQVTTEPPTQKPKKIVNAKKDVV	38	37	90	53
9907	HUMAN20775	Q9H5V8	769	836	MGVCPPSPPTICSRAPTAKLATEEPPPRSPPESESEPYTFSHPNNGDVSSKDTDIPLLNTQEPMEPAE	67	1272	1392	120
9908	HUMAN20776	Q8WZ71	151	185	GRRTGRLRPAAAPSAAAATAGAPTALPAYPAAEPP	34	186	231	45
9909	HUMAN20776	Q8WZ71	1	71	MLPLLAALLAAACPLPPVRGGAADAPGLLGVPSNASVNASSADEPIAPRLLASAAPGPPERPGPEEAAAAA	70	2	94	92
9910	HUMAN20776	Q8WZ71	255	300	GMEQRRTTASTTAATPAAVPAGTTAAAAAAAAAAAAAAVTSGVATK	45	301	391	90
9912	HUMAN20781	Q9NQ48	118	209	EKAEITSSNKKPILDVTKPKLAPLNEGGTAELLNKEILRLQEENEKLKSRLKTIEIQATNALDEKSKLEKALQDLQLDQGNQKDFIKAQDLS	91	176	322	146
9914	HUMAN20786	Q9BQS8	340	410	LESMLQPLAQELEATRDSLDKKNQHLASFPGWLAMAQQKADTASDTKGRQEPIPSDAAQEMQELGEKLQAL	70	793	910	117
9915	HUMAN20786	Q9BQS8	549	601	QVGMLERLAGPPGPELPVAGEKNEALVPVNSSLQEAWGKPEEEQRGLQEAQLD	52	1283	1395	112
9916	HUMAN20786	Q9BQS8	746	778	VLTAEKGQQGVGPPTDNEARELAAQLALSQAQL	32	1619	1676	57
9917	HUMAN20787	O00574	313	342	GVSHQWKSSEDNSKTFSASHNVEATSMFQL	29	393	427	34
9918	HUMAN20796	Q9BQQ7	141	232	KDISLEGPHNSDNCEACLQGFCAGPIQVTSLPPSQTPRVHSIYKVEEVVKPWASGENVYSYACQNHICRNLSIFCCCVILIVIVVIVVKTAI	91	256	435	179
9919	HUMAN20798	P13385	1	75	MDCRKMARFSYSVIWIMAISKVFELGLVAGLGHQEFARPSRGYLAFRDDSIWPQEEPAIRPRSSQRVPPMGIQHS	74	12	101	89
9922	HUMAN20807	Q7Z5A4	22	69	GQNWAGMAAPRLPSPLLSEEGGENPEASPAPGPEAGPPLNLFTSFPGD	47	72	143	71
9923	HUMAN20808	P08590	1	38	MAPKKPEPKKDDAKAAPKAAPAPAPPPEPERPKEVEFD	37	51	102	51
9924	HUMAN20809	Q03431	483	593	FKRKARSGSSSYSYGPMVSHTSVTNVGPRVGLGLPLSPRLLPTATTNGHPQLPGHAKPGTPALETLETTPPAMAAPKDDGFLNGSCSGLDEEASGPERPPALLQEEWETVM	110	822	1019	197
9926	HUMAN20811	Q6ZNJ1	1858	1915	RDNLGEVPLTPTEEASLPLAVTKEAKVSTPPELLQEDQLGEDELAELETPMEAAELDE	57	2429	2501	72
9928	HUMAN20812	Q9BYW2	2311	2388	PYSQTTPPIVQSYAQPSLQYIQGQQIFTAHPQGVVVQPAAAVTTIVAPGQPQPLQPSEMVVTNNLLDLPPPSPPKPKT	77	3194	3280	86
9929	HUMAN20812	Q9BYW2	2421	2468	TWESPGDDASLEHEAEMDLGTPTYDENPMKASKKPKTAEADTSSELAK	47	3312	3367	55
9931	HUMAN20813	Q9HAQ2	718	790	MALKPGGSIRPGMVPVNRIVSLGEDDQDKFSQLQQRVLPEGPDSISFYNAKVKIEQKHNYLKTMMGLQQAHRK	72	1041	1161	120
9935	HUMAN20818	Q12770	454	496	KRLPPEACLPSAKPVGQPTRYERQLAVRPSTPHTITLQPSSFR	42	882	1037	155
9936	HUMAN20818	Q12770	818	855	QRRDSGVGSGLEAQESWERLSDGGKAGPEEPGDSPPLR	37	1892	2033	141
9937	HUMAN20818	Q12770	924	957	GLAAVCTPALRPPSPGPVLSQAPEDEGGSPEKGS	33	2182	2294	112
9939	HUMAN20822	O95196	404	566	YIWHKGMRCESIITDFQVMCVAVGSAALVLLLLFMMTVFFAKKLYLLKTENTKLRRTNKFRTPSELHNDNFSLSTIAEGSHPNVRKLCNTPRTSSPHARALAHYDNVICQDDPSAPHKIQEVLKSCLKEEESFNIQNSMSPKLEGGKGDQADLDVNCLQNNLT	162	677	867	190
9944	HUMAN20830	Q86UQ0	78	181	KPEVHTCPSCPLAFGSQQFLSQDELHNHPIPGFHAGNQLHPGNPCPEDQPQSQHPSDKNHRGAEAEDQRVEGGVRPLFWSTNERGALVGFSSLFQRPPISSWGG	103	78	185	107
9945	HUMAN20838	Q96ER9	275	331	AAGPGQDSGSQAGSPPTRDRDVDVLSAALKEQLSHSRQVHSCLEGLREQLDGLEKTC	56	354	423	69
9946	HUMAN20839	Q9Y2S6	1	64	MSGREGGKKKPLKQPKKQAKEMDEEDKAFKQKQKEEQKKLEELKAKAAGKGPLATGGIKKSGKK	63	49	170	121
9948	HUMAN20840	Q8WXE1	501	533	GADSAAGEGNRSLVHRLSDGDMTSALRGVADDQ	32	902	980	78
9949	HUMAN20843	Q8N114	130	176	CSCCCLYKTCRRPRPVVTTTTSTTVVHAPYPQPPSVPPSYPGPSYQG	46	257	323	66
9950	HUMAN20843	Q8N114	203	240	PMGPPAYHETLAGGAAAPYPASQPPYNPAYMDAPKAAL	37	434	537	103
9951	HUMAN20852	Q96RP3	1	68	MTRCALLLLMVLMLGRVLVVPVTPIPTFQLRPQNSPQTTPRPAASESPSAAPTWPWAAQSHCSPTRHP	67	1	72	71
9952	HUMAN20853	Q02388	1129	1160	PSGNNLGTAVVTAHRYMLAPDAPGRRQHVPGV	31	1544	1577	33
9954	HUMAN20858	Q9BXS9	593	660	KEEKLRKQAASPKGASVSINVNTSLEDMRSNNVEDCKMMQVSSGDKMEDATANGQEDSKAPDGSTLKA	67	1526	1656	130
9958	HUMAN20862	Q9UHH9	164	195	EKKGNISSQLKHYNPWSMKCHQQQLQRMKENA	31	332	364	32
9959	HUMAN20862	Q9UHH9	339	372	ERPEVVLDSDAEDLEDLSEESADESAGAYAYKPI	33	510	559	49
9960	HUMAN20862	Q9UHH9	96	141	VDIVDNSDCEPKSKLLRWTTNKKHHVLETEKTPKDWVRQHRKEEKM	45	255	306	51
9961	HUMAN20869	P13861	44	92	RAPASVLPAATPRQSLGHPPPEPGPDRVADAKGDSESEEDEDLEVPVPS	48	268	419	151
9962	HUMAN20873	Q8N7S6	1	157	MLGQRAGDGERPGLPGDGEGGVPARPGRRAERPPQRPAKVNKAVTCAAHLPGAAASRPLSPNKPDRVRPGQRDRIGAKRQRRRRADAGQARAASSRRVVPTAPEVLGAVASLPDRGRPTVARVATGSRLEGLFSAASLKLSALTQSLTRVRQAPTAS	156	0	166	166
9964	HUMAN20876	Q9NXG6	1	108	MAAAAVTGQRPETAAAEEASRPQWAPPDHCQAQAAAGLGDGEDAPVRPLCKPRGICSRAYFLVLMVFVHLYLGNVLALLLFVHYSNGDESSDPGPQHRAQGPGPEPTL	107	8	175	167
9965	HUMAN20883	Q9BU61	1	40	MATALALRSLYRARPSLRCPPVELPWAPRRGHRLSPADDE	39	28	112	84
9966	HUMAN20885	Q2TAL8	320	471	GDPQQQSITHIAIPQEAYNAVHVSGSPTALAAVKLEDDKEKMVGTTSVVKNSHEEVVQTLANSLFPAQFMNGNIHIPVAVQAVAGTYQNTAQTVHIWDPQQQPQQQTPQEQTPPPQQQQQQLQVTCSAQTVQVAEVEPQSQPQPSPELLLPN	151	452	659	207
9967	HUMAN20885	Q2TAL8	85	241	QPQTQQEQQIQVQQPQQVQVQVQVQQSPQQVSAQLSPQLTVHQPTEQPIQVQVQIQGQAPQSAAPSIQTPSLQSPSPSQLQAAQIQVQHVQAAQQIQAAEIPEEHIPHQQIQAQLVAGQSLAGGQQIQIQTVGALSPPPSQQGSPREGERRVGTASV	156	130	369	239
9968	HUMAN20886	P47897	190	225	KVAKARLEETDRRTAKDVVENGETADQTLSLMEQLR	35	797	925	128
9972	HUMAN20895	Q8IYA8	1	134	MNFNVWNIKEMLSIPSGSGNKKSSNWNNNQNDYSSLSDSQFLFGSQFCPENSETLSAPLDFGAHLRHSKQSQQNYLEGEPSIFTKYQTKPQLFGGDIKDGGLFPPPLSVGKSKGLLEQFEEKKKRAKDKCDSET	133	16	153	137
9973	HUMAN20897	Q6ZUJ4	1	166	MHYIKTWSLLGEMSEKLRRCRKELTAAIDRAFEGVSYSQECTGQQRLELSAAPLSFSLPVHRLLCRRHPLAACSSAAPFAAVPCAPENENPAFATNHAPVNAKPHALCPERKPLTSKENVLMHSSILAPERESWRTAGEGENWRKENLRKDMERDLKADSNMPLNN	165	41	236	195
9974	HUMAN20898	Q13107	228	295	TLQSKSSTAPSRNFTTSPKSSASPYSSVSASLIANGDSTSTCGMHSSGVSRGGSGFSASYNCQEPPSS	67	520	666	146
9975	HUMAN20898	Q13107	637	699	DEFGSSPLEPGACNGSRNSCEGEDEEEMEHQEEGKEQLSETEGSGEDEPGNDPSETTQKKIKG	62	1290	1497	207
9976	HUMAN20898	Q13107	925	963	DEFYKTPSLSSSGSSDGGTRPSSSQQGFGDDEACSMDTN	38	1834	1943	109
9977	HUMAN20905	P57738	73	103	LGGQNGSTPDGSTHFPSWEMAANEPLKTHRE	30	97	148	51
9978	HUMAN20906	P48728	1	30	MQRAVSVVARLGFRLQAFPPALCRPLSCAQ	29	157	379	222
9980	HUMAN20911	Q14118	719	749	IPVVPPRRVPSEAPPTEVPDRDPEKSSEDDV	30	979	1044	65
9981	HUMAN20911	Q14118	806	895	DSKPPPSSSMPLILQEEKAPLPPPEYPNQSVPETTPLNQDTMGEYTPLRDEDPNAPPYQPPPPFTAPMEGKGSRPKNMTPYRSPPPYVPP	89	1103	1219	116
9983	HUMAN20915	Q5XPI4	681	740	ANRFLSTAAVSLMTPRRPLSTSEKVKVRTLSVEQRTREDIEGSHWNEGLLLGRPPEEPEQ	59	1401	1540	139
9984	HUMAN20917	Q86WK7	411	449	RRACRCRRWPQTPSPLQELSAQSSVLSTTPPDAPSRKAS	38	555	610	55
9985	HUMAN20919	Q92551	343	394	ECRAESCLDRRSEMRLKHLDMVLPEVASSCGPSTSPSNTSPEAGPSSQPKVD	51	607	785	178
9986	HUMAN20919	Q92551	98	200	ESETVEQDDTTEREQPRRKHSRRSLHRSGSGSDHKEEKASLSLETSESSQEAKSPKVELHSHSEVPFQMLDGNSGLSSEKISHNPWSLRCHKQQLSRMRSESK	102	279	465	186
9988	HUMAN20922	Q96EL1	207	251	GSEGGDGGGHRARARPPQFLLGLSEQLRRRLARARRTAMAGKRLS	44	358	431	73
9989	HUMAN20924	Q9BWF2	279	412	NLPPVASETVDRLVLESPAPVEVNLKLRRPSFRDDIDLNATFDVDTPPARPSSSQHGYYEKLCLEKSHSPIQDVPKKICKGPRKESQLSLGGQSCAGEPDEELVGAFPIFVRNAILGQKQPKRPRSESSCSKDV	133	382	563	181
9990	HUMAN20924	Q9BWF2	420	461	LGGRTKFIQPTDTVMIRPLPVKPKTKVKQRVRVKTVPSLFQA	41	573	655	82
9992	HUMAN20926	Q04912	1368	1400	SHEMNVRPEQPQFSPMPGNVRRPRPLSEPPRPT	32	1621	1672	51
9995	HUMAN20928	P78332	565	653	VTEAKQELITYPQPQKTSIPAPLEKQPNQPLRPADKEPEPRKREEGQESRLGHQKREAERYLPPSRREGPTFRRDRERESWSGETRQDG	88	653	757	104
9996	HUMAN20928	P78332	812	948	TQQEVYVPQDPGLPEEEEIKEKKPTSQGKSSSKKEMSKRDGKEKKDRGVTRFQENASEGKAPAEDVFKKPLPPTVKKEESPPPPKVVNPLIGLLGEYGGDSDYEEEEEEEQTPPPQPRTAQPQKREEQTKKENEEDK	136	934	1121	187
9998	HUMAN20929	P52756	387	448	GGLESDASSASGTAVTTTSAAVVSQSPQLYNQTSNPPGSPTEEAQPSTSTSTQAPAASPTGV	61	1885	2041	156
9999	HUMAN20931	Q13275	704	741	AALFPPLSMSAPPPPGAGPPTPPYQELAQLLAQPEVGL	37	922	994	72
10000	HUMAN20931	Q13275	751	785	RHVPPSPREAPGAPRSPEPQDQKKPRNRRHHPPDT	34	1013	1058	45
10001	HUMAN20933	Q99624	1	64	MEAPLQTEMVELVPNGKHSEGLLPVITPMAGNQRVEDPARSCMEGKSFLQKSPSKEPHFTDFEG	63	43	198	155
10002	HUMAN20937	Q8N112	1	42	MPSLAPDCPLLAMPEETQEDSVAPMMPSQRSRGPLAPNHVHE	41	0	67	67
10004	HUMAN20938	Q12894	472	506	ACKVPRFEKHLYNAAAFKARTKARSRVRDKRADIL	34	1082	1203	121
10005	HUMAN20943	O75896	1	37	MGASGSKARGLWPFASAAGGGGSEAAGAEQALVRPRG	36	29	79	50
10007	HUMAN20953	Q9UK00	1	162	MNSRTASARGWFSSRPPTSESDLEPATDGPASETTTLSPEATTFNDTRIPDAAGGTAGVGTMLLSFGIITVIGLAVALVLYIRKKKRLEKLRHQLMPMYNFDPTEEQDELEQELLEHGRDAASVQAATSVQAMQGKTTLPSQGPLQRPSRLVFTDVANAIHA	161	0	197	197
10008	HUMAN20958	Q16644	1	35	MDGETAEEQGGPVPPPVAPGGPGLGGAPGGRREPK	34	0	224	224
10009	HUMAN20958	Q16644	345	382	DYDQVKIKDLKTSNNRLLNKRRKKQAGSSSASQGCNNQ	37	647	735	88
10011	HUMAN20961	Q8NDT2	1	134	MKRQSERDSSPSGRGSSSSAKRPREREREAEAGGRRAAHKASGGAKHPVPARARDKPRGSGSGGGGHRDGRGTGDANHRASSGRSSGSGAGGGGRGGKASGDPGASGMSPRASPLPPPPPPPGAEPACPGSSAA	133	49	272	223
10012	HUMAN20961	Q8NDT2	223	314	GGSSRRSSSSSAAASTPPPGPPAPADPLGYLPLHGGYQYKQRSLSPVAAPPLREPRARHAAAAFALDAAAAAAVGLSRERALDYYGLYDDRG	91	383	525	142
10018	HUMAN20963	Q9Y4B4	1430	1467	GLLRSQVPPFDSHEVAEVGFSSNDDEDKDDDVIEVTGK	37	2652	2726	74
10021	HUMAN20963	Q9Y4B4	984	1052	RPSYAQYYPASDQSLTSIPAFSQRNWQPTLKGDEKPVASVRPVQSTPIPMMPRHVPLGGSVSSASSTNP	68	1862	1966	104
10022	HUMAN20964	Q9Y6I9	198	313	TEWKWRGLVEAIDTQVDGTGADTMSDTSSVSLEVSPGSRETSAATLSPGASSRGWDDGDTRSEHSYSESGASGSSFEELDLEGEGPLGESRLDPGTEPLGTTKWLWEPTAPEKGKE	115	233	426	193
10023	HUMAN20965	Q14416	824	872	NVVSHRAPTSRFGSAAARASSSLGQGSGSQFVPTVCNGREVVDSTTSSL	48	1159	1235	76
10024	HUMAN20970	Q8N6M8	1	66	MEEKQPQKTKEPSKEDEPQQKEMPTHLSLGAESKAEAKTPVLVETQTVDNANEKSEKPPENQKKLS	65	2	76	74
10026	HUMAN20974	Q9BZJ7	205	237	RPPRPARGSRLHSDSLDSRLSILPPLRPRLPGG	32	211	249	38
10027	HUMAN20974	Q9BZJ7	311	368	GPVRACTPQAWHPRALLQCLQRPPEGPAVGPSEAPEQTPELAGGRSPAYQGPPESSLS	57	335	413	78
10028	HUMAN20975	P57723	315	403	TSGGTPSSAPADLPAPFSPPLTALPTAPPGLLGTPYAISLSNFIGLKPMPFLALPPASPGPPPGLAAYTAKMAAANGSKKAERQKFSPY	88	578	725	147
10029	HUMAN20987	P47914	1	159	MAKSKNHTTHNQSRKWHRNGIKKPRSQRYESLKGVDPKFLRNMRFAKKHNKKGLKKMQANNAKAMSARAEAIKALVKPKEVKPKIPKGVSRKLDRLAYIAHPKLGKRARARIAKGLRLCRPKAKAKAKAKDQTKAQAAAPASVPAQAPKRTQAPTKASE	158	16	242	226
10030	HUMAN20990	Q16829	189	240	NVDSSSSPSSSPPTSVLGLGGLRISSDCSDGESDRELPSSATESDGSPVPSS	51	280	378	98
10031	HUMAN20990	Q16829	1	51	MKNQLRGPPARAHMSTSGAAAAGGTRAGSEPGAGSGSGAGTGAGAATGAGA	50	8	62	54
10032	HUMAN20990	Q16829	388	419	SSPCDNHASSEQLYFSTPTNHNLFPLNTLEST	31	546	692	146
10035	HUMAN20996	Q6IBS0	315	349	KQHAFKQAFAKPKGPGGKRGHKRLIRGPGENGDDS	34	623	751	128
10036	HUMAN21000	Q8IVS8	1	30	MAAALQVLPRLARAPLHPLLWRGSVARLAS	29	71	159	88
10039	HUMAN21002	Q92560	695	729	NISVRRRQGVSIGRLHKQRKPDRRKRSRPYKAKRQ	34	902	942	40
10040	HUMAN21004	Q9BWX1	303	381	AAATDYIPENSGDIPCCSSTFHPEEHFCRDNTLEENPGLSWTDWPEPSLLEKPESSRGRRSYSWRSKGVRITNSCKKSK	78	404	583	179
10041	HUMAN21005	Q9NS98	734	782	TTECSGCFRSRSRGKQARGKSWAGLELGKKMKSRVHAEHNRTPREVEAT	48	1054	1117	63
10044	HUMAN21015	Q86U86	1100	1133	VFANADKGDDEKNTDNSEDSRAEDNFNLEKEKED	33	1883	1929	46
10045	HUMAN21015	Q86U86	1509	1589	SMQPLHPGGPPPHHLPPGVPGLPGIPPPGVMNQGVAPMVGTPAPGGSPYGQQVGVLGPPGQQAPPPYPGPHPAGPPVIQQP	80	2573	2808	235
10046	HUMAN21015	Q86U86	1	43	MGSKRRRATSPSSSVSGDFDDGHHSVSTPGPSRKRRRLSNLPT	42	21	88	67
10047	HUMAN21015	Q86U86	294	379	KSSLRMRTPSNLAAARLTGPSHSKGSLGEERNPTSKYYRNKRAVQGGRLSAITMALQYGSESEEDAALAAARYEEGESEAESITSF	85	518	669	151
10048	HUMAN21015	Q86U86	487	517	LARRDDIEDGDSMISSATSDTGSAKRKSKKN	30	808	1002	194
10049	HUMAN21015	Q86U86	904	941	KERKEKLPKEIEEDKLKREEEKREAEKSEDSSGAAGLS	37	1581	1651	70
10052	HUMAN21017	Q68CQ7	1	60	MSFRKVNIIILVLAVALFLLVLHHNFLSLSSLLRNEVTDSGIVGPQPIDFVPNALRHAVD	59	36	203	167
10054	HUMAN21021	P19827	1	47	MDGAMGPRGLLLCMYLVSLLILQAMPALGSATGRSKSSEKRQAVDTA	46	15	85	70
10055	HUMAN21021	P19827	618	660	DGLKPTIDKPSEDSPPLEMLGPRRTFVLSALQPSPTHSSSNTQ	42	804	881	77
10056	HUMAN21023	Q06033	1	34	MAFAWWPCLILALLSSLAASGFPRSPFRLLGKRS	33	48	157	109
10057	HUMAN21031	Q9UHJ3	456	493	ARVYKQRKIAVVQPEKQVPSSRTVHEGLRNQELNSTES	37	946	1030	84
10059	HUMAN21035	Q05655	286	336	LLAEALNQVTQRASRRSDSASSEPVGIYQGFEKKTGVAGEDMQDNSGTYGK	50	650	896	246
10065	HUMAN21046	Q9HBL6	237	268	PDPVSSQAQWPGSAHGVVLRPPENHNAGEREL	31	356	423	67
10066	HUMAN21047	P41221	1	36	MKKSIGILSPGVALGMAGSAMSSKFFLVALAIFFSF	35	124	197	73
10068	HUMAN21049	O15083	635	667	ELTEKESSLIDLKEHASSLASAGLKRDSKLKSL	32	885	918	33
10071	HUMAN21053	Q9UK61	1	98	MATAVETEACQPTDASWESGGGGDDEMKQALPELESSQQNGGGGGLNIAEPSGGAGREENAGAEAAQSLSHEQPQDSSEAGAAALPRGPEEPERPVRR	97	95	257	162
10072	HUMAN21058	Q7Z6I5	1	70	MSSSALTCGSTLEKSGDTWEMKALDSSRLVPWPPRGLGSSTQHPNKPHCALASCQGPGVLPGAASALPEL	69	0	71	71
10073	HUMAN21059	Q8NFM7	2	34	APWLQLCSVFFTVNACLNGSQLAVAAGGSGRAR	32	44	91	47
10075	HUMAN21060	Q9UBX0	1	109	MSPSLQEGAQLGENKPSTCSFSIERILGLDQKKDCVPLMKPHRPWADTCSSSGKDGNLCLHVPNPPSGISFPSVVDHPMPEERASKYENYFSASERLSLKRELSWYRGR	108	19	131	112
10076	HUMAN21061	Q9UKG1	380	446	SENPEETAARVNQSALEAVTPSPSFQQRHESLRPAAGQSRPPTARTSSSGSLGSESTNLAALSLDSL	66	796	999	203
10077	HUMAN21061	Q9UKG1	457	496	IISPVCEDQPGQAKAFGQGGRRTNPFGESGGSTKSETEDS	39	1009	1067	58
10078	HUMAN21062	A6NK59	1	43	MDNYTSDEDIDEDFDTQLIIQQSLQDIYKPGTAQHAPKDESLH	42	38	89	51
10079	HUMAN21064	Q6L8Q7	1	33	MWRLPGARAALRVIRTAVEKLSRAEAGSQTAAG	32	12	102	90
10080	HUMAN21067	Q8IWF6	1	50	MALRGPAGLGPGSRRPLDEAVAGAEGREAPALVAAGGAPEDDEEDDGRGR	49	20	264	244
10082	HUMAN21069	Q14BN4	679	734	ENVLLSSELQRQEKELHNSQKQSLELTSDLSILQMSRKELENQVGSLKEQHLRDSA	55	845	903	58
10083	HUMAN21069	Q14BN4	797	828	NNKPWPWMPMLAALVAVTAIVLYVPGLARASP	31	971	1025	54
10084	HUMAN21091	Q96BQ1	1	54	MRVSGVLRLLALIFAIVTTWMFIRSYMSFSMKTIRLPRWLAASPTKEIQVKKYK	53	1	69	68
10087	HUMAN21101	Q8TBJ5	430	459	FDLKKHVRKLHDSVGPAAPSAKDLTRTVQS	29	628	690	62
10089	HUMAN21109	Q96BT1	1	129	MAQPQLYLPEPFKIAYRKVGQCRRFQQLKKKNGSFKRKGIERWHRAVSTNLLKQNVLVPKEESSSDSDMGFHESQQNQKSNLKTKVKTAFGRMLSYKYRSKPACASQEGSTDHKEALLSNTQSLLPRIV	128	4	138	134
10090	HUMAN21111	O15265	1	144	MSERAADDVRGEPRRAAAAAGGAAAAAARQQQQQQQQQQPPPPQPQRQQHPPPPPRRTRPEDGGPGAASTSAAAMATVGERRPLPSPEVMLGQSWNLWVEASKLPGKDGTELDESFKEFGKNREVMGLCREDMPIFGFCPAHDD	143	88	279	191
10091	HUMAN21115	Q9P2N4	212	287	PQREPSTGRHACDTSEHKNRHSKDKKKTRARKWGERINLAGDVAALNSGLATEAFSAYGNKTDNTREKRTHRRTKR	75	816	996	180
10092	HUMAN21116	Q96QZ7	199	296	GKVITTDALHSLQSGSKQSTPKRTKSYNDMQNAGIVHAENEEEDDVPEMNSSFTADSGEQEEHTLQETALPPVNSSIIAAPITDPSQKFPQYLPLSAE	97	561	760	199
10093	HUMAN21116	Q96QZ7	391	450	VLEAKRKKQLEQQQQQQQQQQQQQQQQQQQQTEEWTEDHSALVPPVIPNHPPSNPEPARE	59	877	1060	183
10094	HUMAN21116	Q96QZ7	586	635	QETYDSPASHSSKTGKVNGMKDARPSSPADVASNSSHGYPNDTVSLASSI	49	1241	1367	126
10096	HUMAN21120	Q96JA1	821	928	KSEEYSVTNTDETVVPPDVPSYLSSQGTLSDRQETVVRTEGGPQANGHIESNGVCPRDASHFPEPDTHSVACRQPKLCAGSAYHKEPWKAMEKAEGTPGPHKMEHGGR	107	1425	1562	137
10098	HUMAN21122	Q96I99	1	34	MASPVAAQAGKLLRALALRPRFLAAGSQAVQLTS	33	14	143	129
10099	HUMAN21126	Q96LR4	1	43	MRSPRMRVCAKSVLLSHWLFLAYVLMVCCKLMSASSQHLRGHA	42	22	68	46
10102	HUMAN21130	Q8TBC4	1	32	MADGEEPEKKRRRIEELLAEKMAVDGGCGDTG	31	58	217	159
10104	HUMAN21136	Q9Y2L6	844	895	HYGYERQRDYSRSFHEDEVDRVPHNPYATLRLPRKAAAKSEHITKNIHKALV	51	1095	1149	54
10105	HUMAN21136	Q9Y2L6	906	1018	ASGQKDQGHSPQTSFDSDRGSQRCLGFAGLQVPCSPSSRASSYSSVSSTNASGNWRTQLTIGLSDYETPAHSSYTSCYGNVYNPLPSPSRQYTEISQLDGTDGNQLEDNLESS	112	1159	1304	145
10106	HUMAN21142	A0A1B0GVS7	1	102	MSETELEKIKVRTAEHLENDKNNISWLKEDTQLTNAKHADEKPINAIVINSVSDFNITDGPAKENPNEKKLSESSTSLSSLEECQTTFSYLQTDTSVHHRDT	101	8	152	144
10107	HUMAN21146	Q8N5X7	1	44	MALPPAAAPPAGAREPPGSRAAAAAAAPEPPLGLQQLSALQPEP	43	49	147	98
10108	HUMAN21147	Q9NS67	211	274	RRKMRPARLVPAVSHDWTFHGPGATGQAAANWTAGFGRGPTPPALVGIRPAGPGRGARRLLVLE	63	260	326	66
10110	HUMAN21151	A0PJZ3	1	104	MKLRSKAAALLLLALAALLLALLSLRAGRAEPPALPARPASAPQRHPAPVPARWPGPGALPGASPGVRRRRPPRPRPRAGRRGAARLEKLARRPGEPRSFQAVL	103	83	265	182
10111	HUMAN21155	Q6P2I7	41	75	SRNQFSTMSHLRKDSQPSSPGDDAMDRSGLPDLQG	34	40	75	35
10112	HUMAN21156	Q9UPQ7	342	378	TKMFTPPSESQLVDTGTQTDITFEHIMALTKMSSPSP	36	366	404	38
10114	HUMAN21159	A6NGY1	1	173	MGKGNEDPDLHCSSIQCSTDQPPFQQISFTEKGSDEKKPFKGKGKTAFSHSSEKHTQRQAGSDPNPNKENSEETKLKAGNSTAGSEPESSSYQENCRKRKISSKDICQDRAGNCPEEECNLTLNKKSRSSTAVHNSEIQETCDAHHRGSSRACTGRSKRHRSRALEVQTPSLR	172	0	181	181
10115	HUMAN21159	A6NGY1	250	282	PGDSALDREAHPFPGQEITEPVSGSDEAKLGAP	32	261	316	55
10118	HUMAN21171	A8MV65	15	79	ASQYLPNPMAATTCPTAYYQPAPQPGQQKKLAVFSKMQDSLEVTLPSKQEEEDEEEEEEEKDQPA	64	77	184	107
10119	HUMAN21175	P30939	213	287	HKRQASRIAKEEVNGQVLLESGEKSTKSVSTSYVLEKSLSDPSTDFDKIHSTVRSLRSEFKHEKSWRRQKISGTR	74	317	429	112
10120	HUMAN21178	Q5JPI3	103	133	PQLKLKETPEPVTKTEDIHLFQQQVKEDKKA	30	208	346	138
10122	HUMAN21179	A0A1B0GTH6	693	723	QLHPRKPNRSQSSSLKTKPVRNNNTVKWRKG	30	706	737	31
10124	HUMAN21185	Q8N4C7	1	32	MKDRLQELKQRTKEIELSRDSHVSTTETEEQG	31	31	84	53
10126	HUMAN21194	Q8IUF8	1	34	MPKKAKPTGSGKEEGPAPCKQMKLEAAGGPSALN	33	139	218	79
10127	HUMAN21195	A8MPY1	1	58	MVLAFQLVSFTYIWIILKPNVCAASNIKMTHQRCSSSMKQTCKQETRMKKDDSTKARP	57	0	88	88
10128	HUMAN21195	A8MPY1	392	430	IDMDQTSLSLNSEDFMRRKSICSPSTDSSRIKRRKSLGG	38	479	520	41
10130	HUMAN21215	P49685	322	360	KNYDFGSSTETSDSHLTKALSTFIHAEDFARRRKRSVSL	38	356	397	41
10131	HUMAN21220	Q96PD2	1	68	MASRAVVRARRCPQCPQVRAAAAAPAWAALPLSRSLPPCSNSSSFSMPLFLLLLLVLLLLLEDAGAQQ	67	20	113	93
10132	HUMAN21220	Q96PD2	453	560	PKGRPPKLTQPPPPRNSNDLKNTTAPPKIAKGRAPKFTQPLQPRSSNEFPAQTEQTTASPDIRNTTVTPNVTKDVALAAVLVPVLVMVLTTLILILVCAWHWRNRKKK	107	509	679	170
10134	HUMAN21223	Q9BQ75	1	89	MADDLGDEWWENQPTGAGSSPEASDGEGEGDTEVMQQETVPVPVPSEKTKQPKECFLIQPKERKENTTKTRKRRKKKITDVLAKSEPKP	88	24	262	238
10135	HUMAN21226	Q4L180	1068	1135	SPYMQAVASPVRPASPSAPLQDNRTQGLINGALNKTTNKVTSSITITPTATPLPRQSQITVEPLLLPH	67	1215	1302	87
10136	HUMAN21226	Q4L180	1	71	MRSRGSDTEGSAQKKFPRHTKGHSFQGPKNMKHRQQDKDSPSESDVILPCPKAEKPHSGNGHQAEDLSRDD	70	0	116	116
10137	HUMAN21226	Q4L180	340	385	TNRSLRKAEEELQDIKEKISKGEYGNAGIMAEVEELRKRVLDMEGK	45	411	470	59
10138	HUMAN21226	Q4L180	595	649	LEAIEKDFLKNKLNQDSGKSTTALHQENNKIKELSQEVERLKLKLKDMKAIEDDL	54	687	748	61
10140	HUMAN21228	Q9NUY8	464	544	RSSINSVDGESPNGSSDRGMKSLVNKMTVALKTKSVNVREKVISFIENTSTPVDRMSFNLPWPDRSCTERHVSSSDRVGKP	80	878	1110	232
10141	HUMAN21232	O94826	1	33	MAASKPVEAAVVAAAVPSSGSGVGGGGTAGPGT	32	174	258	84
10142	HUMAN21232	O94826	64	107	RRREARGRGDASGLKRNSERKTPEGRASPAPGSGHPEGPGAHLD	43	332	578	246
10143	HUMAN21235	Q96K78	743	797	RRKSLPSVTRPRLRVKMYNFLRSLPTLHERFRLLETSPSTEEITLSESDNAKESI	54	1125	1281	156
10145	HUMAN21240	Q9BZV3	169	236	LTYAKETVSSSELSSPVPVGDTSTLGDTTLSVPHPEVDAYEGASESSLERPEESISNEIENVIEEATK	67	187	321	134
10146	HUMAN21240	Q9BZV3	32	74	YLSIEEIQEPKSAVSFLLPEESTDLSLATKKKQPLDRRETERQ	42	35	89	54
10149	HUMAN21241	Q9BQF6	682	733	TCSFPAGVAVAEEMKLKSVSQPSNTDAAKPTYTFLQKQSSGCYSLSITSNPD	51	780	839	59
10150	HUMAN21241	Q9BQF6	876	928	YEDFPQTVSQQSQAQQSQNDNKTIDNDLRTTSTLSLSAEDSQSTESNMSVPKK	52	982	1078	96
10151	HUMAN21243	Q7L0Y3	152	183	MKAAAREEAKNIKLLETTEEDKQKNFLFLRLW	31	252	301	49
10152	HUMAN21243	Q7L0Y3	44	87	IPAVTYPKNESTPPSEELELDKWKTTMKSSVQEECVSTISSSKD	43	91	185	94
10153	HUMAN21244	Q8WW12	1	178	MADGKAGDEKPEKSQRAGAAGGPEEEAEKPVKTKTVSSSNGGESSSRSAEKRSAEEEAADLPTKPTKISKFGFAIGSQTTKKASAISIKLGSSKPKETVPTLAPKTLSVAAAFNEDEDSEPEEMPPEAKMRMKNIGRDTPTSAGPNSFNKGKHGFSDNQKLWERNIKSHLGNVHDQDN	177	24	233	209
10154	HUMAN21246	O95625	124	174	DRSRPISDVSEMLEELGLDLESGEESNESEDDLSNFTSSPTTASKPAKKKP	50	261	325	64
10155	HUMAN21248	P83731	60	157	KKGQSEEIQKKRTRRAVKFQRAITGASLADIMAKRNQKPEVRKAQREQAIRAAKEAKKAKQASKKTAMAAAKAPTKAAPKQKIVKPVKVSAPRVGGKR	97	209	322	113
10156	HUMAN21251	Q969Y0	1	30	MWTNFFKLRLFCCLLAVLMVVVLVINVTQV	29	14	50	36
10158	HUMAN21254	Q13740	552	583	KKSKTASKHVNKDLGNMEENKKLEENNHKTEA	31	679	723	44
10160	HUMAN21257	Q8NEL0	181	224	NTLASTDMEISSAEPEKVPSYPKSTDHLEKKTISPQMKTLKKRN	43	183	228	45
10161	HUMAN21262	Q9NWB7	164	238	KRPIYPVEELEEESVAEDDAELTLNKVDEEFVEEETDNEENFIDLNVLKAQTYHLDMNETAKQEDILESTTDAAE	74	409	593	184
10162	HUMAN21262	Q9NWB7	1	33	MTAALAVVTTSGLEDGVPRSRGEGTGEVVLERG	32	50	114	64
10163	HUMAN21262	Q9NWB7	386	429	ETVEMDIRIGIVEHTLLQSKLKEKSNMTRNMHATVIPEPATGFY	43	836	927	91
10164	HUMAN21264	Q9UM44	366	414	KCCRAQLEARRSRHPADGAQQERCCVPPGERCPSAPDNGEENVPLSGKV	48	480	556	76
10165	HUMAN21269	Q86Y13	1087	1144	KKSQSQGKSVSNVNCVSPSHSPSQPDAAQPPKPAWRPLTSQGPATWEGASNPDEEEEE	57	1173	1237	64
10166	HUMAN21269	Q86Y13	1	85	MDSLPDEFFVRHPAVEDQRKEETENKLEKSSGQLNKQENDIPTDLVPVNLLLEVKKLLNAINTLPKGVVPHIKKFLQEDFSFQTM	84	0	107	107
10167	HUMAN21269	Q86Y13	587	752	GIALQSITGSQRIEIEELQNEEEELSPPLMEYNINVKSHPEIQFAEINKDGTSIPSESSTESLKDLQEVKSKQRKKKKTKNKKNKDSKEDQVPYVVEKEEQLRKEQANPHSVSRLIKDDASDVQEDSAMEDKFYSLDELHILDMIEQGSAGKVTTDYGETEKERLA	165	626	804	178
10168	HUMAN21269	Q86Y13	953	1029	PPPPSPEILMQQFLGRPLVKESFFRPILTVPQMPAVCPGVVSATGQPRAPLMTGIAWALPAPVGDAVPPSAGLRSDP	76	1037	1115	78
10169	HUMAN21271	Q6PIZ9	35	163	EKQRQDKMYSYSSDHTRVDEYYIEDTPIYGNLDDMISEPMDENCYEQMKARPEKSVNKMQEATPSAQATNETQMCYASLDHSVKGKRRKPRKQNTHFSDKDGDEQLHAIDASVSKTTLVDSFSPESQAV	128	64	209	145
10170	HUMAN21277	Q7Z7J5	133	172	DMPEMSQETRLQRCSRKRKAVTKRARLQRSYEMNERAEET	39	157	210	53
10171	HUMAN21277	Q7Z7J5	34	82	DANMEQMEPSVSSTSDVKLEKPKKYNPGHLLQTNEQFTAPQKARCKIPA	48	36	101	65
10172	HUMAN21278	Q7L190	135	185	TAKEAKIRKSLQKKLKVEKGETSLQSSETHPPEVALPPVGEPPALENSTAL	50	201	261	60
10173	HUMAN21278	Q7L190	1	82	MLRGSASSTSMEKAKGKEWTSTEKSREEDQQASNQPNSIALPGTSAKRTKEKMSIKGSKVLCPKKKAEHTDNPRPQKKIPIP	81	0	145	145
10174	HUMAN21283	P40200	384	481	STDPPLSVTESTLDTQPSPASSVSPARYPATSSVTLVDVSALRPNTTPQPSNSSMTTRGFNYPWTSSGTDTKKSVSRIPSETYSSSPSGAGSTLHDNV	97	486	701	215
10175	HUMAN21285	Q9BTP6	112	142	KSGHGQAGQRQDPRPHGPQLPTGIEGNWGRL	30	117	149	32
10176	HUMAN21285	Q9BTP6	152	218	WASQREKEVLRRERAVEWRERAVEKRERALEEVERAILEMKWKVRAEKEACQREKELPAAVHPFHFV	66	159	272	113
10177	HUMAN21285	Q9BTP6	1	51	MMRREDEEEEGTMMKAKGDLEMKEEEEISETGELVGPFVSAMPTPMPHNKG	50	0	56	56
10179	HUMAN21292	Q7RTY8	28	92	QKKLPVRRPPLPGRRLPLPGRRPPQRPIGKAKPKKQSKKKVPFWNVQNKIILFTVFLFILAVIAW	64	37	133	96
10181	HUMAN21300	Q7Z6A9	179	251	RRHQGKQNELSDTAGREINLVDAHLKSEQTEASTRQNSQVLLSETGIYDNDPDLCFRMQEGSEVYSNPCLEEN	72	266	405	139
10183	HUMAN21302	Q9BS91	1	34	MEKQCCSHPVICSLSTMYTFLLGAIFIALSSSRI	33	67	127	60
10184	HUMAN21302	Q9BS91	377	424	KPQVPEYAPRQERIRDLSGNLWERSSGDGEELERLTKPKSDESDEDTF	47	539	609	70
10185	HUMAN21303	Q76M96	24	137	HPHATIRGSHGGRKVPLVSPDSSRPARFLRHTGRSRGIERSTLEEPNLQPLQRRRSVPVLRLARPTEPPARSDINGAAVRPEQRPAARGSPREMIRDEGSSARSRMLRFPSGSS	113	65	202	137
10187	HUMAN21309	Q6NW34	262	353	NEQSPRASEETLLGISKKAKQMKINVQNNVDLGQPVKNKRVFKEESSEFDVRAFCNQLKHKATQETSFDFKCSQSRLKTTKYSSQKVIGTPH	91	430	553	123
10188	HUMAN21309	Q6NW34	386	419	LKAQAIFLGNKLLKSNRLKHLEAQGTSLPKKLEC	33	587	624	37
10189	HUMAN21309	Q6NW34	431	536	GSGIKTSKHHLRQRRSQNKFLRRQRKPQRKLQSTLLREIQQFSQGTRKSATDTSAKWRLSHCTVHRTDLYPNSKQLLNSGVSMPVIQTKEKMIHENLRGIHENETD	105	636	753	117
10190	HUMAN21312	Q9BWV1	420	469	DAELATGTPPVSPSKLGNPEQMLRGQPALPRPPTSVGPASPQCPGEKGQG	49	935	998	63
10191	HUMAN21314	Q96MT7	1058	1119	KRASQSERKPSKLDRFEKEGPGRKDSQRDAGGSVTIQEESIIEKGKKFRPKTLSEIIVENQI	61	3101	3236	135
10192	HUMAN21314	Q96MT7	1283	1345	QMKSKDEKSPGVEQTGSGGPVGGFLKLSSRKDGDLTTRDSISRSSKASTFSLDIPKCLEFEKA	62	3497	3683	186
10193	HUMAN21314	Q96MT7	1494	1538	KRVKKKEVEGDADEDEESEESSEEESSLESDEDESESEDEVFDDS	44	3857	3952	95
10195	HUMAN21314	Q96MT7	698	737	LKEKIREERRNKLAAEMGEDGEKEFQEEEEEKEEEEEEEE	39	2176	2281	105
10197	HUMAN21315	Q8N0Z3	787	842	GAEAPESSKCSTVSPVSGINTRRSSGATGNSCSPLNATSGSGRFTPLNPRAKIEKQ	55	1115	1193	78
10198	HUMAN21316	Q9NXL6	1	42	MRGCLRLALLCALPWLLLAASPGHPAKSPRQPPAPRRDPFDA	41	0	59	59
10199	HUMAN21316	Q9NXL6	361	416	ASTPEGSNYGTIDESSSSPGRQMSSSDGGPPGQSDTDSSVEESDFDTMPDIESDKN	55	505	622	117
10201	HUMAN21321	Q8IYS0	194	324	NYGTELGLNAEEMENLSLSIEDVQPRSPGRSSLDDSGERDEKLSKSISFTSESISRVSETESFDGNSSKGGLGKEESQNEKQTKKSLLPTLEKKLTRVPSKSLDLNKNEYLSLDKSSTSDSVDEENVPEKD	130	428	631	203
10202	HUMAN21321	Q8IYS0	1	50	MEGAPTVRQVMNEGDSSLATDLQEDVEENPSPTVEENNVVVKKQGPNLHN	49	177	260	83
10203	HUMAN21321	Q8IYS0	498	612	QAIEDPGKLTGLRRRRRTFNRTAETVPKLSSQHSSGDVGLGAKGDITGKKKEMENYNVTLIVVMSIFVLLLVLLNVTLFLKLSKIEHAAQSFYRLRLQEEKSLNLASDMVSRAET	114	842	996	154
10205	HUMAN21328	P35462	220	330	RKRILTRQNSQCNSVRPGFPQQTLSPDPAHLELKRYYSICQDTALGGPGFQERGGELKREEKTRNSLSPTIAPKLSLEVRKLSNGRLSTSLKLGPLQPRGVPLREKKATQM	110	313	533	220
10206	HUMAN21329	P51504	1	47	MSPKRDGLGTGDGLHSQVLQEQVSTGDNLHECDSQGPSKDTLVREGK	46	20	67	47
10207	HUMAN21331	Q9HC78	1	65	MLERKKPKTAENQKASEENEITQPGGSSAKPGLPCLNFEAVLSPDPALIHSTHSLTNSHAHTGSS	64	10	150	140
10209	HUMAN21331	Q9HC78	533	573	AGQQTQFVTVSQPGLSTFTAQLPAPQPLASSAGHSTASGQG	40	719	774	55
10210	HUMAN21337	Q5DX21	270	403	SKNKEEEEEEIPNEIREDDLPPKCSSAKAFHTEISSSDNNTLTSSNAYNSRYWSNNPKVHRNTESVSHFSDLGQSFSFHSGNANIPSIYANGTHLVPGQHKTLVVTANRGSSPQVMSRSNGSVSRKPRPPHTHS	133	366	575	209
10212	HUMAN21341	O60513	1	72	MGFNLTFHLSYKFRLLLLLTLCLTVVGWATSNYFVGAIQEIPKAKEFMANFHKTLILGKGKTLTNEASTKKV	71	6	133	127
10214	HUMAN21349	Q9NPL8	1	40	MEVPPPAPRSFLCRALCLFPRVFAAEAVTADSEVLEERQK	39	46	175	129
10215	HUMAN21349	Q9NPL8	247	285	PEKIESSLQEDEPENDAKKIEALLNLPRNPSVIDKQDKD	38	392	458	66
10217	HUMAN21357	Q7Z4T9	738	767	VQKKLTEGEQDEASNAAMLLEKETQNENNS	29	1456	1568	112
10218	HUMAN21360	P49841	1	32	MSGRPRTTSFAESCKPVQQPSAFGSMKVSRDK	31	6	185	179
10219	HUMAN21362	Q96CX6	336	371	SSPCSSASHSSTSQSESDSEDEASVAARRMQKVLLG	35	886	965	79
10221	HUMAN21369	Q9Y2K9	1074	1143	TPEAQNRGFLKGLFGGSGQTFDREELFGEASAGKASRSLAQHIPGPGSIEGMKGAAGGVMGELTRARIAL	69	1543	1630	87
10222	HUMAN21369	Q9Y2K9	1	46	MKKFNFRKVLDGLTASSPGSGSSSGSNSGGGAGSGSVHPAGTAGVL	45	3	59	56
10223	HUMAN21369	Q9Y2K9	568	606	TPEPETSPPFPDLSAQLPSSRSLSGSTNTVASEGVTKDS	38	717	776	59
10225	HUMAN21372	Q9UH90	148	287	PETREATEEEPTMNGETSVEEMGGAVGGVDIGLVPHGLSATNGEMAELSQEEREVLAKTKEGMDLVKFGQWENIFSKEHAASALTNSSASCESKNKNDSEKEQISSGHNMVEGEGAPKKKEPQENQKQQDVRTAMETTGL	139	233	470	237
10226	HUMAN21380	Q16348	1	38	MNPFQKNESKETLFSPVSIEEVPPRPPSPPKKPSPTIC	37	22	157	135
10228	HUMAN21382	P42081	267	329	LWKWKKKKRPRNSYKCGTNTMEREESEQTKKREKIHIPERSDEAQRVFKSSKTSSCDKSDTCF	62	368	439	71
10229	HUMAN21387	Q96A26	1	61	MGSLSGLRLAAGSCFRLCERDVSSSLRLTRSSDLKRINGFCTKPQESPGAPSRTYNRVPLH	60	21	147	126
10230	HUMAN21393	Q8TDB6	196	232	EQKQQFSPSMTERKPLSQQERDSCISPSEPETKAEQK	36	340	453	113
10231	HUMAN21393	Q8TDB6	510	556	GGMSSLAGKKLKEGHETPMDIDSDDSKAASPPLKGSVSSEASELDKK	46	768	835	67
10232	HUMAN21393	Q8TDB6	91	122	NSIKKNTRPQISSLTQSQAETPSGDMHQHEGH	31	178	247	69
10233	HUMAN21394	Q460N3	1	75	MAAPGPLPAAALSPGAPTPRELMHGVAGVTSRAGRDREAGSVLPAGNRGARKASRRSSSRSMSRDNKFSKKDCLS	74	0	201	201
10234	HUMAN21395	Q460N5	1389	1423	TQLSSQQSVMSKLASFLGFSKQSPQKKNHLVLEKK	34	2584	2650	66
10235	HUMAN21395	Q460N5	98	140	HVFEEELLTKESKTKEDVKEPDVSEELDTKLPLDGGLDKMEDI	42	782	927	145
10236	HUMAN21396	Q96EW2	342	387	VEIQALRTDGEHMKKEELNVCNHMEVGQTGSQNLTTGTDKPEAASP	45	526	581	55
10237	HUMAN21396	Q96EW2	398	456	RSEEPPSERGGIFGSDGKDFVDKDGEHFGKLHCAKRQQIMSNSENAIEEQIASNTTTTP	58	591	691	100
10238	HUMAN21397	Q96SL1	1	43	MGSRWSSEEERQPLLGPGLGPGLGASWRSREAAAAALPAAVPG	42	75	243	168
10239	HUMAN21400	Q96IW7	158	198	LGSANGVTSAFSVDCKGAGKISSAHQRLEPATLSGIVGFIL	40	184	238	54
10241	HUMAN21401	O95622	649	711	RKEEKAMIAKMNRQRTNSIGHNPPHWGAERPFYNHLGGNQVSKEMKRMGFEDPKDKNAQESAN	62	1017	1131	114
10242	HUMAN21403	Q6Y1H2	1	34	MAAVAATAAAKGNGGGGGRAGAGDASGTRKKKGP	33	46	129	83
10243	HUMAN21404	Q15746	1191	1231	PASENTKAPEMKSRRPKSSLPPVLGTESDATVKKKPAPKTP	40	2254	2304	50
10244	HUMAN21404	Q15746	1767	1803	LSGRKSSTGSPTSPLNAEKLESEEDVSQAFLEAVAEE	36	2915	2973	58
10245	HUMAN21404	Q15746	257	333	NRSFVRETKATNSDVRKEVTNVISKESKLDSLEAAAKSKNCSSPQRGGSPPWAANSQPQPPRESKLESCKDSPRTAP	76	837	955	118
10246	HUMAN21404	Q15746	361	408	LGVLSPSGEERKRPAPPRPATFPTRQPGLGSQDVVSKAANRRIPMEGQ	47	994	1052	58
10251	HUMAN21421	Q9UQR1	565	598	TEVTSSISINSSEVPEVTPSENVGSSSQASSSDK	33	700	736	36
10254	HUMAN21423	Q9BXB4	1	57	MQGGEPVSTMKVSESEGKLEGQATAVTPNKNSSCGGGISSSSSSRGGSAKGWQYSDH	56	6	120	114
10256	HUMAN21435	Q2QGD7	581	751	PLVLGTAATVLQQGSFSVDDVQTVSAGALGCLVALPMKNLSDDPLALTSNSNLAAHITTPTSSSTPRENASVPELLAPIKVEPDSPSRPGAVGQQEGSHGLPQSTLPSPAEQHGAQDTELSAGTGNFYLESGGSARTDYRAIQLAKEKKQRGAGSNAGASQSTQRKIKEGK	170	714	941	227
10257	HUMAN21437	Q8NET6	1	63	MGRRCCRRRVLAAACLGAALLLLCAAPRSLRPAFGNRALGSSWLGGEKRSPLQKLYDLDQDPR	62	16	120	104
10258	HUMAN21440	Q6F5E7	76	133	QARSVPSTQEKAKCLSGEPGQPEGKGQETYPGPGKVEGKAEPAMRKDDVCPGMKCISG	57	76	134	58
10259	HUMAN21443	Q9UIW2	1	38	MPLPPRSLQVLLLLLLLLLLLPGMWAEAGLPRAGGGSQ	37	67	198	131
10260	HUMAN21444	Q86W33	299	373	DETEEPDVHLPQPYAVARREGLEAAGAAGASAASYSSTQFDSAGGVAYLDDIASMPCHTGSINSTDSERWKAINA	74	504	625	121
10262	HUMAN21446	Q9NZ53	530	605	PKLKHVSHGEELRFVENGCHDNPTLDVASDSQSEMQEKHPSLNGGGALNGPGSWGALMGGKRDPEDSDVFEEDTHL	75	721	819	98
10263	HUMAN21457	Q8NHS0	109	186	PFSFEFWDSPFNSDRGGRGHGLRGAFSAGFGEFPAFMEAFSSFNMLGCSGGSHTTFSSTSFGGSSSGSSGFKSVMSST	77	176	308	132
10264	HUMAN21458	P23769	1	45	MEVAPEQPRWMAHPAVLNAQHPDSHHPGLAHNYMEPAQLLPPDEV	44	109	161	52
10265	HUMAN21458	P23769	383	480	NRPLTMKKEGIQTRNRKMSNKSKKSKKGAECFEELSKCMQEKSSPFSAAALAGHMAPVGHLPPFSHSGHILPTPTPIHPSSSLSFGHPHPSSMVTAMG	97	617	733	116
10267	HUMAN21462	Q9H845	1	36	MSGCGLFLRTTAAARACRGLVVSTANRRLLRTSPPV	35	29	138	109
10268	HUMAN21464	Q9ULG3	1	67	MSLHAWEWEEDPASIEPISSITSFYQSTSECDVEEHLKAKARAQESDSDRPCSSIESSSEPASTFSS	66	73	141	68
10269	HUMAN21464	Q9ULG3	201	373	KVRYYRLKTAGFTDDVGAFHKSEVRHLVLNQRKLSEQGIENTNIVREESNQEHPPGKQEKTEKHPKSLQGSHQAEPETSSKNSEEYEKSLKMDDSSTIQWSVSRTPTISLAGASMMEIKELIESESLSSLTNILDRQRSQIKGKDSEGRRKIQRRHKKPLAEEEADPTLTGPR	172	274	452	178
10270	HUMAN21465	Q6ZUG5	405	443	ELTDEKLFALPPQPAPNLEDYHSRNSTLTLEIHAHQEPR	38	636	840	204
10271	HUMAN21467	Q9HA90	91	144	EGATTAGQAAGDGNSRDVTPGDAAAELATDGDSDTDEEARLALRAEPPELTFRQ	53	98	168	70
10272	HUMAN21471	Q9ULR0	167	241	DGVIVPLEQEYEKKLRAELVEKWKAEREARLARGEKEEEEEEEEEINIYAVTEEESDEEGSQEKGGDDSQQKFIA	74	482	685	203
10274	HUMAN21477	Q92522	108	213	TGANGSFKLNRKKLEGGGERRGAPAAATAPAPTAHKAKKAAPGAAGSRRADKKPARGQKPEQRSHKKGAGAKKDKGGKAKKTAAAGGKKVKKAAKPSVPKVPKGRK	105	174	309	135
10275	HUMAN21477	Q92522	1	45	MSVELEEALPVTTAEGMAKKVTKAGGSAALSPSKKRKNSKKKNQP	44	31	112	81
10276	HUMAN21478	Q6NXP0	148	179	SAQPNASQATTRTTRKKAPRLSRLSRQMVPQL	31	340	388	48
10277	HUMAN21478	Q6NXP0	270	350	QRSSLATAREHYILAKHRDSLKGPLKKQEVDSAPQLPKVDLLTVPAVDTQMETRPMTLEEMEEVGKRYRERQRQHKLTIPS	80	491	725	234
10279	HUMAN21479	O95243	1	82	MGTTGLESLSLGDRGAAPTVTSSERLVPDPPNDLRKEDVAMELERVGEDEEQMMIKRSSECNPLLQEPIASAQFGATAGTEC	81	0	108	108
10281	HUMAN21485	Q8IZA3	1	50	MAPGSVTSDISPSSTSTAGSSRSPESEKPGPSHGGVPPGGPSHSSLPVGR	49	35	104	69
10282	HUMAN21486	Q9Y4D7	1	46	MAPRAAGGAPLSARAAAASPPPFQTPPRCPVPLLLLLLLGAARAGA	45	113	195	82
10285	HUMAN21491	A8TX70	1459	1692	PKGGHGDDGIDGLDGEEGCHGFPGIKGEKGDPGSQGSPGSRGAPGQYGEKGFPGDPGNPGQNNNIKGQKGSKGEQGRQGRSGQKGVQGSPSSRGSRGREGQRGLRGVSGEPGNPGPTGTLGAEGLQGPQGSQGNPGRKGEKGSQGQKGPQGSPGLMGAKGSTGRPGLLGKKGEPGLPGDLGPVGQTGQRGRQGDSGIPGYGQMGRKGVKGPRGFPGDAGQKGDIGNPGIPGGPG	233	1571	1813	242
10286	HUMAN21491	A8TX70	2584	2615	KDKEKAHLEEISALVVDKQQEKEDKEMEATDI	31	2732	2767	35
10288	HUMAN21493	Q99570	783	818	EEDKLLALKDFMMKSNKAKANIVDQSHLHDSSQKGV	35	2764	2832	68
10290	HUMAN21517	Q13515	1	51	MSERRVVVDLPTSASSSMPLQRRRASFRGPRSSSSLESPPASRTNAMSGLV	50	28	95	67
10292	HUMAN21519	Q92547	286	335	PRPEAKTMPNSSTPTSQINTIDSRTLSDVSNISNINASCVSESICNSLNS	49	564	679	115
10296	HUMAN21524	Q9NRW1	177	207	MENVQEKSKEGMIDIKLDKPQEPPASEGGCS	30	213	312	99
10297	HUMAN21526	Q3SXR2	1	165	MQAETILEGLEAGLPQAVSSGLSLVPAPGLVLTCLSAPSGPGGMALEPPPTTLRKAFLAQSTLLESTLEGAPEWAAPHPEEQRRSPPACSQHTPPLPSTPTGPPPCSPGGNHPLCALSGRGGGRCSIPSLSSSSTFSLFSSGCWNPRVKLRVRKSQSQGRAGQLI	164	0	170	170
10298	HUMAN21527	Q92959	132	165	TGNNSRLQAELCQKHWQDLPPSKCHSTTQNPQKE	33	242	310	68
10299	HUMAN21528	P34925	1	58	MRGAARLGRPGRSCLPGARGLRAPPPPPLLLLLALLPLLPAPGAAAAPAPRPPELQSA	57	47	153	106
10300	HUMAN21530	Q9BS18	37	74	PEPEQDNGGTTESVKEQEMKWTDLALQYLHENVPPIGN	37	51	91	40
10301	HUMAN21531	Q96MT8	1	32	MEALLEGIQNRGHGGGFLTSCEAELQELMKQI	31	82	125	43
10302	HUMAN21531	Q96MT8	282	367	LIHEARIQKEKLQEKVKATNTQHAVEAIRPREESLAEKKYTSQGQGDLDSVLSQLNFTHTSEDLLQAEVTCLEGSLESVSATCKQL	85	419	560	141
10303	HUMAN21531	Q96MT8	43	78	WEGRTHALETCLKIREQELKSLRSQLDVTHKEVGML	35	135	172	37
10305	HUMAN21531	Q96MT8	92	224	MTMEYKQELKKLHEELCILKRSYEKLQKKQMREFRGNTKNHREDRSEIERLTAKIEEFRQKSLDWEKQRLIYQQQVSSLEAQRKALAEQSEIIQAQLVNRKQKLESVELSSQSEIQHLSSKLERANDTICANE	132	186	359	173
10306	HUMAN21534	Q8NBH2	22	134	KRRAAQGTLSDQQANPSSLLQRGGGFQGVGNGVRRWQKLEGNDFHENLVEKQHPQQPQVITSYNSQGTQLTVEVHPRDAMPQLLKKFSLAKRLQGDKNGNTRPRQPGGKDAHA	112	81	255	174
10307	HUMAN21535	Q06190	1102	1150	SAQAQFQEGFEDYETDEPASPSEFGNKSNKILSASLPEKCGKLQSVDEE	48	1513	1566	53
10310	HUMAN21537	Q9HCI7	503	545	MANGEKKLEAFAVPEKALEQTRLTLGINVTSIAVRNASTSTSV	42	1125	1278	153
10312	HUMAN21541	Q8WVM7	1	82	MITSELPVLQDSTNETTAHSDAGSELEETEVKGKRKRGRPGRPPSTNKKPRKSPGEKSRIEAGIRGAGRGRANGHPQQNGEG	81	19	176	157
10313	HUMAN21543	Q8TBE7	30	96	YPQPGDDGYEEINEGYGNFMEENPKKGLLSEMKKKGRAFFGTMDTLPPPTEDPMINEIGQFQSFAEK	66	53	125	72
10314	HUMAN21544	P16333	63	101	RKASIVKNLKDTLGIGKVKRKPSVPDSASPADDSFVDPG	38	65	108	43
10315	HUMAN21549	O95416	73	240	PDYKYRPRRKPKNLLKKDRYVFPLPYLGDTDPLKAAGLPVGASDGLLSAPEKARAFLPPASAPYSLLDPAQFSSSAIQKMGEVPHTLATGALPYASTLGYQNGAFGSLSCPSQHTHTHPSPTNPGYVVPCNCTAWSASTLQPPVAYILFPGMTKTGIDPYSSAHATAM	167	221	427	206
10316	HUMAN21555	Q9UK59	300	340	GRLWNMPENNGLHARWDYSATEEGMKEVLEKLNHDLKVPCN	40	522	570	48
10318	HUMAN21559	Q86XW9	123	156	GRERKVIKDEALSDEDECVSHGKNNGEDEDMVSS	33	166	208	42
10319	HUMAN21562	A0FGR9	1	49	MRAEEPCAPGAPSALGAQRTPGPELRLSSQLLPELCTFVVRVLFYLGPV	48	15	167	152
10320	HUMAN21562	A0FGR9	589	751	LGSPYTGPEALKKGPLLIKKVATNQGPKAQPQEEGPTDLPCPPDPASDTKDVSRSTTTTTSATTVATEPTSQETGPEPKGKDSAKRFCEPIGEKKSPATIFLTVPGPHSPGPIKSPRPMKCPASPFAWPPKRLAPSMSSLNSLASSCFDLADISLNIEGGDLR	162	902	1130	228
10321	HUMAN21563	Q8NHQ1	228	287	HTQRQYKEDESQSEEENDYRNLDASPTYKGLLMSLQNQLKESKSKIDALSSEKLNLQKDL	59	365	522	157
10322	HUMAN21563	Q8NHQ1	295	335	ELRLYKQQVKKLEKALKKNVKLQELINHKKAEDTEKKDEPS	40	534	729	195
10324	HUMAN21567	P58012	1	52	MMASYPEPEDAAGALLAPETGRTVKEPEGPPPSPGKGGGGGGGTAPEKPDPA	51	0	69	69
10325	HUMAN21568	Q6ZUU3	1	140	MTRTPVGSARTRPKPRKLGPQRGKALQASSRLSESPALVKKRMPDACTLGRAGIGLPKMCLHMAVRHSKAQKTGPGILQQRQKPPAPRASGGPALLGKRRGCSEAGSASLEPLSSSRAAAGCLNQVPLSPFLAGPRNTRR	139	0	147	147
10326	HUMAN21569	A6NEV1	108	266	VDERSGAQDDSSAGLEVDVFLGALREDVVVEQEVFCASVPEIAAQEEAYEEDADPEFPELQMDSAAGSAAGLYSSARSMFSPYREGPIPEPCALAPNPSSEGHSPGPFFDPEFRLLEPVPSSPLQPLPPSPRVGSPGPHAHPPLPKRPPCKARRRLFQE	158	114	282	168
10327	HUMAN21569	A6NEV1	1	53	MGSRPRSPSAFPAPWWGQQPGGPGPAKRLRLEEPAGPEPRVAPSLEDPAGTPA	52	1	58	57
10328	HUMAN21572	Q6ZRT6	147	265	EIAAQEEAYEEDADPEFPELRMDSPTGSAAGLYPSSRSMFIPYREGPIPEPCALAPNPSSERRSPRPIFDLEFRLLEPVPSSPLQPLPPSPCVGSPGPHARSPLPERPPCKARRRLFQA	118	163	303	140
10329	HUMAN21572	Q6ZRT6	1	53	MVSRPRSPSAFPAPWWGQQPGGPGPAKRLRLEEPAGPEPRAAPSLEDPAGDPA	52	1	63	62
10330	HUMAN21573	Q6ZRP0	109	262	DECSGAQGDWSAGLEVDVFLGAHGEDVVVEQEVCASVPEIAAEEEAYEEDADSEFPELWMDSAAGSAAGLYPSARSMFSPYREGPIRGPCALAPNPSSERRSPRPIFDLEFHLLEPVPSSPLQPLPPSPSPGPHARPELPERPPCKVRRRLFQE	153	117	282	165
10331	HUMAN21573	Q6ZRP0	1	53	MGSRPCSPSACLAPWWGQQPGGPGPAKRSRLEEPAGPESRAAPSPEDPAGTPA	52	1	56	55
10333	HUMAN21581	Q9H4D0	793	945	DQVSDKEHVNHLIVQPPFLQSVHHPESRSSIQHSSVVPSIATVVIIISVCMLVFVVAMGVYRVRIAHQHFIQETEAAKESEMDWDDSALTITVNPMEKHEGPGHGEDETEGEEEEEAEEEMSSSSGSDDSEEEEEEEGMGRGRHGQNGARQAQ	152	1097	1314	217
10334	HUMAN21585	Q96A44	1	30	MGQKLSGSLKSVEVREPALRPAKRELRGAE	29	81	190	109
10335	HUMAN21587	Q8TE99	1	55	MLFRNRFLLLLALAALLAFVSLSLQFFHLIPVSTPKNGMSSKSRKRIMPDPVTEP	54	50	202	152
10336	HUMAN21588	Q8NAP3	100	165	RQETVTDLAAAGKKLGISFLEDLTDRNFSNSPGPYVFCITEKGVVKEEKNEKRHEEPAITNGPRIT	65	153	237	84
10337	HUMAN21598	Q14188	355	446	GPSWLNQGLLLNSTQSVSNLDLTTGATLPQSSVNQGLCLDAEVALATGQFLAPNSHQSSSAASHCSESRGETPCSFNDEDEEDDEEDSSSPE	91	441	554	113
10338	HUMAN21598	Q14188	39	129	NTNSPTKILPKTLGPINVNVGPQMIISTPQRLTSSGSVLIGSPYTPAPAMVTQTHIAEATGWVPGDRKRARKFIDSDFSESKRSKKGDKNG	90	95	197	102
10342	HUMAN21609	Q13535	413	452	CQTQQENLSSNSDGISPKRRRLSSSLNPSKRAPKQTEEIK	39	1121	1208	87
10343	HUMAN21611	P48995	1	40	MMAALYPSTDLSGASSSSLPSSPSSSSPNEVMALKDVREV	39	52	169	117
10344	HUMAN21616	Q6ZVX9	1	40	MPRRLQPRGAGTKGPPAPAPAASGAARNSHSAASRDPPAS	39	59	130	71
10347	HUMAN21618	Q9Y4C5	81	162	EPLQQCNPDGPLGAAAGAAGGSWGRPGPPPAGPPRAHARLDLRTPYRPPAAAVGAAPAAAAGMAGVAAPPGNGTRGTGGVGD	81	101	203	102
10348	HUMAN21619	Q8IVB4	494	645	DLDENLKEDPSSQHQEANNLDKNMTKAESARLFRMWYSFDHKYLKPILTHSGPPLTTTLPEWCGPISRLLTSPQAYGEQLKEDDVECIVNQDELAINYQEQASSPCSPPARLGLDQKASPQTPGKENIYEGDLGLGGYELKLEQTLGQSQLN	151	725	971	246
10349	HUMAN21622	O00469	1	31	MGGCTVKPQLLLLALVLHPWNPCLGADSEKP	30	35	236	201
10350	HUMAN21624	Q9NRQ2	1	38	MSGVVPTAPEQPAGEMENQTKPPDPRPDAPPEYNSHFL	37	4	48	44
10351	HUMAN21627	O15162	1	30	MDKQNSQMNASHPETNLPVGYPPQYPPTAF	29	12	70	58
10352	HUMAN21627	O15162	39	82	YPGPQVSYPPPPAGHSGPGPAGFPVPNQPVYNQPVYNQPVGAAG	43	92	212	120
10353	HUMAN21628	A0PG75	1	41	MASKDAQNQRRGLPGFLPGAPDPDQSLPASSNPGNQAWQLS	40	44	120	76
10354	HUMAN21631	Q15915	1	172	MLLDAGPQYPAIGVTTFGASRHHSAGDVAERDVGLGINPFADGMGAFKLNPSSHELASAGQTAFTSQAPGYAAAAALGHHHHPGHVGSYSSAAFNSTRDFLFRNRGFGDAAAAASAQHSLFAASAGGFGGPHGHTDAAGHLLFPGLHEQAAGHASPNVVNGQMRLGFSGDMY	171	5	213	208
10355	HUMAN21631	Q15915	369	441	KSYTHPSSLRKHMKVHESSSQGSQPSPAASSGYESSTPPTIVSPSTDNPTTSSLSPSSSAVHHTAGHSALSSN	72	416	500	84
10356	HUMAN21636	Q14527	172	204	GPAPKTLGFNLESGWGSGRAGPSYSMPVHAAVQ	32	608	693	85
10359	HUMAN21637	Q969F9	215	245	PKNGERVHHHPHKTNNRIRRTEEGISNEISQ	30	407	504	97
10361	HUMAN21645	Q9GZV5	57	121	DSGSHSRQSSTDSSGGHPGPRLAGGAQHVRSHSSPASLQLGTGAGAAGSPAQQHAHLRQQSYDVT	64	174	312	138
10362	HUMAN21650	A6NFN9	359	442	SKSWHKAGNSDSQSIVLKLPSLSKQTASSKPVNPLAISQPDTRKQALKFHPLVNASSFSELQKHQQQNQKKITATARKKEKLIK	83	412	595	183
10364	HUMAN21656	Q9Y6X1	1	38	MVAKQRIRMANEKHSKNITQRGNVAKTSRNAPEEKASV	37	9	47	38
10367	HUMAN21662	Q7L0X2	353	382	MARHFAIISREQTHFSEDDSKRLKTISYQL	29	494	531	37
10368	HUMAN21663	O43255	1	70	MSRPSSTGPSANKPCSKQPPPQPQHTPSPAAPPAAATISAAGPGSSAVPAAAAVISGPGGGGGAGPVSPQ	69	18	192	174
10369	HUMAN21669	Q86YW9	1193	1230	NNSVSSLKNDDFTMRGLRCDGNADDIWTASQNPKSCGK	37	1841	1924	83
10370	HUMAN21669	Q86YW9	1371	1405	NNSSNSGMSLFNPNSIGSADTSSTRQNGIKTFLSS	34	2099	2134	35
10372	HUMAN21669	Q86YW9	629	696	VTASTRPRSPVGENADEHYSKDHDVKMEIFSPMPGESCENANTSLGRRMSVNCEKLVKREKPRELIFP	67	1008	1192	184
10373	HUMAN21673	Q9BY21	1	39	MGFNLTLAKLPNNELHGQESHNSGNRSDGPGKNTTLHNE	38	0	53	53
10374	HUMAN21673	Q9BY21	329	358	SNIRTRSESIRSLQSVRRSEVRIYYDYTDV	29	351	385	34
10375	HUMAN21674	Q9BPV8	1	35	MTAAIRRQRELSILPKVTLEAMNTTVMQGFNRSER	34	37	80	43
10376	HUMAN21677	Q6WRI0	667	748	QRPLEHDGETEGSGLDESNPIAHLKEPPGAQLRTSALMEAEVGKHTSSTSKRHNYRELTLQRRGDSTHRRFRENRRHFPPSA	81	784	894	110
10377	HUMAN21677	Q6WRI0	853	922	PEEPTDFKLSTAIKTTAMSKNINPTMSSQIQGTTNQHSSTVFPLLLGATEFQDSDQMGRGREHFQSRPPI	69	1017	1158	141
10379	HUMAN21682	P47900	1	40	MTEVLWPAVPNGTDAAFLAGPGSSWGNSTVASTAAVSSSF	39	46	94	48
10380	HUMAN21682	P47900	340	373	RKASRRSEANLQSKSEDMTLNILPEFKQNGDTSL	33	407	458	51
10383	HUMAN21686	Q86SP6	1	38	MSLFLSNLSTNDSSLWKENHNSTDLLNPPGTLNIYLFC	37	5	52	47
10384	HUMAN21686	Q86SP6	226	320	HSNYQEISRGASIPGTPPTAGRVVSLSPEDAPGPSLRRSGGCSPSSDTVFGPGAPAAAGAEACRRENRGTLYGTRSFTVSVAQKRFALILALTKV	94	257	394	137
10385	HUMAN21686	Q86SP6	434	513	ECETTKDPQRDNRNIFNAIKVEISTTPSLDSSTQRGINKCTNTDITEAKQDSNNKKDAFSDKTGGDINYEETTFSEGPER	79	520	644	124
10386	HUMAN21687	P08473	1	48	MGKSESQMDITDINTPKPKKKQRWTPLEISLSVLVLLLTIIAVTMIAL	47	5	128	123
10387	HUMAN21691	Q4KWH8	448	593	YHLGDDAEEGEVSDEDSADEIEDECKFKLHYSNGTTEHQVESFIRKKLESLLKESQIRDKEDPDSFTVRALLKATHEGLNAHLKQSPDVKESGKKSHGRSLMTNFGKHKKTTKSRSKSYSTDDEEDTQQSTGKEGGQLYRLGRRRK	145	508	665	157
10390	HUMAN21702	Q7Z3E1	79	231	STDENSLHEPMMKKAMEINSSCPPAENNMSVLIPDRTNVGDQIPEAHPSTEAPERVVPIQDHSFPSETLSGTVADSTPAHFQTDLLHPVSSDVPTSPDCLDKVIDYVPGIFQENSFTIQYILDTSDKLSTELFQDKSEEASLDLVFELVNQLQ	152	113	284	171
10391	HUMAN21706	Q9UK58	1	37	MASGPHSTATAAAAASSAAPSAGGSSSGTTTTTTTTT	36	10	108	98
10395	HUMAN21728	P49788	1	53	MQPRRQRLPAPWSGPRGPRPTAPLLALLLLLAPVAAPAGSGDPDDPGQPQDAG	52	18	92	74
10396	HUMAN21734	Q1A5X6	1	38	MRLEELKRLQNPLEQVNDGKYSFENHQLAMDAENNIEK	37	60	107	47
10397	HUMAN21736	B3KU38	1	55	MRLEELKRLQNPLEQVNDGKYSFENHQLAMDAENNIEKYPLNLQPLESKVKIIQR	54	0	55	55
10399	HUMAN21739	F5H4A9	1	185	MWGPGVTAEGLSVAPAPPPLLPLLLLLALALVAPSRGGGGCAELACGERERCCDATNATAVRCCKLPLHAFLDNVGWFVRKLSGLLILLVLFAIGYFLQRIICPSPRRYPRGQARPGQRPGPPGGAGPLGGAGPPDDDDDSPALLRDEAAAGSQDSLLDSGGGGRGRGGGGRSDPSCASEHEMRV	184	0	200	200
10400	HUMAN21739	F5H4A9	202	247	LPTYEESMRLQQLSPGEVVLPVSVLGRPRGGVAAEPDGGEGRYPLI	45	216	276	60
10402	HUMAN21748	Q5SGD2	45	79	VKTIVKSSRDAVKMVKGKVAEIMQNDRLGGLDVLE	34	125	208	83
10403	HUMAN21749	O75752	1	35	MASALWTVLPSRMSLRSLKWSLLLLSLLSFFVMWY	34	4	126	122
10405	HUMAN21755	P14410	1	61	MARKKFSGLEISLIVLFVIVTIIAIALIVVLATKTPAVDEISDSTSTPATTRVTTNPSDSG	60	6	101	95
10406	HUMAN21757	O94933	293	347	LGIPHSSSSKENAWPTKPSSMLSSVHFTASSVEYKSSNKQPKPTKQPRTPRPPST	54	380	437	57
10407	HUMAN21757	O94933	598	659	THRDVRTIELEVLCPEMLHVAPAGESPAQPGDSHLIGAPTSASPYEFSPPGGPVPLSVLILS	61	696	764	68
10408	HUMAN21757	O94933	682	856	RRKKLPFRSKRQEGVDLTGIQMQCHRLFEDGGGGGGGSGGGGRPTLSSPEKAPPVGHVYEYIPHPVTQMCNNPIYKPREEEEVAVSSAQEAGSAERGGPGTQPPGMGEALLGSEQFAETPKENHSNYRTLLEKEKEWALAVSSSQLNTIVTVNHHHPHHPAVGGVSGVVGGTGGD	174	786	1005	219
10409	HUMAN21766	Q8IV35	327	366	LLKSKLDTKPQKLLSAGRSQPSHPMADHSTTGVRNFEIDT	39	827	881	54
10410	HUMAN21766	Q8IV35	526	608	LFLPKRDTNLVESEIQKEISLFSKEESCLDPTEHSLLNKKNKDDSTYNVRPSEDINLDIKYKERSTCMKETQKPYYGEVIKKS	82	1088	1191	103
10412	HUMAN21774	Q03112	1	49	MRSKGRARKLATNNECVYGNYPEIPLEEMPDADGVASTPSLNIQEPCSP	48	39	184	145
10414	HUMAN21779	Q8IZ02	1	50	MAAQPPRPVGERSMGSSREAARAPARSPAWASTQASTPGAALAVQRESPE	49	6	118	112
10415	HUMAN21781	Q6UY01	27	65	GSNAESRKEDNDLKTSDSQPSDWIQKTATSETAKPLSSE	38	185	251	66
10417	HUMAN21782	Q7Z3H4	403	446	RQAFDQPADTSPLLDPNSWSDTMNIFCPQDTIIPKGIERGSMRN	43	567	618	51
10418	HUMAN21783	Q99442	101	167	KYDKDIKKEKDKGKAESGKEEDKKSKKENIKDEKTKKEKEKKKDGEKEESKKEETPGTPKKKETKKK	66	198	335	137
10420	HUMAN21790	P41743	192	247	RHSLPQEPVMPMDQSSMHSDHAQTVIPYNPSSHESLDQVGEEKEAMNTRESGKASS	55	465	682	217
10421	HUMAN21791	P12757	1	141	MENLQTNFSLVQGSTKKLNGMGDDGSPPAKKMITDIHANGKTINKVPTVKKEHLDDYGEAPVETDGEHVKRTCTSVPETLHLNPSLKHTLAQFHLSSQSSLGGPAAFSARHSQESMSPTVFLPLPSPQVLPGPLLIPSDSS	140	9	170	161
10423	HUMAN21794	Q8TBB6	436	501	DIDGFVKFLSEEHTKKKEGILADCEKEACSPVSEGDEFSGPATNTCGAKNLPSLGDNEMLIGKSDK	65	607	745	138
10424	HUMAN21794	Q8TBB6	680	771	EISAREEALHQSTYQRYDVDDPFSVEEGFSYATEGESQEDWGGPTEDKGFYYQQMSDAKANGRTSSKAKSKSKHKQNSEALIANDELDYSPE	91	936	1159	223
10425	HUMAN21798	P11168	52	85	DRKAINNYVINSTDELPTISYSMNPKPTPWAEEE	33	545	604	59
10427	HUMAN21801	Q13393	140	170	PIPTRRHTFRRQNVREEPREMPSLPRSSENM	30	646	864	218
10430	HUMAN21806	Q92847	1	32	MWNATPSEEPGFNLTLADLDWDASPGNDSLGD	31	13	129	116
10431	HUMAN21807	P50591	1	37	MAMMEVQGGPSLGQTCVLIVIFTVLLQSLCVAVTYVY	36	140	205	65
10432	HUMAN21807	P50591	94	148	RTSEETISTVQEKQQNISPLVRERGPQRVAAHITGTRGRSNTLSSPNSKNEKALG	54	278	365	87
10433	HUMAN21809	Q9H8V3	1	43	MAENSVLTSTTGRTSLADSSIFDSKVTEISKENLLIGSTSYVE	42	49	100	51
10436	HUMAN21811	Q9BXB7	1	106	MDAGSSRSLENAVNRIYHDQLVPKINTSKKMSTLAHPPNILEMSQEIKKNCGGKQVEITLERTKMTKGIKEKQSNDLEKAAFKRKAEGEEKPTRKKQAKITELDNQ	105	24	154	130
10437	HUMAN21812	Q8N2Q7	1	47	MALPRCTWPNYVWRAVMACLVHRGLGAPLTLCMLGCLLQAGHVLSQK	46	0	63	63
10438	HUMAN21814	Q58DX5	1	158	MGENEASLPNTSLQGKKMAYQKVHADQRAPGHSQYLDNDDLQATALDLEWDMEKELEESGFDQFQLDGAENQNLGHSETIDLNLDSIQPATSPKGRFQRLQEESDYITHYTRSAPKSNRCNFCHVLKILCTATILFIFGILIGYYVHTNCPSDAPSSG	157	1	195	194
10440	HUMAN21818	Q9Y691	1	59	MFIWTSGRTSSSYRHDEKRNIYQKIRDHDLLDKRKTVTALKAGEDRAILLGLAMMVCSI	58	43	115	72
10441	HUMAN21825	Q9UID6	1	138	MNEYPKKRKRKTLHPSRYSDSSGISRIADGFNGIFSDHCYSVCSMRQPDLKYFDNKDDDSDTETSNDLPKFADGIKARNRNQNYLVPSPVLRILDHTAFSTEKSADIVICDEECDSPESVNQQTQEESPIEVHTAEDV	137	10	187	177
10442	HUMAN21826	Q8IWA4	548	581	LSEPIFQLPRSLASTPTAPTTPATPDNASQEELM	33	829	907	78
10443	HUMAN21829	Q9HD33	1	60	MAAAGLALLCRRVSSALKSSRSLITPQVPACTGFFLSLLPKSTPNVTSFHQYRLLHTTLS	59	16	115	99
10444	HUMAN21832	Q92995	771	800	EEDSDFVIEMENNANANIISEAKPEGPRVK	29	1129	1186	57
10446	HUMAN21836	Q96N46	30	59	HFRSLLGSAAEPARGPPPQHPLQGRKEKRV	29	40	93	53
10450	HUMAN21845	Q9Y2G3	439	476	EGPTPDSSEGNLSYLSSLSHLNNLSHLTTSSSFRTSPE	37	1299	1361	62
10451	HUMAN21850	Q9UQV4	1	60	MPRQLSAAAALFASLAVILHDGSQMRAKAFPETRDYSQPTAAATVQDIKKPVQQPAKQAP	59	29	133	104
10452	HUMAN21851	Q86YR7	530	616	QTRPVQPVAPHPESSPKWVSSKTSQPSTSVPLARPLRTSEEPYTETELNSRGKEDDETKFEVKSEEIFESHHERGNPELEQQARLGD	86	809	927	118
10454	HUMAN21853	Q8WZ60	1	43	MLMAGQRGAWTMGDVVEKSLEGPLAPSTDEPSQKTGDLVEILN	42	6	103	97
10455	HUMAN21854	Q6TFL4	1	38	MVLILGRRLNREDLGVRDSPATKRKVFEMDPKSLTGHE	37	24	85	61
10456	HUMAN21855	Q9ULM3	1283	1316	FQKREPENEEEVDILSLSEPVKINIKKEQEEKQE	33	2319	2361	42
10457	HUMAN21855	Q9ULM3	1	33	MSGIKRTIKETDPDYEDVSVALPNKRHKAIENS	32	87	131	44
10459	HUMAN21855	Q9ULM3	96	199	SEGSKTCDTMVFNHPAIKKFLESPSRSSSPANQRAETPSANHSESDSLSQHNDFLSDKDNNSNMDIEERLSNNMEQRPSRNTGRDTSRITGSHKTEQRNADLTD	103	213	339	126
10461	HUMAN21857	Q9H300	21	90	VGGRSCEELTAVLTPPQLLGRRFNFFIQQKCGFRKAPRKVEPRRSDPGTSGEAYKRSALIPPVEETVFYP	69	112	232	120
10463	HUMAN21858	O15440	505	566	SIQNSPKLTPKMKKDKRASRGKKEKVRQLQRTEHQAVLAEQKGHLLLDSDERPSPEEEEGKH	61	1495	1689	194
10465	HUMAN21866	Q8WXA8	363	414	TAPQKGNKGLGLTLTHLPGPKEPGELAGKKLGPRETEPDGGSGWTKTQLMEL	51	488	585	97
10466	HUMAN21868	Q13144	1	39	MAAPVVAPPGVVVSRANKRSGAGPGGSGGGGARGAEEEP	38	93	286	193
10467	HUMAN21868	Q13144	455	490	DAEEDEDDGEFSDDSGADQEKDKVKMKGYNPAEVGA	35	1115	1278	163
10468	HUMAN21868	Q13144	501	548	GMNMEEEEELQQNLWGLKINMEEESESESEQSMDSEEPDSRGGSPQMD	47	1305	1487	182
10471	HUMAN21874	Q9NUQ8	95	173	KITENYDCGTKLPGLLKREQSSTVNAKKLEKAEARLKAKQEKRSEKDTLKTSNPLVLEEASASQAGSRKESRLESSGKN	78	453	659	206
10472	HUMAN21875	Q8N398	1068	1161	GSFRLDAPFCAAVRISQERLCRASPFAVHRASLSPTSASLPWALLGPGVGQGDSATASCSPSPSSGSEGPGQVDSGRGSDTEASEGAEGLGGTD	93	1500	1698	198
10474	HUMAN21875	Q8N398	960	1059	EPAEPPGTPPASHSHLDAAPLPTVVYSKGLQRGSPAGAWDSDQNGNSKRALGDPATPTEGPRRPPPRPPCRLSMGRRHKLCSPDPGQANNSEGSDHDYLP	99	1276	1451	175
10476	HUMAN21879	P0DPD6	98	135	LLGSRTQLELVLAGASLLLAALLLGCLVALGVQYHRDP	37	410	566	156
10477	HUMAN21882	Q13200	1	44	MEEGGRDKAPVQPQQSPAAAPGGTDEKPSGKERRDAGDKDKEQE	43	154	355	201
10479	HUMAN21889	P51788	32	65	AFAKEEAARIRLGGPEPWKGPPSSRAAPELLEYG	33	372	422	50
10481	HUMAN21889	P51788	846	898	QGVKVRPPLASFRDSATSSSDTETTEVHALWGPHSRHGLPREGSPSDSDDKCQ	52	1781	1923	142
10482	HUMAN21892	P40225	174	353	RRAPPTTAVPSRTSLVLTLNELPNRTSGLLETNFTASARTTGSGLLKWQQGFRAKIPGLLNQTSRSLDQIPGYLNRIHELLNGTRGLFPGPSRRTLGAPDISSGTSDTGSLPPNLQPGYSPSPTHPPTGQYTLFPLPPTLPTPVVQLHPLLPDPSAPTPTPTSPLLNTSYTHSQNLSQEG	179	460	661	201
10483	HUMAN21893	Q9H2X0	1	42	MPSLPAPPAPLLLLGLLLLGSRPARGAGPEPPVLPIRSEKEP	41	3	221	218
10484	HUMAN21896	Q9HAY2	1	73	MLQTPESRGLPVPQAEGEKDGGHDGETRAPTASQERPKEELGAGREEGAAEPALTRKGARALAAKALARRRAY	72	0	146	146
10485	HUMAN21902	A6NLC5	149	224	QPAPHSHRMSPEEVSAHDALISKESNTPKIDHCSSPSSSEDSGINAIGAHYVESCDEDTEEGAELSSEEDYSPESS	75	195	334	139
10486	HUMAN21906	O43283	1	111	MANFQEHLSCSSSPHLPFSESKTFNGLQDELTAMGNHPSPKLLEDQQEKGMVRTELIESVHSPVTTTVLTSVSEDSRDQFENSVLQLREHDESETAVSQGNSNTVDGESTS	110	28	228	200
10488	HUMAN21907	Q96HV5	1	38	MRPLLGLLLVFAGCTFALYLLSTRLPRGRRLGSTEEAG	37	120	213	93
10493	HUMAN21917	P49619	80	154	SQKPRHETSDHPTEGASNSEANSADTNIQNADNATKADEACAPDTESNMAEKQAPAEDQVAATPLEPPVPRSSSS	74	219	430	211
10494	HUMAN21922	Q9UGM5	1	32	MGLLLPLALCILVLCCGAMSPPQLALNPSALL	31	66	107	41
10495	HUMAN21922	Q9UGM5	263	343	ATGSENSAVNQKPTNLPKVEESQQKNTPPTDSPSKAGPRGSVQYLPDLDDKNSQEKGPQEAFPVHLDLTTNPQGETLDISF	80	378	510	132
10498	HUMAN21926	P35249	1	36	MQAFLKGTSISTKPPLTKDRGVAASAGSSGENKKAK	35	92	268	176
10499	HUMAN21927	Q15848	1	108	MLLLGAVLLLLALPGHDQETTTQGPGVLLPLPKGACTGWMAGIPGHPGHNGAPGRDGRDGTPGEKGEKGDPGLIGPKGDIGETGVPGAEGPRGFPGIQGRKGEPGEGA	107	61	301	240
10500	HUMAN21928	P15907	1	89	MIHTNLKKKFSCCVLVFLLFAVICVWKEKKKGSYYDSFKLQTKEFQVLKSLGKLAMGSDSQSVSSSSTQDPHRGRQTLGSLRGLAKAKP	88	26	149	123
10501	HUMAN21931	P59025	169	263	RGGQYRIHVASRQDNRRHRGEFCEACQEGIVHWKPSEKLLEEEATTYTFSRAPSPTKSQDQTGSGWNFCSIPWCLFWATVLLLIIYLQFSFRSSV	94	171	266	95
10502	HUMAN21935	Q96DX8	130	246	GTRKSPEMPVILEVSLEGSHDTANCEACTLGICGQGLKSCMTKPSKSLLPHLKTGNSSPGIGAVYLANQAKNQSAEAKEAKGSGYEKLGPSRDPDPLNICVFILLLVFIVVKCFTSE	116	210	356	146
10503	HUMAN21936	P61278	59	103	EPNQTENDALEPEDLSQAAEQDEMRLELQRSANSNPAMAPRERKA	44	65	113	48
10504	HUMAN21937	Q5QGT7	167	225	PSEKLLEEEVTTYTSEASKPRAQAGSGYNFLSLRWCLFWASLCLLVVYLQFSFLSPAFF	58	215	289	74
10507	HUMAN21941	Q6ZUI0	1	51	MSTIGSFEGFQAVSLKQEGDDQPSETDHLSMEEEDPMPRQISRQSSVTEST	50	60	203	143
10508	HUMAN21943	Q9H3D4	116	161	LLNSMDQQIQNGSSSTSPYNTDHAQNSVTAPSPYAQPSSTFDALSP	45	215	262	47
10509	HUMAN21943	Q9H3D4	351	399	DRKADEDSIRKQQVSDSTKNGDGTKRPFRQNTHGIQMTSIKKRRSPDDE	48	459	508	49
10510	HUMAN21943	Q9H3D4	428	542	PQHTIETYRQQQQQQHQHLLQKQTSIQSPSSYGNSSPPLNKMNSMNKLPSVSQLINPQQRNALTPTTIPDGMGANIPMMGTHMPMAGDMNGLSPTQALPPPLSMPSTSHCTPPPP	114	536	680	144
10511	HUMAN21946	Q8IVL5	1	37	MRERIWAPPLLLLLPLLLPPPLWGGPPDSPRRELELE	36	4	71	67
10512	HUMAN21948	Q9Y5I7	24	58	QQGVRKSKRPVFSHCQVPETQKTDTRHLSGARAGV	34	37	73	36
10513	HUMAN21948	Q9Y5I7	262	305	DVGPERNYPYSLRKAYSAAGVSMAKSYSAPRTETAKMYAVDTRV	43	292	361	69
10514	HUMAN21949	Q6UWW9	104	146	EAAVSPTVGIHLQTQTPDLYPVPAPCFGPLGSPPPYEEIVKTT	42	120	171	51
10515	HUMAN21953	A6NCL1	1	31	MNTILPCQDQYFVGGQSYNCPYSTTTSESSV	30	26	64	38
10517	HUMAN21954	P61366	23	133	GKVLSVDVTTTEAFDSGVIDVQSTPTVREEKSATDLTAKLLLLDELVSLENDVIETKKKRSFSGFGSPLDRLSAGSVDHKGKQRKVVDHPKRRFGIPMDRIGRNRLSNSRG	110	37	160	123
10518	HUMAN21957	P61328	1	67	MAAAIASSLIRQKRQARESNSDRVSASKRRSSPSKDGRSLCERHVLGVFSKVRFCSGRKRPVRRRPE	66	0	86	86
10519	HUMAN21957	P61328	209	243	REPSLHEIGEKQGRSRKSSGTPTMNGGKVVNQDST	34	230	265	35
10520	HUMAN21963	O60313	33	81	LHLVSRSIYHSHHPTLKLQRPQLRTSFQQFSSLTNLPLRKLKFSPIKYG	48	74	168	94
10521	HUMAN21966	Q14469	151	271	NAMTYPGQPHPALQAPPPPPPGPGGPQHAPFAPPPPLVPIPGGAAPPPGGAPCKLGSQAGEAAKVFGGFQVVPAPDGQFAFLIPNGAFAHSGPVIPVYTSNSGTSVGPNAVSPSSGPSLTA	120	168	321	153
10522	HUMAN21966	Q14469	1	42	MPADIMEKNSSSPVAATPASVNTTPDKPKTASEHRKSSKPIM	41	12	56	44
10523	HUMAN21969	P40197	474	517	GPRGPPPRPAADSSSEAPVHPALAPNSSEPWVWAQPVTTGKGQD	43	562	782	220
10524	HUMAN21972	Q2T9K0	325	370	GFAKEARESPDTQALLTCAEKEEENQENLDWVPLTTLSHCKSLRTM	45	422	488	66
10525	HUMAN21972	Q2T9K0	426	475	GSSSEVSSINSDLEWDPEDVNLEGSKENVELLGSQVHQDSVRTAHLSDDD	49	594	658	64
10526	HUMAN21975	Q9H089	1	31	MGRRRAPAGGSLGRALMRHQTQRSRSHRHTD	30	155	311	156
10529	HUMAN21976	Q8N2R8	14	59	EAPPRQASKPKGYAVSLHYSALSSLARACPEGALSRVGSMFRSKRK	45	74	123	49
10531	HUMAN21977	Q8NBI6	46	95	ETFSSATKRLKEARAGAPAAPSPPALELARGSVAPAPGAKAKSLEGGGAG	49	108	206	98
10534	HUMAN21997	P02786	29	70	VDGDNSHVEMKLAVDEEENADNNTKANVTKPKRCSGSICYGT	41	152	211	59
10535	HUMAN21998	Q8WVZ1	263	309	AVQLQRVVGPDWTSMPNLHPPMSPSALNPPAPTSGSLQSREGTPGAW	46	280	383	103
10538	HUMAN22018	P0C2W1	1	36	MAAPAPGAGAASGGAGCSGGGAGAGAGSGSGAAGAG	35	82	194	112
10539	HUMAN22024	Q13177	133	226	NTVKQKYLSFTPPEKDGFPSGTPALNAKGTEAPAVVTEEEDDDEETAPPVIAPRPDHTKSIYTRSVIDPVPAPVGDSHVDGAAKSLDKQKKKTK	93	235	392	157
10540	HUMAN22024	Q13177	1	72	MSDNGELEDKPPAPPVRMSSTIFSTGGKDPLSANHSLKPLPSVPEEKKPRHKIISIFSGTEKGSKKKEKERP	71	0	159	159
10543	HUMAN22027	P52298	122	156	GRQYGRGRSGGQVRDEYRQDYDAGRGGYGKLAQNQ	34	299	425	126
10546	HUMAN22038	Q92622	510	621	KCNMMSQCLEEEEVEEEDSDREIQELKQKIRLRRQQIRTKNLLPMYQEAEHGSFRVTSSSSQFSSRDSAQLSDSGSADEVDEFEIQDADIRRNTASSSKSFVSSQSFSHCFL	111	1151	1351	200
10547	HUMAN22038	Q92622	942	972	LARQSLESYLSDYEEEPAEALALEAAVLEAT	30	1764	1826	62
10549	HUMAN22040	Q96QD9	236	268	NPGAVQCPVTQKPRLTRTAVPSFLTKREQSDVK	32	432	473	41
10550	HUMAN22042	Q96II8	1	44	MAAAGLVAVAAAAEYSGTVASGGNLPGVHCGPSSGAGPGFGPGS	43	50	131	81
10552	HUMAN22044	Q9H095	1	44	MEEDSLEDSNLPPKVWHSEMTVSVTGEPPSTVEEEGIPKETDIE	43	25	98	73
10553	HUMAN22044	Q9H095	84	147	VQYEGRQSICVKSREMNLEGTNLDKLPMASTITKIPSPLITEEGPNLPEIRHRGRFAVEFNKMQ	63	187	302	115
10554	HUMAN22046	Q96KR4	1	40	MVTTLGPKMAAEWGGGVGYSGSGPGRSRWRWSGSVWVRSV	39	46	202	156
10555	HUMAN22047	Q8IYB9	49	143	NPDLVTCLEQIKEPCNLKIHETAAKPPAICSPFSQDLSPVQGIEDSFHKLILKRYEKCGHENLQLRKGCKRVNECKVQKGVNNGVYQCLSTTQSK	94	134	236	102
10556	HUMAN22050	B4DXR9	88	131	VQGIEDSFHKLILRRYEKCGHENLELRKSCKRKVQKGGYNEFNQ	43	93	141	48
10557	HUMAN22058	P35913	819	854	KALEEKEEEERVAAKKVGTEICNGGPAPKSSTCCIL	35	879	929	50
10559	HUMAN22064	Q3KNV8	103	166	EVPGDIKGETCSAKQHLDSHRNGETKADDSSNKEAAEEKPEEDNDYHRSDEQVSICLECNSSKL	63	256	383	127
10560	HUMAN22067	O14810	1	134	MEFVMKQALGGATKDMGKMLGGDEEKDPDAAKKEEERQEALRQAEEERKAKYAKMEAEREAVRQGIRDKYGIKKKEEREAEAQAAMEANSEGSLTRPKKAIPPGCGDEVEEEDESILDTVIKYLPGPLQDMLKK	133	1	145	144
10561	HUMAN22068	O14976	325	377	KSPITELLEQNGGYGSATLSRGPPPPVGPAGSGYSGGLALAEYDQPYGGFLDI	52	483	675	192
10563	HUMAN22070	Q9BSA9	455	504	VPCAFLLLRLLVGLALATLRVLRGLARPEHPPPAPTGQDDPQSQLLPAPC	49	566	656	90
10565	HUMAN22073	P52824	260	295	QSFRIVEAAEPGEGGDGADGSAAVGPGRETQATPES	35	802	1009	207
10566	HUMAN22080	Q8N441	1	34	MTPSPLLLLLLPPLLLGAFPPAAAARGPPKMADK	33	6	139	133
10567	HUMAN22080	Q8N441	403	446	KKPCTPAPAPPLPGHRPPGTARDRSGDKDLPSLAALSAGPGVGL	43	591	671	80
10568	HUMAN22081	Q495C1	105	229	LEESLRKSVLQIEQLQSMRSSQQTAFSTIKSSVSTKPHGCLLPPHSSAPDRLESMEVDLSPSPIRKSEIAAGPARISMISPPQDGRMGPHLTASFCFIPWLTLSKPPVPGECVISRGSPCFCIDV	124	107	297	190
10569	HUMAN22081	Q495C1	238	297	AFSSGRHGELTNSKTLPIYAEVQRAVLFPFQQAEGTLDTFRTPAVSVVFPLCQFERKKSF	59	305	394	89
10570	HUMAN22085	Q13363	404	440	AMSLSHGLPPVAHPPHAPSPGQTVKPEADRDHASDQL	36	510	559	49
10571	HUMAN22094	Q2YD98	210	288	PNPETESLGMASGMSDALRSSCAGQVGPCRSGTPDPRDGEQPCCSRDLPASAGHPRAGGGAQPSQTATGDPSDEDEDSD	78	354	591	237
10575	HUMAN22097	Q15270	316	347	KQNPGADTSAPTGGGGGPGPGAGPGTGLPGGL	31	387	420	33
10578	HUMAN22106	P22607	1	44	MGAPACALALCVAVAIVAGASSESLGTEQRVVGRAAEVPGPEPG	43	194	311	117
10581	HUMAN22109	O96028	1203	1237	GDRPKTSTTLSSEEKGKKTKKKTRRRRAKGEGKRQ	34	2582	2719	137
10582	HUMAN22109	O96028	1329	1365	GAASVRSTKTEKPPPEPGKPKGKRRRRRGWRRVTEGK	36	2958	3119	161
10584	HUMAN22116	Q8N9F0	1	75	MHCGPPDMVCETKIVAAEDHEALPGAKKDALLAAAGAMWPPLPAAPGPAAAPPAPPPAPVAQPHGGAGGAGPPGG	74	53	145	92
10585	HUMAN22117	Q7Z5Q5	1	192	MENYEALVGFDLCNTPLSSVAQKIMSAMHSGDLVDSKTWGKSTETMEVINKSSVKYSVQLEDRKTQSPEKKDLKSLRSQTSRGSAKLSPQSFSVRLTDQLSADQKQKSISSLTLSSCLIPQYNQEASVLQKKGHKRKHFLMENINNENKGSINLKRKHITYNNLSEKTSKQMALEEDTDDAEGYLNSGNSGA	191	42	259	217
10586	HUMAN22117	Q7Z5Q5	861	900	AWGPPPGPCRTESPSNSLAAPGSPASTQPPPLHFSPSFCL	39	1017	1061	44
10587	HUMAN22118	Q68CZ6	224	305	QGIHEVVESSNEDNFQLLDIQTPSICDNQEILEERRLEMARLQLAYICAQHQLIHLKASNSSMKSSIKWAEESLHSLTSKAV	81	373	574	201
10588	HUMAN22118	Q68CZ6	418	451	MLYKQLEMLTDPSVSQQINPRNTIDTKDYSTHRL	33	731	793	62
10592	HUMAN22125	P78317	1	126	MSTRKRRGGAINSRQAQKRTREATSTPEISLEAEPIELVETAGDEIVDLTCESLEPVVVDLTHNDSVVIVDERRRPRRNARRLPQDHADSCVVSSDDEELSRDRDVYVTTHTPRNARDEGATGLRP	125	30	261	231
10593	HUMAN22129	Q8NFZ5	151	237	THQLRRTLTATAHMCQHLAKCLDERQHAQRNVGERSPDQSEHTDGHTSVQSVIEKLQEENRLLKQKVTHVEDLNAKWQRYNASRDEY	86	337	523	186
10594	HUMAN22129	Q8NFZ5	1	59	MSRDPGSGGWEEAPRAAAALCTLYHEAGQRLRRLQDQLAARDALIARLRARLAALEGDA	58	79	210	131
10595	HUMAN22129	Q8NFZ5	327	400	LEEKVASLLHQVSWRQDSREPDAGRIHAGSKTAKYLAADALELMVPGGWRPGTGSQQPEPPAEGGHPGAAQRGQ	73	695	908	213
10596	HUMAN22132	P35611	1	37	MNGDSRAAVVTSPPPTTAPHKERYFDRVDENNPEYLR	36	47	94	47
10598	HUMAN22137	P42858	1166	1224	KAALPSLTNPPSLSPIRRKGKEKEPGEQASVPLSPKKGSEASAASRQSDTSGPVTTSKS	58	2271	2397	126
10600	HUMAN22137	P42858	2632	2663	REEEWDEEEEEEADAPAPSSPPTSPVNSRKHR	31	4890	4961	71
10603	HUMAN22140	O14924	401	434	RARAFLDGDADAHQNNSTSSNSDSGIGNFHQEEK	33	762	821	59
10605	HUMAN22140	O14924	843	959	DSQQVPSSPASKHSLGSDHSSVSTPKKLSGKSKSGRSLNEELGDEDSEKKRKGAFFSWSRTRSTGRSQKKREHGDHADDALHANGGLCRRESQGSVSSAGSLDLSEACRTLAPEKDK	116	1566	1767	201
10607	HUMAN22143	P30533	1	51	MAPRRVRSFLRGLPALLLLLLFLGPWPAASHGGKYSREKNQPKPSPKRESG	50	88	208	120
10608	HUMAN22147	P18825	1	38	MASPALAAALAVAAAAGPNASGAGERGSGGVANASGAS	37	0	48	48
10609	HUMAN22147	P18825	242	384	RTLSEKRAPVGPDGASPTTENGLGAAAGAGENGHCAPPPADVEPDESSAAAERRRRRGALRRGGRRRAGAEGGAGGADGQGAGPGAAESGALTASRSPGPGGRLSRASSRSVEFFLSRRRRARSSVCRRKVAQAREKRFTFVL	142	281	482	201
10611	HUMAN22148	Q7RTM1	479	538	PKSGGVARDVAPQGKDMPPAANGNVCMRESHDKEEEKQEESSWGGSPSPVRLPRFLQGNA	59	1137	1224	87
10612	HUMAN22149	Q5BJH2	1	44	MDSSRARQQLRRRFLLLPDAEAQLDREGDAGPETSTAVEKKEKP	43	3	94	91
10614	HUMAN22152	P42857	155	185	QSITRSVSPWMSVLSEEKLSEQETEAAEKSA	30	179	211	32
10615	HUMAN22152	P42857	1	65	MVKLGNNFAEKGTKQPLLEDGFDTIPLMTPLDVNQLQFPPPDKVVVKTKTEYEPDRKKGKARPPQ	64	7	89	82
10616	HUMAN22153	Q9P2W9	162	232	DKKRLSKLEPEPNTKTRESTSSEKVSQSPSKDSEENPATEERPEKILAETQPELGTWGDGKGEDELSPEEI	70	413	559	146
10617	HUMAN22153	Q9P2W9	1	44	MAVDITLLFRASVKTVKTRNKALGVAVGGGVDGSRDELFRRSPR	43	97	168	71
10618	HUMAN22154	P28360	1	175	MAPAADMTSLPLGVKVEDSAFGKPAGGGAGQAPSAAAATAAAMGADEEGAKPKVSPSLLPFSVEALMADHRKPGAKESALAPSEGVQAAGGSAQPLGVPPGSLGAPDAPSSPRPLGHFSVGGLLKLPEDALVKAESPEKPERTPWMQSPRFSPPPARRLSPPACTLRKHKTNRKP	174	23	250	227
10620	HUMAN22158	Q86UK5	1136	1260	GATLRRLLSVVLPTASQPQLLALLDSATERHVDHAAESDGGAEQADVGRRRKHQSWWQALDGKLRGDLISRGLEKMLWARKRKQSILKKTCLPLRERMIFSGKGSWPHLSLEPIGELAPVPIVGA	124	1634	1832	198
10621	HUMAN22158	Q86UK5	327	375	KGNMLTRHRVWQYESKLEPLPFTSADGVNEDLSLNDQMIDILSSEDPGS	48	712	770	58
10622	HUMAN22158	Q86UK5	42	75	LGAQPPRDPQVAPRSGPGLRIPPGRSGAGPESST	33	230	265	35
10623	HUMAN22158	Q86UK5	576	607	LMDFFQASKRYHLSKRFGHREYLVQNLQSSET	31	990	1022	32
10624	HUMAN22158	Q86UK5	767	820	GVPWLFLQQILEEHGKEMAARAEQLEGEERDRDQEGVQSVRQRLKDDAPEAVTE	53	1195	1262	67
10626	HUMAN22159	P57679	227	310	ALRQEKHMMFIQIFKMCLLDLLPKKKSDDELYQKILSKQEKDLEELEKGLQVKLSNTEMSGAGDSEYITLADVEKKEREYSEQL	83	266	353	87
10627	HUMAN22159	P57679	52	191	RQRTRHQKDDTQNLLKNLESNAQTPSETGSPSRRRKREVQMSKDKEAVDECEPPSNSNITAFALKAKVIYPINQKFRPLADGSSNPSLHENLKQAVLPHQPVEASPSSSLGSLSQGEKDDCSSSSSVHSATSDDRFLSRT	139	64	230	166
10629	HUMAN22162	Q96N16	1	51	MSKKGRSKGEKPEMETDAVQMANEELRAKLTSIQIEFQQEKSKVGKLRERL	50	10	77	67
10631	HUMAN22164	O76024	1	84	MDSNTAPLGPSCPQPPPAPQPQARSRLNATASLEQERSERPRAPGPQAGPGPGVRDAAAPAEPQAQHTRSRERADGTGPTKGDM	83	78	289	211
10632	HUMAN22164	O76024	206	237	QVNEHDGGAQPGPVPKSLQKQRRMLERLVSSE	31	465	555	90
10633	HUMAN22165	Q9Y2T4	370	405	KRDVTLEASRESSKPRAVLKPRRVCVGGKRRRDDIS	35	607	674	67
10634	HUMAN22170	Q9NUP1	1	56	MEGSFSDGGALPEGLAEEAEPQGAAWSGDSGTVSQSHSSASGPWEDEGAEDGAPGR	55	4	64	60
10635	HUMAN22171	Q92628	1065	1244	SFSPSFKPKSILCSDSDSEVFHPRICGVDRTQYRAIRISPRTHFRPISASELSPGGGSESEFESEKDEANIPIPSQVDIFEDPQADLKPLEEDAEKEGHYYGKSELESGKFLPRLKKSGMEKSAQTSLDSQEESTGILSVGKQNQCLECSMNESLEIDLESSEANCKIMAQCEEEINNFC	179	1337	1530	193
10636	HUMAN22171	Q92628	1349	1380	RDSGAKSDGFRGKMCSSASSTSEETGSEGGGE	31	1668	1705	37
10641	HUMAN22177	Q96PQ0	1108	1141	GRTVYAQMHNEKEQEMTSPVSHSEDVQGAVQGNH	33	1321	1376	55
10642	HUMAN22177	Q96PQ0	1	131	MAHRGPSRASKGPGPTARAPSPGAPPPPRSPRSRPLLLLLLLLGACGAAGRSPEPGRLGPHAQLTRVPRSPPAGRAEPGGGEDRQARGTEPGAPGPSPGPAPGPGEDGAPAAGYRRWERAAPLAGVASRAQ	130	2	221	219
10643	HUMAN22180	Q8N556	250	348	GCSGPVDSECPPPPSSPVHKAELEKKLSSERPSSDGEGVVENGITTCNGKEQVKRKKSSKSEAKGTVSKVTGKKITKIISLGKKKPSTDEQTSSAEEDV	98	330	448	118
10644	HUMAN22180	Q8N556	48	147	DHAQKQETANSLPAPPQMPLPEIPQPWLPPDSGPPPLPTSSLPEGYYEEAVPLSPGKAPEYITSNYDSDAMSSSYESYDEEEEDGKGKKTRHQWPSEEAS	99	109	224	115
10645	HUMAN22184	Q8TE82	1	76	MENLPAVTTEEPTPMGRGPVGPSGGGSTRDQVRTVVMRPSVSWEKAGPEEAKAPVRGDEAPPARVAGPAAGTPPCQ	75	6	237	231
10646	HUMAN22184	Q8TE82	229	265	DAGNGPQALRQASGAPQGEAAPETDSSPPSPSVSSEE	36	425	473	48
10647	HUMAN22184	Q8TE82	421	478	ETEQPQEKEIPPPCLSLEPQETLQKVKNVLEQCKTCPGCPQEPASWGLCAASSDVSLQ	57	644	724	80
10648	HUMAN22191	Q8IYL2	41	134	ARLEARWSAALPCAEARGPGTSAGSEQKERGPGPGQGSPGGGPGPRSLSGPEQGTACCELEEAQGQCQQEEAQREAASVPLRDSGHPGHAEGRE	93	206	344	138
10649	HUMAN22192	Q96P69	315	363	RTPRPASTHDSSLDVAGMVHQLLKRTPRPASTHNGSVDTENDSCLQQTH	48	314	363	49
10650	HUMAN22193	Q66K79	1	38	MPPPLPLLLLTVLVVAAARPGCEFERNPAGECHRPPAA	37	98	191	93
10651	HUMAN22193	Q66K79	589	629	KNFIHGLRRTGPHDPLGGASSLGEATEPDPLRARRQPSADG	40	876	933	57
10654	HUMAN22200	C9JPN9	1	55	MEEDSLYLGGEWQFNHFSKLTSSRPDAAFAEIQRTSLPEKSPLSCETRVDLCDDL	54	0	69	69
10655	HUMAN22200	C9JPN9	378	530	WERHSESVSRGREPRALGAEDTDRRATQGELKRDHPCLQAPELDEHLVERATQESTLDHWKFLQEQNKTKPEFNVRKVEGTLPPDVLVIHQSKYKCGMKNHHPEQQSSLLKLSSTTPTHQESMNTGTLASLRGRARRSKGKNKHSKRALLVCQ	152	446	599	153
10656	HUMAN22209	D6RBM5	1	60	MEDDSLYLGGEWQFNHFSKLTSSRPDAAFAEIQRTSLPEKSPLSCETRVDLCDDLAPVAR	59	0	60	60
10657	HUMAN22213	A8MUK1	1	54	MEDDSLYLRGEWQFNHFSKLTSSRPDAAFAEIQRTSLPEKSPLSCETRVDLCDD	53	0	55	55
10658	HUMAN22213	A8MUK1	379	462	ERHSESVSRGREPRALGAEDTDRRATQGELKRDHPCLQAPELDEHLVERATQESTLDHWKFLQEQNKTKPEFNVRKVEGTLPPD	83	381	506	125
10659	HUMAN22213	A8MUK1	470	530	KYKCGMKNHHPEQQSSLLNLSSSTPTHQESMNTGTLASLRGRARRSKGKNKHSKRALLVCQ	60	513	575	62
10660	HUMAN22219	Q9NRM0	1	49	MARKQNRNSKELGLVPLTDDTSHAGPPGPGRALLECDHLRSGVPGGRRR	48	91	314	223
10661	HUMAN22221	P21918	1	38	MLPPGSNGTAYPGQFALYQQLAQGNAVGGSAGAPPLGP	37	1	66	65
10662	HUMAN22221	P21918	385	477	ETVNISNELISYNQDIVFHKEIAAAYIHMMPNAVTPGNREVDNDEEEGPFDRMFQIYQTSPDGDPVAESVWELDCEGEISLDKITPFTPNGFH	92	591	708	117
10663	HUMAN22223	Q9C0D4	1	53	MKDIGQQLYTTHLNGGHNSLTMSPKQPDANGAPRPNRQEAQTLLYQGSEAEAA	52	34	94	60
10664	HUMAN22223	Q9C0D4	217	320	GAKRPVKAVAKLEPKRTGTSKQNPELLKASNPRTTFQNKWSDQLSGFSLHANKDKMHNIMLLPEPKEYQKDVVCIPNKMTLSEPNEVNLFENKNVEVEVLSPAK	103	265	391	126
10666	HUMAN22225	O14792	1	50	MAALLLGAVLLVAQPQLVPSRPAELGQQELLRKAGTLQDDVRDGVAPNGS	49	35	162	127
10667	HUMAN22226	P51157	188	221	EQSQRVVKADIVNYNQEPMSRTVNPPRSSMCAVQ	33	275	363	88
10671	HUMAN22236	Q9P2K1	587	624	VQRAKKKKRKQAAEEHPGDEIAEPYPEEDLVKPSPPEP	37	1225	1321	96
10672	HUMAN22241	P0CF97	1	59	MDHFFIKRKRNSEVKYTEACSSSSVESGIVNSDNIEKNTDSNLQTSTSFEPHFKKKKVS	58	0	73	73
10673	HUMAN22244	P28907	1	54	MANCEFSPVSGDKPCCRLSRRAQLCLGVSILVLILVVVLAVVVPRWRQQWSGPG	53	58	151	93
10674	HUMAN22245	Q14512	154	205	TLFGNTKPRKEKTEMSPREHIKGKETTPSSLAVTQTMATKAPECVEDPDMAN	51	206	283	77
10675	HUMAN22245	Q14512	1	56	MKICSLTLLSFLLLAAQVLLVEGKKKVKNGLHSKVVSEQKDTLGNTQIKQKSRPGN	55	0	94	94
10676	HUMAN22246	Q9BYJ0	132	196	SLKGSPEPNQQPEAGTPSLRPKATVKLTEATQLGKDSMEELGKAKPTTRPTAKPTQPGPRPGGNE	64	255	347	92
10677	HUMAN22247	O43490	826	865	DVYDDVETIPMKNMENGNNGYHKDHVYGIHNPVMTSPSQH	39	1457	1706	249
10679	HUMAN22249	Q6NXT6	465	551	EKLSNPPATCTPGKPSSKSQNKCKPSQGLSTEENLSASITKQPIHQKENIIPLLVTSNSDQFLTTPDGDEKDITQDNSELKHRSSKK	86	929	1122	193
10680	HUMAN22259	Q9ULE4	114	225	LTEEALAESASCRLETKERELRVEAEHAERVLTLSREMLELKADYERRLQHLTSHEATPQGRLPQESPETKSEPGQGPEMQEVLLEVQRLRVENQQLSKDYARKAEELQATY	111	456	649	193
10681	HUMAN22259	Q9ULE4	1	48	MASALNSKINPPGTCQGSKADGGAGWRMDCDPQMHVKMCKKIAQLTKV	47	323	387	64
10684	HUMAN22259	Q9ULE4	59	92	AEASMEALREAHQEELQNAVAETKARLLQEQGCA	33	397	433	36
10686	HUMAN22260	Q9NXF7	1	42	MGPRNPSPDHLSESESEEEENISYLNESSGEEWDSSEEEDSM	41	0	42	42
10688	HUMAN22268	Q8N7B6	1	75	MQKSEGSGGTQLKNRATGNYDQRTSSSTQLKHRNAVQGSKSSLSTSSPESARKLHPRPSDKLNPKTINPFGEQSR	74	21	211	190
10690	HUMAN22276	Q8IWK6	1	35	MEPPGRRRGRAQPPLLLPLSLLALLALLGGGGGGG	34	0	124	124
10691	HUMAN22276	Q8IWK6	946	988	PERKYELKEPTEEQQRLAANENGEINHQDSMSLSLISTSALEN	42	1303	1370	67
10693	HUMAN22278	Q9UBK2	1	88	MAWDMCNQDSESVWSDIECAALVGEDQPLCPDLPELDLSELDVNDLDTDSFLGGLKWCSDQSEIISNQYNNEPSNIFEKIDEENEANL	87	4	121	117
10695	HUMAN22285	Q9HD40	466	501	SKESDDNYDKTEDVDIEEMALKLDNVLLDTYQDASS	35	1501	1620	119
10697	HUMAN22288	Q9H5U6	440	513	GPKHGCFICGELDHKRSTCPNIATSKRANKAVRKQKQRKSNKMKMETTKGQSMNHTSATRRKKRRERAHQYLGS	73	720	916	196
10698	HUMAN22290	O95436	1	126	MAPWPELGDAQPNPDKYLEGAAGQQPTAPDKSKETNKTDNTEAPVTKIELLPSYSTATLIDEPTEVDDPWNLPTLQDSGIKWSERDTKGKILCFFQGIGRLILLLGFLYFFVCSLDILSSAFQLVG	125	124	341	217
10699	HUMAN22290	O95436	634	690	DCPKCCRCSKCCEDLEEAQEGQDVPVKAPETFDNITISREAQGEVPASDSKTECTAL	56	914	1035	121
10700	HUMAN22291	Q68CR1	1086	1132	SASDPPPRPSQASPDTATSTASPAVTPAADASDQDQPTVTNNPEPRG	46	1415	1489	74
10701	HUMAN22291	Q68CR1	1	33	MQRRGAGLGWPRQQQQQPPPLAVGPRAAAMVPS	32	0	108	108
10702	HUMAN22296	Q06330	450	500	PRPHCSAAGAILRANSSQVPPNESNTNSEGSYTNASTNSTSVTSSTATVVS	50	999	1104	105
10703	HUMAN22299	P32238	241	316	KFEASQKKSAKERKPSTTSSGKYEDSDGCYLQKTRPPRKLELRQLSTGSSSRANRIRSNSSAANLMAKKRVIRMLI	75	421	656	235
10704	HUMAN22299	P32238	390	428	NPGPPGARGEVGEEEEGGTTGASLSRFSYSHMSASVPPQ	38	731	857	126
10705	HUMAN22305	O60245	186	221	PGGGGSGGESRRAGAADSAPYPGGGGNGASGGGSGG	35	206	261	55
10706	HUMAN22305	O60245	846	880	ATAIDSQIARSLHIPLTQDIAGDPSYEISKQRLSI	34	923	958	35
10707	HUMAN22308	Q8WZ64	1546	1672	GKERKRSITKNPKIGGLPLIPIQHEGNATLARKNIESARAELERLRLSEKCDKESVDSSLKERASMVAHCLEHKDDKLRNRPRKHRSFNCLEDTEPEAPLGQPKGHKGLKTLRKTEDRNSKATLDSD	126	2011	2193	182
10710	HUMAN22314	Q8IUW5	1	54	MAPRALPGSAVLAAAVFVGGAVSSPLVAPDNGSSRTLHSRTETTPSPSNDTGNG	53	80	163	83
10711	HUMAN22314	Q8IUW5	91	271	EAEQDIEEEKVEKIELNDSVNENSDTVGQIVHYIMKNEANADVLKAMVADNSLYDPESPVTPSTPGSPPVSPGPLSPGGTPGKHVCGHHLHTVGGVVERDVCHRCRHKRWHFIKPTNKSRESRPRRQGEVTVLSVGRFRVTKVEHKSNQKERRSLMSVSGAETVNGEVPATPVKRERSGTE	180	199	437	238
10712	HUMAN22319	Q86TI0	205	286	GSRGSESPRPNPPHAAPTGSQEPVRRPMRKSFSQPGLRSLAFRKELQDGGLRSSGFFSSFEESDIENHLISGHNIVQPTDIE	81	375	518	143
10713	HUMAN22321	Q9NZH5	1	117	MATLIYVDKEIGEPGTRVAAKDVLKLESRPSIKALDGISQVLTRRFGKTYDAPSALPKATRKALGTVNRATEKSVKTNGPRKQKQPSFSAKKMTEKTVKTKSSVPASDDAYPEIEKF	116	3	135	132
10715	HUMAN22323	Q9BXR5	781	811	ATREMYELQTFTELNEESRGSTISLMRTDCL	30	1222	1255	33
10717	HUMAN22326	Q8IWE2	404	437	SVDVAKVSEEETKKEEKEEKSQDPQEDKKEEKKT	33	755	819	64
10722	HUMAN22336	O43766	1	30	MSLRCGDAARTLGPRVFGRYFCSPVRPLSS	29	85	291	206
10723	HUMAN22338	Q96QK8	34	99	TDTECLQELPGPSGDNGISVTMILVAWMVIALILFLLRPPNLRGSSLPGKPTSPHNGQDPPAPPVD	65	101	204	103
10726	HUMAN22341	Q86UW6	1437	1490	SCGKFMQDPSLVGHTGLDNPEQKSSQRTGKKLLKTLTASEMLPLLDHWNTQTKK	53	2144	2218	74
10727	HUMAN22341	Q86UW6	1574	1613	QEFVHQNENVTSHTGQKSKEKKPKKLKETEETPSELSFQD	39	2306	2347	41
10728	HUMAN22341	Q86UW6	1	44	MPRRRKNLGGNPFRKTANPKEVVVSSVASREEPTTTLPSMGETK	43	4	70	66
10731	HUMAN22344	Q9UGM1	356	420	ESCLSPHHSRERDHLTKVYSKLPESNLKAARNKDLSRKKDMNKRLKNDLGCQGKNPQEAESYCAQ	64	431	617	186
10732	HUMAN22344	Q9UGM1	439	479	KATNSKGSEWKKVAKVIDRFFMWIFFIMVFVMTILIIARAD	40	635	683	48
10733	HUMAN22345	A0AV96	486	515	PASAAAAAAAAAAAAAAVIPTVSTPPPFQG	29	601	638	37
10734	HUMAN22346	Q8NE18	1	39	MLNSTGELEFSNEEDPEIISQLTSLPLSGGKSSAGVPEK	38	171	282	111
10735	HUMAN22346	Q8NE18	527	640	KGLLDGIELGKSSKREKKKKKSKTSLTKGATTDNGIQMKIAEFLNRETKASANLSETVTKPPLPQKNTAQVGASSQTRKPNKLAPHPAVPAFVKNTCPSRPRERQTHFLRPRPE	113	870	1097	227
10736	HUMAN22346	Q8NE18	683	718	KALVPTCLPTHSLSRKEEKPKDDTPSSLLRPPRRWL	35	1154	1191	37
10737	HUMAN22356	Q6PML9	71	122	VQKEGQGSQTLRVEKVPSFETAEGIGTELKAPLKQEPLQVRVKAVLKKREYG	51	377	461	84
10739	HUMAN22358	A0PJX4	123	238	CLRPKEPSQQPIRFSLRSYQTETLPMILTSTSPRAPSRQSSTATSSSSTGGSIRRFSFARAEPGCLVPSPPPPYTTSHSIHLAQPSGFLVSPQYFAYPLQQEPPLPGKSCPDFSSS	115	165	350	185
10742	HUMAN22361	A8MXD5	1	133	MLKREMKPESDRPRKVRFRIASSHSGRVLKEVYEDGQPSGSLDSECASICGIDGLGDSDGQQNGHIESEGDENENDQDSLLVLARAASEKGFGTRRVNILSKNGTVRGVKYKVSAGQALFNNLTKVLQQPSTD	132	6	173	167
10743	HUMAN22362	Q6ZWB6	152	205	KQNSLNDEGCQSDLEDNVSQGSSDALLLRGAAAAVPSGPGAHGGGGGGGAQDKR	53	172	241	69
10744	HUMAN22362	Q6ZWB6	1	40	MALKDTGSGGSTILPISEMVSSSSSPGASAAAAPGPCAPS	39	5	60	55
10745	HUMAN22362	Q6ZWB6	324	432	QKIVSPKQEHEDRKHDKVTDKGSESGTSCNELSTSSCDSHSEASTPQDNPSSAQQATAHQPNTLTLDRPSKKAPVQWIPPPDKRRNSELFQTLISKSRETNLSKKKVCE	108	373	489	116
10746	HUMAN22364	Q8N8F6	1	70	MDLLKISHTKLHLLEDLSIKNKQRMSNLAQFDSDFYQSNFTIDNQEQSGNDSNAYGNLYGSRKQQAGEQP	69	0	187	187
10748	HUMAN22368	Q8N1C3	1	52	MGPLKAFLFSPFLLRSQSRGVRLVFLLLTLHLGNCVDKADDEDDEDLTVNKT	51	32	101	69
10749	HUMAN22368	Q8N1C3	361	403	QKGKTATKDRKLKNKASMTPGLHPGSTLIPMNNISVPQEDDYG	42	416	497	81
10750	HUMAN22371	Q8TF08	1	32	MMFPLARNALSSLKIQSILQSMARHSHVKHSP	31	0	76	76
10751	HUMAN22372	P48169	1	40	MVSAKKVPAIALSAGVSFALLRFLCLAVCLNESPGQNQKE	39	5	55	50
10752	HUMAN22372	P48169	349	515	EKAKRKTSKPPQEVPAAPVQREKHPEAPLQNTNANLNMRKRTNALVHSESDVGNRTEVGNHSSKSSTVVQESSKGTPRSYLASSPNPFSRANAAETISAARALPSASPTSIRTGYMPRKASVGSASTRHVFGSRLQRIKTTVNTIGATGKLSATPPPSAPPPSGSGT	166	426	625	199
10753	HUMAN22373	P18505	1	31	MWTVQNRESLGLLSFPVMITMVCCAHSTNEP	30	12	94	82
10754	HUMAN22373	P18505	336	437	PQKKGASKQDQSANEKNKLEMNKVQVDAHGNILLSTLEIRNETSGSEVLTSVSDPKATMYSYDSASIQYRKPLSSREAYGRALDRHGVPSKGRIRRRASQLK	101	436	683	247
10756	HUMAN22375	Q9P241	1	47	MTEALQWARYHWRRLIRGATRDDDSGPYNYSSLLACGRKSSQTPKLS	46	601	750	149
10757	HUMAN22375	Q9P241	467	553	RRLESYQEAVSEDEDFIDTVSGSLSNMAKPRAPSCRTVHNGPLGNKPSNHLAGSSFTLGSGEGASEVPHSRQAAFSSPIETDVVPDT	86	1821	1950	129
10759	HUMAN22376	Q9Y5Q5	1	72	MKQSPALAPEERCRRAGSPKPVLRADDNNMGNGCSQKLATANLLRFLLLVLIPCICALVLLLVILLSYVGTL	71	44	180	136
10760	HUMAN22376	Q9Y5Q5	82	135	SEPLVTDGEIQGSDVILTNTIYNQSTVVSTAHPDQHVPAWTTDASLPGDQSHRN	53	207	295	88
10762	HUMAN22379	Q6NVV3	369	410	STAKKEAVSLNVNENNYVLLENLECSAPGYNDDVTLFSRTDD	41	735	984	249
10763	HUMAN22381	P42681	22	79	QKRQMRTQISLSTDEELPEKYTQRRRPWLSQLSNKKQSNTGRVQPSKRKPLPPLPPSE	57	168	249	81
10766	HUMAN22385	Q96EP9	16	84	RDNYTLAPNASSLGPGTDLALAPASSAGPGPGLSLGPGPSFGFSPGPTPTPEPTTSGLAGGAASHGPSP	68	44	280	236
10767	HUMAN22385	Q96EP9	391	437	HKRDPLDEDEDTDISYKKLKEEEMADTSYGTVKAENIIMMETAQTSL	46	687	750	63
10769	HUMAN22387	O94915	1471	1548	YKIPSVTSGTTSSSNTMVAPTDGNPDNKPIKENIEESYVHLDIYSGLNSHLNRQHHRLESRYSSSSGGSYEEEKSDSM	77	5113	5297	184
10771	HUMAN22387	O94915	2255	2293	SLVVPSDIPKTYGGDTGSPEISFTKIFNNVSKELPGKTL	38	6796	6882	86
10773	HUMAN22387	O94915	878	907	SSSTSAGSVRCSPPETLASTPDSGYSIDSK	29	3473	3580	107
10775	HUMAN22390	Q56VL3	118	154	RGAGFGPQHNRHCLLTCEECKIKHGLSEKGDSQPSAS	36	128	194	66
10776	HUMAN22390	Q56VL3	1	31	MASASARGNQDKDAHFPPPSKQSLLFCPKSK	30	0	40	40
10777	HUMAN22391	Q9H720	369	423	KKNLDLLLQTKNSSKVLFRKSEKYMKLFLWLLVGVGLLGLGLRHKAYERKLGKVA	54	1229	1335	106
10778	HUMAN22399	Q68CR7	311	376	HRMKSLIRSKAERPQGGRHTGISTLGKKAKAGSGLRKKQRRLPRSVRSTRDVQAAGKKEDAPQDLA	65	364	451	87
10780	HUMAN22400	Q16585	1	61	MAAAAAAAAEQQSSNGPVKKSMREKAVERRSVNKEHNSNFKAGYIPIDEDRLHKTGLRGRK	60	22	165	143
10781	HUMAN22402	Q8TC71	493	538	FWNSVRSVSRCRSRSLSPICPRSQIGLNTMSRSRSPSPIRCGLPRF	45	1085	1198	113
10783	HUMAN22406	Q9H9K5	518	563	SLNSQPLNLALSPQQSAQLLVSETSCQVSNRAMKGLTTHQYDTSLL	45	572	618	46
10784	HUMAN22407	Q9BPW5	206	248	QPSSTPEKRRTSLIPRPKSPNMQDLKRRFKQALSAKVRTVTSV	42	259	349	90
10787	HUMAN22411	Q8TBB1	130	258	GASHYGLTKDRKRRSQDGCPDGCASLTATAPSPEVSAAATISLMTDEPGLDNPAYVSSAEDGQPAISPVDSGRSNRTRARPFERSTIRSRSFKKINRALSVLRRTKSGSAVANHADQGRENSENTTAPE	128	317	484	167
10789	HUMAN22413	Q9BZM3	254	304	RVKHKKEGKGTQRNSHAGCKCVGSQVHYARSEDEDSLSPASANDDKEISPL	50	355	423	68
10790	HUMAN22414	P16234	736	785	QADTTQYVPMLERKEVSKYSDIQRSLYDRPASYKKKSMLDSEVKNLLSDD	49	1303	1360	57
10791	HUMAN22414	P16234	965	1089	IHLDFLKSDHPAVARMRVDSDNAYIGVTYKNEEDKLKDWEGGLDEQRLSADSGYIIPLPDIDPVPEEEDLGKRNRHSSQTSEESAIETGSSSSTFIKREDETIEDIDMMDDIGIDSSDLVEDSFL	124	1555	1697	142
10792	HUMAN22416	P10721	1	30	MRGARGAWDFLCVLLLLLRVQTGSSQPSVS	29	19	66	47
10793	HUMAN22416	P10721	695	759	EDHAEAALYKNLLHSKESSCSDSTNEYMDMKPGVSYVVPTKADKRRSVRIGSYIERDVTPAIMED	64	841	925	84
10794	HUMAN22416	P10721	933	976	NHIYSNLANCSPNRQKPVVDHSVRINSVGSTASSSQPLLVHDDV	43	1103	1174	71
10795	HUMAN22417	P35968	1169	1304	QQDGKDYIVLPISETLSMEEDSGLSLPTSPVSCMEEEEVCDPKFHYDNTAGISQYLQNSKRKSRPVSVKTFEDIPLEEPEVKVIPDDNQTDSGMVLASEELKTLEDRTKLSPSFGGMVPSKSRESVASEGSNQTSG	135	1544	1700	156
10796	HUMAN22417	P35968	941	995	KGARFRQGKDYVGAIPVDLKRRLDSITSSQSSASSGFVEEKSLSDVEEEEAPEDL	54	1242	1362	120
10798	HUMAN22423	O15516	1	44	MLFTVSCSKMSSIVDRDDSSIFDGLVEEDDKDKAKRVSRNKSEK	43	2	49	47
10800	HUMAN22424	Q8N4E4	205	241	DLEENPRKDMVDMMVSSIRNTSIHDDSDSSNSDNDTK	36	346	449	103
10801	HUMAN22425	P48645	112	154	QKLGKSNVVSSVVHPLLQLVPHLHERRMKRFRVDEEFQSPFAS	42	204	252	48
10802	HUMAN22427	Q9NV70	437	506	TKESKKFATLPRKESAVKQETESLHGSSGKLTGSTSSLNKLSVQSSGNRRSQSSSLLDMGNMSASDLDVA	69	1453	1639	186
10803	HUMAN22427	Q9NV70	543	572	QSMPGTMAEAEDLDGGTLSRQHNCGTPLPV	29	1728	1824	96
10806	HUMAN22428	Q66GS9	68	252	LEPYKLENARLSRENNELYLELMKLREHSDQHVKELKTSLKKCARETADLKFLNNQYAHKLKLLEKESKAKNERIQQLQEKNLHAVVQTPGGKKRSIAFRRQRMQIDEPVPPSEVSSYPVPQPDDPYIADLLQVADNRIQELQQEVHQLQEKLAMMESGVRDYSKQIELREREIERLSVALDGGR	184	205	454	249
10808	HUMAN22429	Q6ZU35	547	584	QILFPKVNLSPVTPAKDTGLTAAPQEPKAPKASPVQHA	37	1222	1266	44
10809	HUMAN22429	Q6ZU35	614	666	KDTACKSLLGLEEKKHAEAPAGENPPRGPGDARAGSGKAKPRQESPSSASALA	52	1295	1357	62
10816	HUMAN22442	Q8NC60	82	123	EPQPTREKQLQELQQQQEEEERQRQQRREERRQQNLRARSRE	41	414	631	217
10817	HUMAN22448	Q03188	1	33	MAASGLDHLKNGYRRRFCRPSRARDINTEQGQN	32	82	121	39
10819	HUMAN22448	Q03188	778	815	SSKRKAKENIGKVNKKSNKKRICLDNDERKTNLMVNLG	37	1054	1094	40
10820	HUMAN22450	Q9ULZ2	138	170	LHEVLEREKKRRIETEQSTSVEKEKEPTEDYVD	32	149	199	50
10821	HUMAN22451	A0AVT1	1	38	MEGSEPVAAHQGEEASCSSWGTGSTNKNLPIMSTASVE	37	13	71	58
10822	HUMAN22475	P02808	1	62	MKFLVFAFILALMVSMIGADSSEEKFLRRIGRFGYGYGPYQPVPEQPLYPQPYQPQYQQYTF	61	0	84	84
10823	HUMAN22477	P15516	1	51	MKFFVFALILALMLSMTGADSHAKRHHGYKRKFHEKHHSHRGYRSNYLYDN	50	0	54	54
10824	HUMAN22478	P15515	1	57	MKFFVFALVLALMISMISADSHEKRHHGYRRKFHEKHHSHREFPFYGDYGSNYLYDN	56	0	57	57
10827	HUMAN22482	Q8NFU4	1	85	MKKVLLLITAILAVAVGFPVSQDQEREKRSISDSDELASGFFVFPYPYPFRPLPPIPFPRFPWFRRNFPIPIPESAPTTPLPSEK	84	15	109	94
10828	HUMAN22483	P07498	1	47	MKSFLLVVNALALTLPFLAVEVQNQKQPACHENDERPFYQKTAPYVP	46	1	55	54
10829	HUMAN22483	P07498	55	182	YPYYGTNLYQRRPAIAINNPYVPRTYYANPAVVRPHAQIPQRQYLPNSHPPTVVRRPNLHPSFIAIPPKKIQDKIIIPTINTIATVEPTPAPATEPTVDSVVTPEAFSESIITSTPETTTVAVTPPTA	127	62	266	204
10831	HUMAN22486	P02814	18	79	TPGESQRGPRGPYPPGPLAPPQPFGPGFVPPPPPPPYGPGRIPPPPPAPYGPGIFPPPPPQP	61	17	108	91
10833	HUMAN22489	Q6UX39	1	209	MRSTILLFCLLGSTRSLPQLKPALGLPPTKLAPDQGTLPNQQQSNQVFPSLSLIPLTQMLTLGPDLHLLNPAAGMTPGTQTHPLTLGGLNVQQQLHPHVLPIFVTQLGAQGTILSSEELPQIFTSLIIHSLFPGGILPTSQAGANPDVQDGSLPAGGAGVNPATQGTPAGRLPTPSGTDDDFAVTTPAGIQRSTHAIEEATTESANGIQ	208	0	237	237
10838	HUMAN22502	Q9Y6R1	211	270	KHRHQTKKSNLRSLADIGKTVSSASRMFTNPDNGSPAMTHRNLTSSSLNDISDKPEKDQL	59	322	439	117
10839	HUMAN22502	Q9Y6R1	38	83	SYRRRRRHKRKTGHKEKKEKERISENYSDKSDIENADESSSSILKP	45	104	170	66
10840	HUMAN22502	Q9Y6R1	399	433	SSDKRKNMYSGGENVQMNGDTPHDGGHGGGGHGDC	34	596	640	44
10841	HUMAN22505	Q9Y5X5	1	82	MNSFFGTPAASWCLLESDVSSAPDKEAGRERRALSVQQRGGPAWSGSLEWSRQSAGDRRRLGLSRQTAKSSWSRSRDRTCCC	81	0	94	94
10842	HUMAN22505	Q9Y5X5	457	522	KRAKPMEAYALKAKSHVLINTSNQLVQESTFQNPHGETLLYRKSAEKPQQELVMEELKETTNSSEI	65	486	559	73
10843	HUMAN22506	O15072	1052	1205	KRSSTLPPPYLLEAAETHDDVISNPSDLPRSLVMPTSLVPYHSETPAKKMSLSSISSVGGPNAYAAFRPNSKPDGANLRQRSAQQAGSKTVRLVTVPSSPPTKRVHLSSASQMAAASFFAASDSIGASSQARTSKKDGKIIDNRRPTRSSTLER	153	1228	1412	184
10844	HUMAN22506	O15072	1	31	MVLLSLWLIAAALVEVRTSADGQAGNEEMVQ	30	1	39	38
10845	HUMAN22506	O15072	209	253	APIDMSKDFHYRESDLEGLDDLGTVYGNIHQQLNETMRRRRHAGE	44	235	304	69
10846	HUMAN22506	O15072	940	987	GTNRSVHSKYCMGDRPESRRPCNRVPCPAQWKTGPWSECSVTCGEGTE	47	1049	1100	51
10847	HUMAN22506	O15072	996	1031	GDHCDGEKPESVRACQLPPCNDEPCLGDKSIFCQME	35	1108	1208	100
10849	HUMAN22512	Q6ZTQ3	109	215	EKPFSSFTSMKSSDVFSSKGMTRWGEFDDLYRISELDRTQIPMSEKRNSQEDYLSYHSNTLKPHAKDEPDSPVLYRTMSEAALVRKRMKPLMMDRKERQKNRASING	106	219	389	170
10850	HUMAN22514	P80162	1	43	MSLPSSRAARVPGPSGSLCALLALLLLLTPPGPLASAGPVSAV	42	0	55	55
10851	HUMAN22515	P10720	1	38	MSSAARSRLTRATRQEMLFLALLLLPVVVAFARAEAEE	37	0	57	57
10852	HUMAN22516	P09341	1	36	MARAALSAAPSNPRLLRVALLLLLLVAAGRRAAGAS	35	8	47	39
10853	HUMAN22517	P02776	1	35	MSSAAGFCASRPGLLFLGLLLLPLVVAFASAEAEE	34	4	47	43
10854	HUMAN22518	P02775	1	57	MSLRLDTTPSCNSARPLHALQVLLLLSLLLTALASSTKGQTKRNLAKGKEESLDSDL	56	0	61	61
10855	HUMAN22519	P42830	1	43	MSLLSSRAARVPGPSSSLCALLVLLLLLTQPGPIASAGPAAAV	42	41	93	52
10856	HUMAN22520	P19876	1	36	MAHATLSAAPSNPRLLRVALLLLLLVAASRRAAGAS	35	3	50	47
10857	HUMAN22521	P19875	1	36	MARATLSAAPSNPRLLRVALLLLLLVAASRRAAGAP	35	0	40	40
10858	HUMAN22523	Q9H903	1	38	MTVPVRGFSLLRGRLGRAPALGRSTAPSVRAPGEPGSA	37	93	236	143
10859	HUMAN22524	Q6UW88	1	51	MALGVPISVYLLFNAMTALTEEAAVTVTPPITAQQGNWTVNKTEADNIEGP	50	12	98	86
10860	HUMAN22525	O14944	1	57	MTAGRRMEMLCAGRVPALLLCLGFHLLQAVLSTTVIPSCIPGESSDNCTALVQTEDN	56	10	78	68
10861	HUMAN22526	P15514	110	142	PPQNKTESENTSDKPKRKKKGGKNGKNRRNRKK	32	171	210	39
10862	HUMAN22526	P15514	1	92	MRAPLLPPAPVVLSLLILGSGHYAAGLDLNDTYSGKREPFSGDHSADGFEVTSRSEMSSGSEISPVSEMPSSSEPSSGADYDYSEEYDNEPQ	91	30	150	120
10863	HUMAN22528	P35070	143	178	HPLRKRRKRKKKEEEMETLGKDITPINEDIEETNIA	35	169	229	60
10864	HUMAN22528	P35070	1	65	MDRAARCSGASSLPLLLALALGLVILHCVVADGNSTRSPETNGLLCGDPEENCAATTTQSKRKGH	64	10	86	76
10866	HUMAN22534	Q8TBB0	94	147	HLQGKREKLHCRKNFTLKTVPATNYNHHLVGASSCIEEFQSQFIFEHSYSVMDS	53	136	191	55
10869	HUMAN22542	O14830	314	402	STMRCKTRQKSEKQMEEKRRANQKSSAQGPIPWFLPESRSLPSSPLRLGSYKAQKTSRSSSIPCSGSLDGRELSRQVRSSVELELERCR	88	679	780	101
10872	HUMAN22550	Q07325	94	125	SQKKKQKNGKKHQKKKVLKVRKSQRSRQKKTT	31	144	182	38
10873	HUMAN22551	Q13508	283	365	GEKNQKLEDHSEKNWKLEDHGEKNQKLEDHGVKILEPTQIPGMKIPEPFPLPEDKSQGNINNPTPGPVPVPGPKSHPSASSGK	82	333	494	161
10875	HUMAN22564	O95210	27	200	PGDTGKDGDAEQEKDAPLGGAAIPGGHQSGSSGLSPGPSGQELVTKPEHLQESNGHLISKTKDLGKLQAASWRLQNPSREVCDNSREHVPSGQFPDTEAPATSETSNSRSYSEVSRNESLESPMGEWGFQKGQEISAKAATCFAEKLPSSNLLKNRAKEEMSLSDLNSQDRVDH	173	58	289	231
10876	HUMAN22565	Q5M9N0	1	101	MESKAWESNNEDLLSSSGVTSNGGSSSSFFVSSIRGTIIENTSSAGTLTQVPFFPKYEVELDSPRKIIPSPGKEHFERVLEEYSHQVKDLQRRLNESNELH	100	172	338	166
10878	HUMAN22568	A6NEL2	728	793	GKPIFPVYPLVGSSSPTRKAKSKEISRSVTRKTSFAALLKSQHNKWKLANQYEKFHSPREREEYSD	65	864	932	68
10879	HUMAN22570	Q14094	273	327	DKGVFRLHPSSVPGPDFSKDNSKPEVPVRGTAAFYHHLPAASGCKQTSTKRKVEE	54	338	446	108
10880	HUMAN22570	Q14094	344	377	DNVSENVGSVCGTDLSRQEGHASPCPPLQPVSVM	33	464	586	122
10881	HUMAN22572	Q16589	278	344	QNLHNSYYSVPELPTIPEGGCFDESESEDSCEDMSCGEESLSSSPPSDQECTFFFNFKVAQTLCFPS	66	587	663	76
10882	HUMAN22576	Q9BYD6	1	74	MAAAVRCMGRALIHHQRHSLSKMVYQTSLCSCSVNIRVPNRHFAAATKSAKKTKKGAKEKTPDEKKDEIEKIKA	73	18	185	167
10884	HUMAN22584	Q9BSU3	163	229	DLKKGGYVVLGSRENQETQGSTLSDSEEACQQKNPATEESGSDSKEPKESVESTNVQDSSESSDSTS	66	328	425	97
10885	HUMAN22588	Q9NQV8	142	172	PSRSHNKMNGSSPYTCLECSQRFQFEFPYVA	30	145	190	45
10886	HUMAN22589	P12034	1	80	MSLSFLLLLFFSHLILSAWAHGEKRLAPKGQPGPAATDRNPRGSSSRQSSSSAMSSSSASSSPAASLGSQGSGLEQSSFQ	79	0	89	89
10887	HUMAN22589	P12034	222	268	SEQPELSFTVTVPEKKKPPSPIKPKIPLSAPRKNTNSVKYRLKFRFG	46	234	295	61
10888	HUMAN22592	P12645	1	53	MAGASRLLFLWLGCFCVSLAQGERPKPPFPELRKAVPGDRTAGGGPDSELQPQ	52	43	111	68
10889	HUMAN22592	P12645	268	368	GTVPKWDSHIRAALSIERRKKRSTGVLLPLQNNELPGAEYQYKKDEVWEERKPYKTLQAQAPEKSKNKKKQRKGPHRKSQTLQFDEQTLKKARRKQWIEPR	100	343	460	117
10892	HUMAN22601	O14979	1	146	MEVPPRLSHVPPPLFPSAPATLASRSLSHWRPRPPRQLAPLLPSLAPSSARQGARRAQRHVTAQQPSRLAGGAAIKGGRRRRPDLFRRHFKSSSIQRSAAAAAATRTARQHPPADSSVTMEDMNEYSNIEEFAEGSKINASKNQQD	145	0	228	228
10893	HUMAN22604	Q86SK9	1	41	MPGPATDAGKIPFCDAKEEIRAGLESSEGGGGPERPGARGQ	40	80	187	107
10894	HUMAN22608	Q9H5L6	100	149	KGKARQKILKQPLPDNSQEVATEDHNYSLKTPLTIGAEKLAEVQQMLQVS	49	123	204	81
10896	HUMAN22610	Q6MZP7	367	522	TSASSSTQPVSQNPSTNTQPLQQAKPVVVNTTPVRMSVPIVSAQAVKQVVPKPINPTSQIVTTSQPQQRLIMPATPLPQIQPNLTNLPPGTVLAPAPGTGNVGYAVLPAQYVTQLQQSSYVSIASNSTFTGTSGIQTQARLPFNGIIPSESASRPR	155	536	762	226
10897	HUMAN22610	Q6MZP7	640	680	TLMHLADAAEVRVQQQTAAKTKLSSQISDLLTRPTPALNSG	40	890	931	41
10898	HUMAN22616	Q9Y251	1	32	MLLRSKPALPPPLMLLLLGPLGPLSPGALPRP	31	76	223	147
10900	HUMAN22618	Q9Y3D5	1	60	MAAVVAVCGGLGRKKLTHLVTAAVSLTHPGTHTVLWRRGCSQQVSSNEDLPISMENPYKE	59	23	117	94
10901	HUMAN22619	Q6UWZ7	256	409	KRRGAQIQAAREKNIQKDPQENIFLCQALRTFFPNSEFLHSCVMSLKNRHVSKSSCNYNHHLDVVDNLTLMVEHTDIPEASPASTPQIIKHKALDLDDRWQFKRSRLLDTQDKRSKADTGSSNQDKASKMSSPETDEEIEKMKGFGEYSRSPTF	153	459	653	194
10902	HUMAN22625	Q53EU6	53	90	IEKGTPKESILKNSASVGIIQRDESPMEKGLSGLRGRD	37	197	362	165
10905	HUMAN22628	Q8IZQ1	1911	1947	SEMVTDLDDEVGSPAEEFKAFAADTGMNRSQSEYCNV	36	6135	6277	142
10906	HUMAN22628	Q8IZQ1	2260	2301	SRGEALAPTTQSKLSRVSSGFGLSKLTGSRRNRKESGLNKHS	41	6967	7109	142
10909	HUMAN22628	Q8IZQ1	785	840	EQIPPCLTSESSLPSPWGTPALSRKRHAYHSVSTPPVYPPKNVADLKLHVTTSSLQ	55	3067	3175	108
10911	HUMAN22631	P53779	403	464	EKTKNGVVKGQPSPSGAAVNSSESLPPSSSVNDISSMSTDQTLASDTDSSLEASAGPLGCCR	61	918	1062	144
10913	HUMAN22632	Q12923	182	317	GTDQLSCNSEQKPDRSQAIRDRLRGKGLPTGRSSTSDVLDIQKPPLSHQTFLNKGLSKSMGFLSIKDTQDENYFKDILSDNSGREDSENTFSPYQFKTSGPEKKPIPGIDVLSKKKIWASSMDLLCTADRDFSSGE	135	223	405	182
10914	HUMAN22632	Q12923	414	525	TSSESPSIISSESDFRQVRRSEASKRFESSSGLPGVDETLSQGQSQRPSRQYETPFEGNLINQEIMLKRQEEELMQLQAKMALRQSRLSLYPGDTIKASMLDITRDPLREIA	111	546	671	125
10915	HUMAN22632	Q12923	935	1050	LSCSELSLYQPLQNSSKEKNDKASWEEKPREMSKSYHDLSQASLYPHRKNVIVNMEPPPQTVAELVGKPSHQMSRSDAESLAGVTKLNNSKSVASLNRSPERRKHESDSSSIEDPG	115	1160	1324	164
10916	HUMAN22634	Q3KNW5	316	377	KNKHGKKNSGCTEVCHTRKSTSSRETNAFLEVNEEGAITPGPPGPMDCHRALEPVGHITSCE	61	558	643	85
10917	HUMAN22639	Q9P2G9	1	40	MASDSMSSKQARNHITKGKRQQQHQQIKNRSSISDGDGED	39	150	272	122
10921	HUMAN22650	Q13563	768	832	QELTEHEHQQMRDDLEKEREDLDLDHSSLPRPMSSRSFPRSLDDSEEDDDEDSGHSSRRRGSISS	64	939	1007	68
10922	HUMAN22650	Q13563	869	968	IMERAKLKRREVLGRLLDGVAEDERLGRDSEIHREQMERLVREELERWESDDAASQISHGLGTPVGLNGQPRPRSSRPSSSQSTEGMEGAGGNGSSNVHV	99	1044	1157	113
10923	HUMAN22651	Q9UNQ0	1	30	MSSSNVEVFIPVSQGNTNGFPATASNDLKA	29	225	382	157
10924	HUMAN22653	Q8N3J5	1	56	MSTAALITLVRSGGNQVRRRVLLSSRLLQDDRRVTPTCHSSTSEPRCSRFDPDGSG	55	49	164	115
10925	HUMAN22656	Q96I23	1	48	MLSGARCRLASALRGTRAPPSAVARRCLHASGSRPLADRGKKTEEPPR	47	0	50	50
10926	HUMAN22659	Q96NT1	127	182	MEGCAWTLEGEEEEEEEYEDDEEEGEDEEEEEAAAEAAAGAKHDDAHAEMPDDAKK	55	154	235	81
10928	HUMAN22660	O94988	849	943	NTIPIIGSPSSKRRSPLLQPIIEGETASFFKEIKEEEEGSEDDSNVKPDFMVTLKTDFSARCFLDQFEDDADGFISPMDDKIPSKCSQDTGLSNL	94	1411	1545	134
10929	HUMAN22662	Q4W5G0	437	473	SDSSCQVLTDSESAEDQTKAAEQKPSSKSRKTELNPE	36	487	528	41
10931	HUMAN22663	Q6ZVF9	721	776	EKLIKTQNSQTRRSISSDTSSNKKLRGRQHSVFQSMLQNFRRPNCCVRPAPSSVLD	55	818	874	56
10932	HUMAN22664	P37840	1	140	MDVFMKGLSKAKEGVVAAAEKTKQGVAEAAGKTKEGVLYVGSKTKEGVVHGVATVAEKTKEQVTNVGGAVVTGVTAVAQKTVEGAGSIAAATGFVKKDQLGKNEEGAPQEGILEDMPVDPDNEAYEMPSEEGYQDYEPEA	139	0	197	197
10933	HUMAN22666	Q13201	1	207	MKGARLFVLLSSLWSGGIGLNNSKHSWTIPEDGNSQKTMPSASVPPNKIQSLQILPTTRVMSAEIATTPEARTSEDSLLKSTLPPSETSAPAEGVRNQTLTSTEKAEGVVKLQNLTLPTNASIKFNPGAESVVLSNSTLKFLQSFARKSNEQATSLNTVGGTGGIGGVGGTGGVGNRAPRETYLSRGDSSSSQRTDYQKSNFETTRG	206	8	249	241
10934	HUMAN22666	Q13201	276	386	SGPKCQLRAQEQQSLIHTNQAESHTAVGRGVAEQQQQQGCGDPEVMQKMTDQVNYQAMKLTLLQKKIDNISLTVNDVRNTYSSLEGKVSEDKSREFQSLLKGLKSKSINVL	110	318	453	135
10936	HUMAN22672	O43424	860	921	GSRVPSKEDDKEIDLEHLHRRVNSLCTDDDSPHKQFSTSSIDLTPLDIDTLPTRQALEQISD	61	886	949	63
10937	HUMAN22672	O43424	936	1007	QIQTLSRTLSAKAASGFTFGNVPEHRTGPFRHRAPNGGFFRSPIKTMSSIPYQPTPTLGLNLGNDPDRGTSI	71	964	1052	88
10938	HUMAN22675	Q92858	1	169	MSRLLHAEEWAEVKELGDHHRQPQPHHLPQPPPPPQPPATLQAREHPVYPPELSLLDSTDPRAWLAPTLQGICTARAAQYLLHSPELGASEAAAPRDEVDGRGELVRRSSGGASSSKSPGPVKVREQLCKLKGGVVVDELGCSRQRAPSSKQVNGVQKQRRLAANARER	168	0	212	212
10939	HUMAN22675	Q92858	218	354	PSGGEQPPPPPASCKSDHHHLRTAASYEGGAGNATAAGAQQASGGSQRPTPPGSCRTRFSAPASAGGYSVQLDALHFSTFEDSALTAMMAQKNLSPSLPGSILQPVQEENSKTSPRSHRSDGEFSPHSHYSDSDEAS	136	260	437	177
10941	HUMAN22686	O95185	1	48	MRKGLRATAARCGLGLGYLLQMLVLPALALLSASGTGSAAQDDDFFHE	47	130	312	182
10942	HUMAN22687	P29803	1	31	MLAAFISRVLRRVAQKSARRVLVASRNSSND	30	54	262	208
10944	HUMAN22689	Q8N412	268	303	TIIASVRNICSKKQKKSAFGSSVPRTFFSVQKEACA	35	397	434	37
10945	HUMAN22689	Q8N412	319	388	VGISDELPNLTNKYAAFLSRAKRTMKVPDMVIPAPGSYDVHKSYEMSQVKHKYMPPRSLVAKRKHASFLS	69	451	556	105
10946	HUMAN22709	Q53FE4	226	359	NLLTHHRRNTSMEPAAETGKPPTVKSPPTVKLPPNFTAKSKVLTRDTEGDQPTRVSSQGSEENKEVPKEAEHKPPLLIRRNNMKIPVAEYFSKPNSPPRPNTQESGSAKPVSARSIQEYNLCPQRACYPSTHRR	133	281	441	160
10947	HUMAN22709	Q53FE4	57	172	NAFGTLWGVGQSNYLEKNRIPFANCSYPSSTAVQESPVRGMSPAPNGAKVPPRPHSEPSRKIKECFKTSSENPLVIKKEEIKAKRPPSPPKACSTPGSCSSGMTSTKNDVKANTIC	115	96	226	130
10949	HUMAN22710	Q8TBZ6	277	339	GAVPTDKACESASHDNQSVRMEEGGSDSDSSEEEYSRNELDSPHEEKQDKENHTESTVNSLPH	62	831	1066	235
10950	HUMAN22719	D6RIA3	1686	1757	VLPTNALQPTPIARAPRGSELSPMVAEPSSKEAAATFTEAPYFMASGQSPASSTSSAPAATSQLLGAKAFAQ	71	2032	2118	86
10952	HUMAN22722	Q8TBM8	220	262	NGRAGYSQQHQHRHSGHEREEERGDGGFSVFIQLMPIIVLILV	42	481	568	87
10953	HUMAN22722	Q8TBM8	54	90	GSTAGNSPHCRKPSGSGDQSKPNCTKDSTSGSGEGGK	36	111	317	206
10954	HUMAN22726	Q96D03	1	45	MVATGSLSSKNPASISELLDCGYHPESLLSDFDYWDYVVPEPNLN	44	22	118	96
10958	HUMAN22731	Q9C0K1	224	298	GQNGHTHFGNDNFGPQEKTHQPKALPAINGVTCYANPAVTEANGHIHFDNVSVVSLQDGKKEPSSCTCLKGPKLS	74	308	456	148
10959	HUMAN22740	Q8N5K1	35	68	VSEWLRLLPFLGVLALLGYLAVRPFLPKKKQQKD	33	55	112	57
10960	HUMAN22743	Q4ZJI4	1	52	MHTTESKNEHLEDENFQTSTTPQSLIDPNNTAQEETKTVLSDTEEIKPQTKK	51	13	187	174
10961	HUMAN22749	Q02224	2337	2379	EKNEKLFKNYQTLKTSLASGAQVNPTTQDNKNPHVTSRATQLT	42	7630	7719	89
10962	HUMAN22749	Q02224	2654	2701	SPHPVRYFDNSSLGLCPEVQNAGAESVDSQPGPWHASSGKDVPECKTQ	47	8604	8740	136
10964	HUMAN22750	P29371	1	75	MATLPAAETWIDGGGGVGADAVNLTASLAAGAATGAVETGWLQLLDQAGNLSSSPSALGLPVASPAPSQPWANLT	74	19	130	111
10965	HUMAN22750	P29371	381	465	SYDELELKTTRFHPNRQSSMYTVTRMESMTVVFDPNDADTTRSSRKKRATPRDPSFNGCSRRNSKSASATSSFISSPYTSVDEYS	84	487	586	99
10966	HUMAN22753	Q9H2U2	1	31	MSALLRLLRTGAPAAACLRLGTSAGTGSRRA	30	53	153	100
10968	HUMAN22755	Q9NXL2	645	709	PAKMQKVDAENRFCDDDFENISLFVSSRPASDSVTGTSESSIGDSSSSLSGTCGKFETNGTDVDS	64	1081	1293	212
10970	HUMAN22756	Q96CB8	44	149	DSSYRPSQKDVEPPKISSTKNISIKQEPKISSSLPSGNNNGKVLTTEKVKKEAEKRPADKMKSDITEGVDIPKKPRLEKPETQSSPITVQSSKDLPMADLSSFEET	105	72	244	172
10971	HUMAN22758	Q8NEC7	193	264	DKLRRQKLKQQKADGVGPPLTKGKAKSKVHTQETSEGLDSSSKSLELKVAFSKLTVQEEPATTNREPSHIRK	71	446	560	114
10972	HUMAN22762	Q8TEA7	714	746	AQPPKPSSDSSGGRSSAPYFSAECPDPPKTDLS	32	1413	1463	50
10973	HUMAN22769	Q8NHU3	1	55	MDIIETAKLEEHLENQPSDPTNTYARPAEPVEEENKNGNGKPKSLSSGLRKGTKK	54	4	116	112
10974	HUMAN22770	Q7Z449	1	45	MSSPGPSQPPAEDPPWPARLLRAPLGLLRLDPSGGALLLCGLVAL	44	109	181	72
10976	HUMAN22774	Q9UJU2	368	399	ARDNYGKKKKRKREKLQESASGTGPRMTAAYI	31	602	662	60
10977	HUMAN22777	Q8TBG4	442	499	TKTESVTSENTPCKTKMLKEAHIELLRDSTTDSKENPSRKRNGMCTDTHSLLSKRLKT	57	1027	1128	101
10978	HUMAN22782	P55212	1	33	MSSASGLRRGHPAGGEENMTETDAFYKREMFDP	32	7	175	168
10980	HUMAN22785	Q9NY12	1	62	MSFRGGGRGGFNRGGGGGGFNRGGSSNHFRGGGGGGGGGNFRGGGRGGFGRGGGRGGFNKGQ	61	51	258	207
10981	HUMAN22787	Q3SXY7	354	483	PPDTSERTGDHPEWDVQPGSGRSTSVSSASSYLWSSSFSPTSSFSASTLSPPSTASFSLSPFSSSTVSSTTTLSTSISASTTMANKRSFQLHQGGKRNLKVAKNGSKLPPASTSKKEELALLDQTMLTET	129	423	590	167
10982	HUMAN22788	P01133	1177	1207	GGVEKPHSLLSANPLWQQRALDPPHQMELTQ	30	1621	1652	31
10983	HUMAN22790	Q07075	1	83	MNFAEREGSKRYCIQTKHVAILCAVVVGVGLIVGLAVGLTRSCDSSGDGGPGTAPAPSHLPSSTASPSGPPAQDQDICPASED	82	269	502	233
10984	HUMAN22794	Q8N8J7	1	69	MCSAGELLRGGDGGERDEDGDALAEREAAGTGWDPGASPRRRGQRPKESEQDVEDSQNHTGEPVGDDYK	68	12	94	82
10986	HUMAN22796	Q96CG3	151	184	ENNWPPHRPIPEYGTYSLCSSQSSSPTEMDENES	33	181	230	49
10988	HUMAN22798	Q9H2A3	175	272	GGGGGGLPGALFSEAVLLSPGGASAALSSSGDSPSPASTWSCTNSPAPSSSVSSNSTSPYSCTLSPASPAGSDMDYWQPPPPDKHRYAPHLPIARDCI	97	212	330	118
10989	HUMAN22798	Q9H2A3	1	121	MFVKSETLELKEEEDVLVLLGSASPALAALTPLSSSADEEEEEEPGASGGARRQRGAEAGQGARGGVAAGAEGCRPARLLGLVHDCKRRPSRARAVSRGAKTAETVQRIKKTRRLKANNRE	120	0	157	157
10991	HUMAN22809	Q5FYB0	1	73	MAPRGCAGHPPPPSPQACVCPGKMLAMGALAGFWILCLLTYGYLSWGQALEEEEEGALLAQAGEKLEPSTTST	72	8	135	127
10992	HUMAN22809	Q5FYB0	559	599	TKKKKPSKNQAEKKQKKSKKKKKKQQKAVSGSTCHSGVTCG	40	854	921	67
10993	HUMAN22810	Q16880	507	541	WSRNKHSTVNGHYHNGILNGKYKRNGHIKHEKKVK	34	644	689	45
10994	HUMAN22811	Q9H3R1	1	75	MNLIVKLRRSFRTLIVLLATFCLVSIVISAYFLYSGYKQEMTLIETTAEAECTDIKILPYRSMELKTVKPIDTSK	74	34	129	95
10995	HUMAN22813	Q8N609	327	369	SNIQASCMKKKRSRSSKKRTENGVGVETSNRVDCPPKRKEKSS	42	383	460	77
10996	HUMAN22814	O95803	1	74	MSFIMKLHRHFQRTVILLATFCMVSIIISAYYLYSGYKQENELSETASEVDCGDLQHLPYQLMEVKAMKLFDAS	73	14	135	121
10997	HUMAN22816	Q9HCE5	1	110	MDSRLQEIRERQKLRRQLLAQQLGAESADSIGAVLNSKDEQREIAETRETCRASYDTSAPNAKRKYLDEGETDEDKMEEYKDELEMQQDEENLPYEEEIYKDSSTFLKGT	109	33	259	226
10998	HUMAN22816	Q9HCE5	397	456	PKSPPPKSKSDRGGGAPRGGGRGGTSAGRGRERNRSNFRGERGGFRGGRGGAHRGGFPPR	59	641	814	173
11000	HUMAN22822	Q9NPC6	1	143	MLSHNTMMKQRKQQATAIMKEVHGNDVDGMDLGKKVSIPRDIMLEELSHLSNRGARLFKMRQRRSDKYTFENFQYQSRAQINHSIAMQNGKVDGSNLEGGSQQAPLTPPNTPDPRSPPNPDNIAPGYSGPLKEIPPEKFNTTA	142	1	174	173
11003	HUMAN22833	Q96P65	354	431	KTFSPAQRHGNSGITMMRKKAKFSLRENPVEETKGEAFSDGNIEVKLCEQTEEKKKLKRHLALFRSELAENSPLDSGH	77	400	500	100
11005	HUMAN22838	Q8IWZ6	325	373	ESGPGEELKINQEMQNKISSLRNELEHLQYKVLQERENYQQSSQSSKAK	48	954	1143	189
11007	HUMAN22840	Q2LD37	1568	1609	LLDRGMQLSGSTSNTPYTPLEKKLADNTDDETLTEEWTLDQP	41	3261	3421	160
11008	HUMAN22840	Q2LD37	160	190	PPKKDDDKTREIGRTRTQSKIERVKVKTESQ	30	617	671	54
11009	HUMAN22840	Q2LD37	1675	1707	TFSENLSSKQDIRGTKTEQSTIGTTNQGQAQTN	32	3659	3748	89
11010	HUMAN22840	Q2LD37	1779	1814	NNAEPGRTSNFDRYVHATKMQPQSSGSLRSNAGAEK	35	3866	4056	190
11011	HUMAN22840	Q2LD37	1911	1993	VLYNSFGIMGKASDTERGGVLTSNNSSDSPTGSGYNTDVSDDNLPCDRTSPSSDLNGNSVSDEQDEGVESDDLKKDLPLMPPP	82	4289	4529	240
11014	HUMAN22840	Q2LD37	2725	2769	KSSETFGPAGVRSPTEPTCKVVFENEQDNSSLTKTQRKRSLVTSE	44	6052	6245	193
11015	HUMAN22840	Q2LD37	2929	2969	QPSTAPQPVKEDIATPLPSEKTPTSVNQTPVETNEFPQLPE	40	6495	6647	152
11016	HUMAN22840	Q2LD37	3482	3548	EDIDDIADLNSVNIADLSDEDEVDTMSPTIHTEATDYRRQAASASQPGELRGRKIMKRIVDIRELNE	66	8094	8331	237
11018	HUMAN22840	Q2LD37	3816	3865	DDISLRRSYDRSSRSLDQDSPSKKKKFQTNYASTTHLMTGKKVPSSLQTK	49	8856	8970	114
11019	HUMAN22840	Q2LD37	3893	3956	ESPNASRGSSLPRTLSKESKLYGMKDSATSPPSPPLPSTVQSKTNTLLPPQPPPIPAAKGKGSG	63	8997	9171	174
11020	HUMAN22840	Q2LD37	3998	4030	VERNYTAVSSQDEDMGHFEIPDPMEESTTSLVS	32	9214	9267	53
11021	HUMAN22840	Q2LD37	4087	4145	LGTTYPAETLSPGGNATQSGTKTSASKTGIPGSSGLGSPLGRSRHSSSQSDLTSSSSSS	58	9344	9442	98
11023	HUMAN22840	Q2LD37	4883	4912	PRILSTRPGQKSPIIIHDDNSSDKDREDSI	29	10758	10969	211
11024	HUMAN22842	Q96M93	1	77	MASNNHWFQSSQVPSFAQMLKKNLPVQPATKTITTPTGWSSESYGLSKMASKVTQVTGNFPEPLLSKNLSSISNPVL	76	71	234	163
11025	HUMAN22849	Q8NB90	207	302	QSDSDTDAQRMAFEQSSMETSSLELSLQLSQLDLEDTQIPTSRSTPYKPIDDRITNKASDVLLDVTQSPGDGSGLMLEEVTGLKCNFESAREGNEQ	95	242	378	136
11029	HUMAN22854	Q9ULD6	1	50	MASVASCDSRPSSDELPGDPSSQEEDEDYDFEDRVSDSGSYSSASSDYDD	49	8	105	97
11030	HUMAN22854	Q9ULD6	665	774	REKTDSLTTSPILSRLQGTSKVATSPTCRRTLFGDYSLKTRKPSPSCSSGGSDNGCEGGEDDGFSPHTTPDAVRKQRESQGSDGLEESGTLLKVTKKKSTLPNPFHLGNL	109	1035	1266	231
11031	HUMAN22854	Q9ULD6	75	150	EESLLPETPTVNHVRFSENEIIIEDDYKERKKYEPKLKQFTKILRRKRLLPKRCNKKNSNDNGPVSILKHQSNQKT	75	131	283	152
11033	HUMAN22856	O95757	788	839	KPKPKAEVPEDKPKANSEHNGPMDGQSGTETKSDSTKDSSQHTKSSGEMEVD	51	1975	2114	139
11036	HUMAN22858	Q8NHS3	1	32	MAGLRNESEQEPLLGDTPGSREWDILETEEHY	31	43	207	164
11037	HUMAN22858	Q8NHS3	240	290	SGRQCKSINFEEASTDEAQVPQGNIDQVAVVAINVLFFVTLFIFALFETII	50	531	741	210
11039	HUMAN22861	Q659C4	851	914	PISDEFGRKRHSSTSGEESNRHRLPPNSSTKPPNAAKPTSTSELQVPINSPRRNISPESSDNSH	63	1834	1968	134
11040	HUMAN22864	Q6IE81	1	41	MKRGRLPSSSEDSDDNGSLSTTWSQNSRSQHRRSSCSRHED	40	62	112	50
11041	HUMAN22864	Q6IE81	370	419	SHRKPEESLGKGAAQENGAPECSPRNPLEPFASLEQNREEAHRVSVRKQK	49	468	559	91
11042	HUMAN22864	Q6IE81	470	504	KKDEEDNLAKREQDVLFRRLQLFTHLRQDLERVRN	34	609	644	35
11044	HUMAN22865	Q96NL6	1	137	MAAEIDFLREQNRRLNEDFRRYQMESFSKYSSVQKAVCQGEGDDTFENLVFDQSFLAPLVTEYDKHLGELNGQLKYYQKQVGEMKLQLENVIKENERLHSELKDAVEKKLEAFPLGTEVGTDIYADDETVRNLQEQL	136	93	259	166
11045	HUMAN22868	Q9P2E7	842	947	PSRSTDTEHNPCGAIVTGYTDQQPDIISNGSILSNETKHQRAELSYLVDRPRRVNSSAFQEADIVSSKDSGHGDSEQGDSDHDATNRAQSAGMDLFSNCTEECKAL	105	1054	1214	160
11048	HUMAN22872	Q9UPY5	1	35	MVRKPVVSTISKGGYLQGNVNGRLPSLGNKEPPGQ	34	57	127	70
11049	HUMAN22873	Q9UK39	1	85	MFHSPRRLCSALLQRDAPGLRRLPAPGLRRPLSPPAAVPRPASPRLLAAASAASGAARSCSRTVCSMGTGTSRLYSALAKTLNSS	84	0	165	165
11050	HUMAN22874	Q15723	138	205	PDVITETVVEVSTEESEPMDTSPIPTSPDSHEPMKKKKVGRKPKTQQSPISNGSPELGIKKKPREGKG	67	194	293	99
11051	HUMAN22874	Q15723	302	434	DKSETCNEDLAGTTDEKSLERVSLSAESLLKAASSVRSGKNSSPINCSRAEKGVARVVNITSPGHDASSRSPTTTASVSATAAPRTVRVAMQVPVVMTSLGQKISTVAVQSVNAGAPLITSTSPTTATSPKVV	132	390	581	191
11052	HUMAN22877	Q8TDB4	1	43	MYLRRAVSKTLALPLRAPPNPAPLGKDASLRRMSSNRFPGSSG	42	8	53	45
11054	HUMAN22879	Q9BXJ9	574	639	TDENKEHEADTANMSDKELKKLRNKQRRAQKKAQIEEEKKNAEKEKQQRNQKKKKDDDDEEIGGPK	65	1944	2168	224
11056	HUMAN22890	O14967	1	46	MHFQAFWLCLGLLFISINAEFMDDDVETEDFEENSEEIDVNESELS	45	33	138	105
11058	HUMAN22894	Q6ZT07	1009	1058	PENKSKSKNAKDLPKLNQGQFIELCKTMYNMFSEDPNEQELYHATAAVTS	49	2214	2290	76
11060	HUMAN22894	Q6ZT07	408	456	SDKEFAGSYNSSDDEVYSRPSSLVSSSPQRSTSSDADGERQFNLNGNSV	48	881	959	78
11062	HUMAN22895	Q9ULK6	330	438	PNADCMDDLPTDFEGSLGGPPTNQITGASDTTVNESSVTLDPAVRTVGALQVVQDTDPIPQEGDVIFTTNSEQEPAVSSDSDISLIMAMEVGLSDVELSTDQDCEEVKS	108	427	558	131
11064	HUMAN22902	Q8NB14	546	590	QASHKPSEILECSETSLQEVASKAAVLTETPRTSDGEKTLIEKMF	44	867	1035	168
11065	HUMAN22902	Q8NB14	613	645	FTDLSLAFCPSSSLENMSVQDPASSPSIQDGGL	32	1060	1105	45
11068	HUMAN22905	O60264	108	162	PAAQKTPTSPLKMKPGRPRIKKDEKQNLLSVGDYRHRRTEQEEDEELLTESSKAT	54	730	863	133
11070	HUMAN22910	P06028	13	50	EIVSISALSTTEVAMHTSTSSSVTKSYISSQTNGETGQ	37	12	50	38
11071	HUMAN22915	Q96QV1	1	33	MLKMLSFKLLLLAVALGFFEGDAKFGERNEGSG	32	2	40	38
11072	HUMAN22920	Q01804	194	241	ADEDNSEISDSEDDSCKSKTAAAAADVNGFKPLSGNEQLKNNGNSTSL	47	335	392	57
11074	HUMAN22921	Q15797	195	246	SPGSSSSTYPHSPTSSDPGSPFQMPADTPPPAYLPPEDPMTQDGSQPMDTNM	51	492	553	61
11075	HUMAN22923	C9J302	136	202	PPNYGKYCVRPKKPAQEALINYSRRGKGVLKHLHGRCDSESKVCSSEDSEADRYSDYGWGGPSSPFN	66	138	209	71
11076	HUMAN22923	C9J302	37	86	ETRWSDSSVTTYTGSYRKKQLDKSMCSQFSFRAGQHEPECKQMSLTNSSA	49	36	87	51
11078	HUMAN22933	P25101	1	67	METLCLRASFWLALVGCVISDNPERYSTNLSNHVDDFTTFRGTELSFLVTTHQPTNLVLPSNGSMHN	66	7	101	94
11079	HUMAN22933	P25101	391	427	SKSLMTSVPMNGTSIQWKNHDQNNHNTDRSSHKDSMN	36	451	488	37
11083	HUMAN22938	A0A1B0GVH7	208	265	CDSRRVSFSQSSSIFRDYYSKTFKTLIKKERQPIKPEPKSQPRIKGTPNKTDKLDSKV	57	219	281	62
11085	HUMAN22940	P50851	1462	1535	SQLKTRGDKALKPMHSLIPLGKSAAKSPVDIVTGGISPVRDLDRLLQDMDINRLRAVVFRDIEDSKQAQFLALA	73	4591	4746	155
11089	HUMAN22943	P61247	233	264	GEGSSSGKATGDETGAKVERADGYEPPVQESV	31	491	580	89
11092	HUMAN22948	O75879	29	58	GAPTGSTSNQIRGESSVAQQPLHTAQKTRK	29	293	413	120
11093	HUMAN22951	Q6P9G4	1	183	MQAPRAALVFALVIALVPVGRGNYEELENSGDTTVESERPNKVTIPSTFAAVTIKETLNANINSTNFAPDENQLEFILMVLIPLILLVLLLLSVVFLATYYKRKRTKQEPSSQGSQSALQTYELGSENVKVPIFEEDTPSVMEIEMEELDKWMNSMNRNADFECLPTLKEEKESNHNPSDSES	182	8	229	221
11094	HUMAN22952	Q8IY51	429	466	TCEAAPNGDSICTKESKSDETGFYTSDEEDDDGSPGTE	37	642	698	56
11095	HUMAN22953	P53367	1	113	MAQESPKNSAAEIPVTSNGEVDDSREHSFNRDLKHSLPSGLGLSETQITSHGFDNTKEGVIEAGAFQGSPAPPLPSVMSPSRVAASRLAQQGSDLIVPAGGQRTQTKSGPVIL	112	159	300	141
11096	HUMAN22954	Q9C0D6	1	94	MHVMNCVSLVSDKENGNIATAPGFMIGQTPPPAPPPPPPPPPPSPPCSCSREECPSSPPPPPPPPLPGEPPIPPPPPGLPPTTHMNGYSHLGKK	93	36	187	151
11098	HUMAN22961	Q8N4F7	1	48	MAAGTAARKAAPVLEAPPQQEQLSHTKLSAEDTWNLQQERMYKMHRGH	47	4	61	57
11099	HUMAN22963	Q96HF1	1	35	MLQGPGSLLLLFLASHCCLGSARGLFLFGQPDFSY	34	24	121	97
11102	HUMAN22969	P02675	1	94	MKRMVSWSFHKLKTMKHLLLLLLCVFLVKSQGVNDNEEGFFSARGHRPLDKKREEAPSLRPAPPPISGGGYRARPAKAAATQKKVERKAPDAGG	93	0	155	155
11104	HUMAN22975	P49146	1	42	MGPIGAEADENQTVEEMKVEQYGPQTTPRGELVPDPEPELID	41	64	129	65
11105	HUMAN22975	P49146	346	381	LDAIHSEVSVTFKAKKNLEVRKNSGPNDSFTEATNV	35	562	680	118
11107	HUMAN22976	Q49MG5	567	647	KEAFFKQKEKEKINEKRKEELKRAEKKDKDKQAINEYEKWLENKEKQERIERKQKKRHSFLESEALPPWSPPSRTVFAKVF	80	960	1062	102
11108	HUMAN22978	Q02108	1	66	MFCTKLKDLKITGECPFSLLAPGQVPNESSEEAAGSSESCKATVPICQDIPEKNIQESLPQRKTSR	65	0	77	77
11109	HUMAN22980	Q9NY37	1	32	MEQTEKSKVYAENGLLEKIKLCLSKKPLPSPT	31	20	123	103
11110	HUMAN22981	P48775	1	37	MSGCPFLGNNFGYTFKKLPVEGSEEDKSQTGVNRASK	36	121	252	131
11111	HUMAN22985	P48167	1	52	MKFLLTTAFLILISLWVEEAYSKEKSSKKGKGKKKQYLCPSQQSAEDLARVP	51	18	78	60
11112	HUMAN22985	P48167	363	497	EKARIAKAEQADGKGGNVAKKNTVNGTGTPVHISTLQVGETRCKKVCTSKSDLRSNDFSIVGSLPRDFELSNYDCYGKPIEVNNGLGKSQAKNNKKPPPAKPVIPTAAKRIDLYARALFPFCFLFFNVIYWSIYL	134	423	569	146
11113	HUMAN22988	Q6UWH4	1	41	MTCPDKPGQLINWFICSLCVPRVRKLWSSRRPRTRRNLLLG	40	17	69	52
11114	HUMAN22988	Q6UWH4	56	202	GRASLQHGQAAEKGPHRSRDTAEPSFPEIPLDGTLAPPESQGNGSTLQPNVVYITLRSKRSKPANIRGTVKPKRRKKHAVASAAPGQEALVGPSLQPQEAAREADAVAPGYAQGANLVKIGERPWRLVRGPGVRAGGPDFLQPSSRE	146	83	288	205
11115	HUMAN22994	Q504U0	1	52	MADPEELQVSSPPPPPPSSPSSSDASAASSPGGPVSLGWPVPSRSSGPTVDQ	51	0	61	61
11119	HUMAN22998	Q9P278	93	123	QGSSSVSSSSSSSISSHSSSGGSSHHAKEQL	30	262	304	42
11120	HUMAN23000	Q96LM5	89	186	KSRLGSGFHIKYEELSQASLDSITHRYQNPWQPKPHVLDMQGKQSRASFAWHMSAFEDTDQRNSKWAILVRQCKSSLPRASKPPKLPKLPKKEKKRKH	97	117	223	106
11124	HUMAN23005	Q8N475	2	50	FKCWSVVLVLGFIFLESEGRPTKEGGYGLKSYQPLMRLRHKQEKNQESS	48	186	247	61
11125	HUMAN23009	P25929	1	30	MNSTLFSQVENHSVHSNFSEKNAQLLAFEN	29	10	47	37
11126	HUMAN23009	P25929	342	384	SRDDDYETIAMSTMHTDVSKTSLKQASPVAFKKINNNDDNEKI	42	498	545	47
11127	HUMAN23010	Q15761	243	317	SNKENRLEENEMINLTLHPSKKSGPQVKLSGSHKWSYSFIKKHRRRYSKKTACVLPAPERPSQENHSRILPENFG	74	283	368	85
11128	HUMAN23017	A0A1B0GVY4	1	71	MELPYTNLEMAFILLAFVIFSLFTLASIYTTPDDSNEEEEHEKKGREKKRKKSEKKKNCSEEEHRIEAVEL	70	0	74	74
11129	HUMAN23018	P0DMC3	1	54	MRFQQFLFAFFIFIMSLLLISGQRPVNLTMRRKLRKHNCLQRRCMPLHSRVPFP	53	0	75	75
11130	HUMAN23022	Q8IY95	1	77	MAAGGRMEDGSLDITQSIEDDPLLDAQLLPHHSLQAHFRPRFHPLPTVIIVNLLWFIHLVFVVLAFLTGVLCSYPNP	76	64	182	118
11131	HUMAN23030	Q9BQ16	1	39	MLKVSAVLCVCAAAWCSQSLAAAAAVAAAGGRSDGGNFL	38	34	84	50
11132	HUMAN23030	Q9BQ16	372	436	SRINGVADCAIDFEISGDFASGDFHEWTDDEDDEDDIMNDEDEIEDDDEDEGDDDDGGDDHDVYI	64	473	553	80
11133	HUMAN23030	Q9BQ16	47	82	TISQYDKEVGQWNKFRDEVEDDYFRTWSPGKPFDQA	35	91	145	54
11134	HUMAN23033	Q8IY21	1176	1205	VKKSIEKQKIIDEKSQKKTRNVDQSLIHEA	29	1586	1674	88
11135	HUMAN23035	Q5H9U9	544	581	TRPKEDSSGASGEILQNTKPHQITKKSKKKSFLKEDQN	37	720	768	48
11136	HUMAN23036	Q8WX93	1	42	MSGTSSHESFYDSLSDMQEESKNTDFFPGLSAFLSQEEINKS	41	61	105	44
11140	HUMAN23041	Q7Z6J0	77	123	KQRPWKPGPGGGSGTNCTNALRSQSSTVANCSSKDLQSSQGGQQPRV	46	318	393	75
11143	HUMAN23045	O75121	326	391	KKEHADDQEGGQFEVKDVEETELSAEHSPETAEPSTDVTSTELTSEEPTPVEVPDKVLPPAYLEAT	65	395	504	109
11144	HUMAN23048	Q49A17	1	56	MKRKQKRFLQMTLLFTVALIFLPNVGLWSLYKDKHLVKSAEPGEQQTFPLGLGDGQ	55	57	133	76
11145	HUMAN23052	P26583	165	209	KGKSEAGKKGPGRPTGSKKKNEPEDEEEEEEEEDEDEEEEDEDEE	44	300	349	49
11147	HUMAN23056	P61296	160	203	QNGEAEAFKAEIKKTDVKEEKRKKELNEILKSTVSSNDKKTKGR	43	224	281	57
11148	HUMAN23056	P61296	1	110	MSLVGGFPHHPVVHHEGYPFAAAAAAAAAAAASRCSHEENPYFHGWLIGHPEMSPPDYSMALSYSPEYASGAAGLDHSHYGGVPPGAGPPGLGGPRPVKRRGTANRKERR	109	7	175	168
11149	HUMAN23059	Q9C0F1	124	240	SSLQKIPSQQRKKISSGKSEPPLGNEKISAEAVGVDISGRFMTSGKKKAVVIRHLYNEDNVDISEDTLSPITDVNEAVDVSDLNATEIKMPEVKVPEIKAEQQDVNVNPEITALQTM	116	126	328	202
11150	HUMAN23062	O75311	1	39	MAHVRHFRTLVSGFYFWEAALLLSLVATKETDSARSRSA	38	18	116	98
11151	HUMAN23062	O75311	349	417	RFRRKRKNKTEAFALEKFYRFSDMDDEVRESRFSFTAYGMGPCLQAKDGMTPKGPNHPVQVMPKSPDEM	68	509	659	150
11152	HUMAN23063	Q9UKF5	156	188	EKQFSTMRSGFMQNEITCRMEFEEIDNSTQKQS	32	171	206	35
11153	HUMAN23063	Q9UKF5	699	820	KKSKPIKKQQDVQTPSAKEEEKIQRRPHELPPQSQPWVMPSQSQPPVTPSQSHPQVMPSQSQPPVTPSQSQPRVMPSQSQPPVMPSQSHPQLTPSQSQPPVTPSQRQPQLMPSQSQPPVTPS	121	723	903	180
11154	HUMAN23066	Q8NEY3	159	305	SIQDDFVNFTDYSYQMRLPLVSRSTVSKSIKDNIRLSELLSNPNMLTNELKAEFLILLHMLQRKLGRKLNPEWFDVKPTVGEVTLNHLPAQASGRRYNLKVKRGRVVPVLPNIGSGGSSHREIHVKQAGQHSYYSAMKPIRNMDKKP	146	224	427	203
11155	HUMAN23066	Q8NEY3	1	48	MAAAGQEKGYLTQTAAALDKSPSLSPQLAAPIRGRPKKCLVYPHAPKS	47	43	93	50
11156	HUMAN23069	P49767	1	55	MHLLGFFSVACSLLAAALLPGPREAPAAAAAFESGLDLSDAEPDAGEATAYASKD	54	13	117	104
11157	HUMAN23070	Q8TAT5	400	501	STLERKTKQNQILDEEFQNSPPASVCLNDIQHPSKKTTNDITQPSSKVNISPTISSESKLFSPAHKKPKTAQYSSPELKSCNPGYSNSELQINMTDGPRTLN	101	436	594	158
11158	HUMAN23072	Q9P273	338	375	WQLQQTENDTFENGKVNSDTMPTNTVSLPSGDNGKLGG	37	2917	3033	116
11160	HUMAN23078	Q8N7P3	191	220	HAPLASGHYAVAQTQDHHQELETRNTNLKH	29	192	225	33
11161	HUMAN23079	A6NM45	191	220	HAPLALGHYAVAQMQTQCPYLEDGTADPQV	29	229	259	30
11163	HUMAN23081	Q9H160	125	208	FQDPAESERASDKAKMDSSQPERSSRRPRRQRTSESRDLCHMANGIEDCDDQPPKEKKSKSAKKKKRSKAKQEREASPVEFAID	83	212	351	139
11164	HUMAN23083	Q6NW29	114	164	NHNPINSATSISNIISIETPNTAPSSKKKDKKEQLSKAQKRKLADKTDHKG	50	137	219	82
11166	HUMAN23089	P14316	116	248	ERPSKKGKKPKTEKEDKVKHIKQEPVESSLGLSNGVSDLSPEYAVLTSTIKNEVDSTVNIIVVGQSHLDSNIENQEIVTNPPDICQVVEVTTESDEQPVSMSELYPLQISPVSSYAESETTDSVPSDEESAEG	132	193	367	174
11167	HUMAN23089	P14316	310	348	DLPLSSSMTPASSSSRPDRETRASVIKKTSDITQARVKS	38	447	491	44
11168	HUMAN23092	P42574	1	34	MENTENSVDSKSIKNLEPKIIHGSESMDSGISLD	33	6	175	169
11169	HUMAN23093	Q96LW4	476	546	EEEFTTDEADETRSNETQNPHKPSPSRLSTGASADAVWDNGIDDAYFLEATEDAELAEAAENSLLSYNSEV	70	1253	1484	231
11172	HUMAN23099	Q9P2B7	453	527	VGMKRSEQLMDYHRNMGYLNSSPLSRRARSTLGQYSPLRASRTSSATSGLSCRSERSAVDPSSGHPRRRPKPPNV	74	744	835	91
11173	HUMAN23100	Q9H3E2	410	470	SQMISNKDEMGPRDEAGEEAVDDGTNQINEQASFAVNKLRELNEKLEYKRQALNSIQNAPK	60	1358	1588	230
11176	HUMAN23124	P48039	321	350	VDSSNDVADRVKWKPSPLMTNNNVVKVDSV	29	465	526	61
11177	HUMAN23128	Q96MM3	1	45	MSQQLKKRAKTRHQKGLGGRAPSGAKPRQGKSSQDLQAEIEPVSA	44	5	68	63
11178	HUMAN23128	Q96MM3	79	117	GEFSQPILEEDSLFESLEYLKKGSEQQLSQKVFEASSLE	38	102	144	42
11179	HUMAN23143	A9YTQ3	1	37	MPRTMIPPGECTYAGRKRRRPLQKQRPAVGAEKSNPS	36	32	71	39
11180	HUMAN23146	P48764	1	38	MWGLGARGPDRGLLLALALGGLARAGGVEVEPGGAHGE	37	5	119	114
11183	HUMAN23148	O94811	1	46	MADKAKPAKAANRTPPKSPGDPSKDRAAKRLSLESEGAGEGAAASP	45	43	131	88
11184	HUMAN23151	Q9H8X9	277	412	KEESSKHQAVRKDPYVQMDKGVLQQGAGALGSSAQGVKAKSSLLIHKHLCHFCTSVNQDGDSTAREGDEDPCPSALGAKARNSRLICRRLCQFSTRVHPDGGSMAQEADDAPSISTLGLQQETTEPMKTDSAESED	135	305	474	169
11185	HUMAN23154	Q9H8M2	245	310	GNEDTAVEEPVPEVVPVQVETAKKSKKPSREVISCMFEPEGNACSLTDSTAEEHVLALVEHAADEA	65	429	524	95
11186	HUMAN23154	Q9H8M2	38	137	EVTELSGSGHDSSYYDDRSDHERERHKEKKKKKKKKSEKEKHLDDEERRKRKEEKKRKREREHCDTEGEADDFDPGKKVEVEPPPDRPVRACRTQPAENE	99	127	291	164
11189	HUMAN23161	Q9Y666	12	76	AHADGGGDETAERTEAPGTPEGPEPERPSPGDGNPRENSPFLNNVEVEQESFFEGKNMALFEEEM	64	30	273	243
11191	HUMAN23162	Q695T7	1	31	MVRLVLPNPGLDARIPSLAELETIEQEEASS	30	28	76	48
11192	HUMAN23163	Q96N87	595	628	RRTWRDRDARPDTDMRPDTDTRPDTDMRPDTDMR	33	801	944	143
11194	HUMAN23165	Q96KA5	1	31	MWSGRSSFTSLVVGVFVVYVVHTCWVMYGIV	30	3	73	70
11195	HUMAN23166	Q01959	1	59	MSKSKCSVGLMSSVVAPAKEPNAVGPKEVELILVKEQNGVQLTSSTLTNPRQSPVEAQD	58	82	287	205
11196	HUMAN23167	Q8NF37	1	81	MRLRGCGPRAAPASSAGASDARLLAPPGRNPFVHELRLSALQKAQVALMTLTLFPVRLLVAAAMMLLAWPLALVASLGSAE	80	100	342	242
11197	HUMAN23167	Q8NF37	496	534	THFESCAETSPAPIPNGFCADFSPENSDAGRKPVRKKLD	38	1023	1078	55
11198	HUMAN23168	Q9P0J6	1	67	MANLFIRKMVNPLLYLSRHTVKPRALSTFLFGSIRGAAPVAVEPGAAVRSLLSPGLLPHLLPALGFK	66	13	92	79
11199	HUMAN23171	P78413	14	64	PQFLMATNSLSTCCESGGRTLADSGPAASAQAPVYCPVYESRLLATARHEL	50	23	87	64
11201	HUMAN23175	P78414	125	160	YGDPGRPKNATRESTSTLKAWLNEHRKNPYPTKGEK	35	166	202	36
11202	HUMAN23175	P78414	1	116	MSFPQLGYPQYLSAAGPGAYGGERPGVLAAAAAAAAAASSGRPGAAELGGGAGAAAVTSVLGMYAAAGPYAGAPNYSAFLPYAADLSLFSQMGSQYELKDNPGVHPATFAAHTAPA	115	0	158	158
11203	HUMAN23176	Q8TE57	190	287	KLGRAAQGSSPSHVLYKRSTEPHAPGASEVLVTSRTWELAHQPLHSSDLRLGLPQKQHFCGRRKKYMPQPPKEDLFILPDEYKSCLRHKRSLLRSHRN	97	343	557	214
11204	HUMAN23176	Q8TE57	1	50	MKPRARGWRGLAALWMLLAQVAEQAPACAMGPAAAAPGSPSVPRPPPPAE	49	11	137	126
11208	HUMAN23180	Q08J23	708	767	GEKKKEGVILTNESAASTGQPDNDVTEGQRAGEPNSPDAEEANSPDVTAGCDPAGVHPPR	59	2153	2391	238
11209	HUMAN23184	Q08462	1	33	MWQEAMRRRRYLRDRSEEAAGGGDGLPRSRDWL	32	123	177	54
11211	HUMAN23185	A4QMS7	1	44	MEDDEEETTASTLRGKPRPPPVSAQSAFSYIPPRRLDPKEHSYY	43	36	96	60
11212	HUMAN23190	Q6P4H8	1	32	MEGGGGIPLETLKEESQSRHVLPASFEVNSLQ	31	42	108	66
11216	HUMAN23198	A6NCL7	6	38	GTGPEGGGARCMTPPPPSPPRGAQVEEDPADYE	32	20	107	87
11217	HUMAN23199	P51397	1	102	MSSPPEGKLETKAGHPPAVKAGGMRIVQKHPHTGDTKEEKDKDDQEWESPSPPKPTVFISGVIARGDKDFPPAAAQVAHQKPHASMDKHPSPRTQHIQQPRK	101	0	136	136
11218	HUMAN23201	Q9UQB3	1040	1155	SSTIERDRQRPYSSSRTPSISPVRVSPNNRSASAPASPREMISLKERKTDYECTGSNATYHGAKGEHTSRKDAMTAQNTGISTLYRNSYGAPAEDIKHNQVSAQPVPQEPSRKDYE	115	1186	1331	145
11220	HUMAN23201	Q9UQB3	784	827	HMGTDELDGLLCGEANGKDAESSGCWGKKKKKKKSQDQWDGVGP	43	851	896	45
11221	HUMAN23202	Q8TE73	1059	1096	KKIQERKMAALQSNEDSDSDVEMGENELQDTLEIASVN	37	2692	2781	89
11222	HUMAN23202	Q8TE73	896	937	EESEKISNENSVNYKNESSAKREEGNFDTLTSSINARANALL	41	2331	2471	140
11223	HUMAN23203	O75962	1249	1285	SSDSNKSSKSLQLDIIPASIPGSEVKLRDAAHELNEE	36	1796	1936	140
11224	HUMAN23203	O75962	1606	1653	HIPKTAPATRQKGRRDGEDLDSQGDGSSQPDTISIASRTSQNTLDSDK	47	2379	2443	64
11226	HUMAN23203	O75962	1	42	MSGSSGGAAAPAASSGPAAAASAAGSGCGGGAGEGAEEAAKD	41	0	182	182
11228	HUMAN23206	Q96BN8	1	77	MSRGTMPQPEAWPGASCAETPAREAAATARDGGKAAASGQPRPEMQCPAEHEEDMYRAADEIEKEKELLIHERGASE	76	0	109	109
11229	HUMAN23207	Q9HCJ1	455	492	QKKKMENESATEGEDSAMTDMPPTEEVTDIVEMREENE	37	651	735	84
11232	HUMAN23210	A6NNE9	327	364	ATDIEESSRGESSTSRTLWLPLTALRNRNLVHPTQLTS	37	448	489	41
11234	HUMAN23212	Q9H6L5	1	66	MASPAPPEHAEEGCPAPAAEEQAPPSPPPPQASPAERQQQEEEAQEAGAAEGAGLQVEEAAGRAAA	65	0	108	108
11237	HUMAN23215	Q13634	1	46	MKITSTSCICPVLVCLCFVQRCYGTAHHSSIKVMRNQTKHIEGETE	45	0	61	61
11238	HUMAN23215	Q13634	678	708	NPSAAEELKYRRDIRPEVKLTPRHQTSSTLE	30	759	806	47
11239	HUMAN23216	P55289	1	47	MLTRNCLSLLLWVLFDGGLLTPLQPQPQQTLATEPRENVIHLPGQRS	46	0	64	64
11240	HUMAN23217	Q9NQV7	70	202	RPAFMCHRRQAIKLQVDDTEDSDEEWTPRQQVKPPWMALRVEQRKHQKGMPKASFSNESSLKELSRTANLLNASGSEQAQKPVSPSGEASTSGQHSRLKLELRKKETERKMYSLRERKGHAYKEVSEPQDDDY	132	185	346	161
11241	HUMAN23218	Q9Y6N8	1	45	MTIHQFLLLFLFWVCLPHFCSPEIMFRRTPVPQQRILSSRVPRSD	44	1	52	51
11242	HUMAN23219	Q9ULB4	1	50	MRTYHYIPLFIWTYMFHTVDTILLQEKPNSYLSSKKIAGLTKDDGKMLRR	49	27	167	140
11243	HUMAN23220	P55285	1	49	MRTYRYFLLLFWVGQPYPTLSTPLSKRTSGFPAKKRALELSGNSKNELN	48	1	63	62
11245	HUMAN23221	Q9NRR4	460	500	KAARPPWEPPKTKLDEDLESSSESECESDEDSTCSSSSDSE	40	840	1079	239
11246	HUMAN23222	Q49AR2	166	232	NNQEENDAVSSAKKPKLALEDSENTASTNCDSSSEGLEKDTATQRSDQTCLEPSCSCSSENQECQTA	66	510	704	194
11247	HUMAN23224	O15018	182	324	KAHSTYNGNSSNSSEPGETPTLELGDRTAKKGKRTRKFGVISRPPANKAPEESKGSAGCEVSSDPSTELENGPDPELGNGHVFQLENGPDSLKEVAGPHLERSEVDRGTEHRIPKTDAPLTTSNDKRRFSKGGKTDFQSSDCL	142	254	444	190
11248	HUMAN23224	O15018	423	501	EDLLRLTSKSLPDLTSSVEDVSSWTDNEDQEADGEEDEGTSSSVQRAMPGTDEPQDVCGAEESKGNLESPKQGSNKIKL	78	544	632	88
11249	HUMAN23224	O15018	512	575	LESVEEYNELMVRNGDPRIRMLEVSRDGRKHSLPQLLDSSSASQEYHIVKKSTRSLSTTQVESP	63	644	710	66
11250	HUMAN23224	O15018	676	719	PSLTPCSTPTHMSRSASPNFNTSGGASAGGSDEGSSSSLGRKTP	43	814	865	51
11252	HUMAN23225	Q9H4A6	1	57	MTSLTQRSSGLVQRRTEASRNAADKERAAGGGAGSSEDDAQSRRDEQDDDDKGDSKE	56	56	207	151
11253	HUMAN23227	Q9C0I1	1	35	MLGKGVVGGGGGTKAPKPSFVSYVRPEEIHTNEKE	34	117	191	74
11254	HUMAN23227	Q9C0I1	545	586	PKLDKGQRKGMRFKHQRQLSLPLTQSKSSPKRGFFREETDHL	41	897	946	49
11255	HUMAN23227	Q9C0I1	716	747	SKPVLPTSGWKALGDEDDLAKREDEFVDLGDV	31	1136	1211	75
11256	HUMAN23229	Q96KR1	1038	1074	MSQRFNIHNNRKRRRDSDGVDGFEAEGKKDKKDYDNF	36	1871	1993	122
11258	HUMAN23230	P53999	1	60	MPKSKELVSSSSSGSDSDSEVDKKLKRKKQVAPEKPVKKQKTGETSRALSSSKQSSSSRD	59	76	211	135
11259	HUMAN23234	P17342	1	47	MPSLLVLTFSPCVLLGWALLAGGTGGGGVGGGGGGAGIGGGRQEREA	46	51	157	106
11261	HUMAN23238	P58397	197	241	RQKVPETKEPTCGLKDSVNISQKQELWREKWERHNLPSRSLSRRS	44	257	322	65
11263	HUMAN23239	Q9NSD7	28	77	VPDLLEAANTSGNASLQLPDLWWELGLELPDGAPPGHPPGSGGAESADTE	49	35	96	61
11264	HUMAN23239	Q9NSD7	410	442	PSITSMRPFTATTKPEHEDQGLQAPAPPHAAAE	32	463	513	50
11265	HUMAN23240	Q9UMX9	244	296	EVAKGIPPQQTPQDPPLSSDGMYEYGSIEKVKNGYVNPELAMQGAKNKNHAEQ	52	614	795	181
11266	HUMAN23250	Q6PF05	19	55	FCFHMSQQTEIPAHQQTDELYPTGGCGESEEETKAKE	36	43	83	40
11268	HUMAN23253	Q8TDN6	271	353	SITAAKYREKQQVKDVQKLRKKEPKTLLPHDPTADVFVTPAEEKPIEIQWVKPEPKVDLKARKKRIYKRQRKMKQRMDSGKTK	82	836	1027	191
11269	HUMAN23255	Q9BYV1	1	45	MTLIWRHLLRPLCLVTSAPRILEMHPFLSLGTSRTSVTKLSLHTK	44	56	155	99
11271	HUMAN23259	Q9C093	1663	1714	ASIPSAEKTSSTDAGPAEEFPEPEENAAREERKLKDDTEKREQKDEEIPENA	51	4220	4407	187
11272	HUMAN23259	Q9C093	257	297	KDLQAKESASKTSLDTAGQTTTDLLNTYSDDEYIKKIQKRL	40	522	637	115
11273	HUMAN23259	Q9C093	608	681	SEVLPIQKNDEEDALPVLQEEIKESQDPQHVFSAGPVSDEVLPETEGETMLSANADKTPKAEEVKSSDSFLKLT	73	1296	1510	214
11275	HUMAN23261	P16871	1	33	MTILGTTFGMVFSLLQVVSGESGYAQNGDLEDA	32	11	128	117
11276	HUMAN23261	P16871	316	459	ARDEVEGFLQDTFPQQLEESEKQRLGGDVQSPNCPSEDVVITPESFGRDSSLTCLAGNVSACDAPILSSSRSLDCRESGKNGPHVYQDLLLSLGTTNSTLPPPFSLQSGILTLNPVAQGQPILTSLGSNQEEAYVTMSSFYQNQ	143	497	665	168
11277	HUMAN23268	Q68DH5	1	94	MSGAALGLEIVFVFFLALFLLHRYGDFKKQHRLVIIGTLLAWYLCFLIVFILPLDVSTTIYNRCKHAAANSSPPENSNITGLYATANPVPSQHP	93	222	439	217
11279	HUMAN23269	Q13309	1	75	MHRKHLQEIPDLSSNVATSFTWGWDSSKTSELLSGMGVSALEKEEPDSENIPQELLSNLGHPESPPRKRLKSKGS	74	144	383	239
11280	HUMAN23271	Q4G0N4	1	63	MTCYRGFLLGSCCRVAGGRAAALRGPGAGGPAARPRLGGDGGGRRHLGQGQPRELAGCGSRAD	62	0	218	218
11281	HUMAN23272	Q86VV4	1	38	MTTIPRKGSSHLPGSLHTCKLKLQEDRRQQEKSVIAQP	37	17	140	123
11282	HUMAN23273	P43003	1	35	MTKSNGEEPKMGGRMERFQQGVRKRTLLAKKKVQN	34	37	159	122
11283	HUMAN23273	P43003	505	542	RDVEMGNSVIEENEMKKPYQLIAQDNETEKPIDSETKM	37	972	1171	199
11285	HUMAN23274	Q6KC79	1	63	MNGDMPHVPITTLAGIASLTDLLNQLPLPSPLPATTTKSLLFNARIAEEVNCLLACRDDNLVS	62	0	63	63
11286	HUMAN23274	Q6KC79	2474	2521	KDKRKERKSSPSKENESSDSEEEVSRPRKSRKRVDSDSDSDSEDDINS	47	3517	3615	98
11287	HUMAN23274	Q6KC79	2630	2705	PDEEEEEGEVSASTNARNKAITSLLGGGSPKNNTAAETEDDESDGEDRGGGTSGSLRRSKRNSDSTELAAQMNESV	75	3725	3814	89
11288	HUMAN23275	Q9H799	1485	1531	EKSRINIYQRNAPNHMELTSIHKPTDKRKMCNQKENPTKKEDHEKLS	46	1646	1716	70
11289	HUMAN23275	Q9H799	1625	1745	SYESEKSSSLNDEYGMHLENQKLSSSVLVNQGIKPFLQYPSNEVNKNEGMSGLFGLKQRSIYKIQDDTREKCLIQRSSNHIFWTPKSIKTRRCIFKAIQCNDINPQEDLPLALNTFGSIGR	120	1822	1978	156
11292	HUMAN23278	Q9NW82	541	580	EPRQRSTRKQLEKDRLDPLKSHKPEPPVAGPGRGGRVGTH	39	1539	1629	90
11293	HUMAN23280	Q63HQ2	1	31	MDLIRGVLLRLLLLASSLGPGAVSLRAAIRK	30	29	74	45
11294	HUMAN23282	P42702	915	1025	SAFPKIEDTEIISPVAERPEDRSDAEPENHVVVSYCPPIIEEEIPNPAADEAGGTAQVIYIDVQSMYQPQAKPEEEQENDPVGGAGYKPQMHLPINSTVEDIAAEEDLDKT	110	1116	1280	164
11295	HUMAN23283	Q99650	813	967	PEGTKIQFLGTRKSLTETELTKPNYLYLLPTEKNHSGPGPCICFENLTYNQAASDSGSCGHVPVSPKAPSMLGLMTSPENVLKALEKNYMNSLGEIPAGETSLNYVSQLASPMFGDKDSLPTNPVEAPHCSEYKMQMAVSLRLALPPPTENSSLS	154	989	1180	191
11296	HUMAN23286	Q6R327	1	30	MAAIGRGRSLKNLRVRGRNDSGEENVPLDL	29	68	129	61
11297	HUMAN23289	P98082	1	34	MSNEVETSATNGQPDQQAAPKAPSKKEKKKGPEK	33	106	174	68
11298	HUMAN23293	Q6PID6	1	35	MASFGWKRKIGEKVSKVTSQQFEAEAADEKDVVDN	34	5	45	40
11299	HUMAN23294	P35408	220	272	RTSLGTEQHHAAAAASVASRGHPAASPALPRLSDFRRRRSFRRIAGAEIQMVI	52	505	582	77
11300	HUMAN23294	P35408	353	468	GSRRERSGQHCSDSQRTSSAMSGHSRSFISRELKEISSTSQTLLPDLSLPDLSENGLGGRNLLPGVPGMGLAQEDTTSLRTLRISETSDSSQGQDSESVLLVDEAGGSGRAGPAPK	115	684	822	138
11301	HUMAN23299	Q9BX69	679	708	AEGEGQQRHSQLKSSSKSQALMPIQEPGTQ	29	808	838	30
11303	HUMAN23299	Q9BX69	90	279	CGLRHEVLKHENTVPPQSMGASSNSEDAFSPGIKQPEAPEITVFFSEKEHLDLETSEFFRDKKTSYRETALSARKNEKEYDTPEVTLSYSVEKVGCEVPATITYIKDGQRYEELDDSLYLGKEEYLGSVDTPEDAEATVEEEVYDDPEHVGYDGEEDFENSETTEFSGEEPSYEGSETSLSLEEEQEKSI	189	162	404	242
11304	HUMAN23300	P10643	211	241	TSTEHTSSSRKRSFFRSSSSSSRSYTSHTNE	30	326	367	41
11305	HUMAN23312	Q3ZCQ2	1	60	MEQHFLGCVKRAWDSAEVAPEPQPPPIVSSEDRGPWPLPLYPVLGEYSLDSCDLGLLSSP	59	63	127	64
11306	HUMAN23312	Q3ZCQ2	72	153	GLSPGVQSTLEPSTAKPTEFSWPGTQKQQEAPVEEVGQAEEPDRLRLQQLPWSSPLHPWDRQQDTEVCDSGCLLERRHPPAL	81	138	224	86
11307	HUMAN23314	P52739	113	242	QMLEAIKALEVRNKENSAPLEENTTGKNEAKKRKIAETSNVITESLPSAESEPVEIEVEIAEGTIEVEDEGIETLEEVASAKQSVKYIQSTGSSDDSALALLADITSKYRQGDRKGQIKEDGCPSDPTSK	129	168	319	151
11308	HUMAN23314	P52739	562	623	ADLDHVTPEIMNQEERESSQADAAEAAREDHEDAEDLETKPTVDSEAEKAENEDRTALPVLE	61	697	764	67
11309	HUMAN23317	Q8IY84	1	44	MTAVYMNGGGLVNPHYARWDRRDSVESGCQTESSKEGEEGQPRQ	43	18	135	117
11310	HUMAN23317	Q8IY84	399	436	ALESVPVMMLPDPKERDLKKGSRVYRGIRHTSKFCSIL	37	587	693	106
11311	HUMAN23318	Q01581	473	520	NDDTLDEGVGLVHSNIATEHIPSPAKKVPRLPATAAEPEAAVISNGEH	47	1225	1355	130
11312	HUMAN23319	Q9NRJ3	91	127	KKNGKGNVCHRKKHHGKRNSNRAHQGKHETYGHKTPY	36	94	134	40
11313	HUMAN23321	Q96MH7	154	228	KSDSSAVLSETNNKAPKDKLVEKTGKICIRGNLPGQRLKNKENEFHCQIMKSKETLKKMSCVNGTEGREELPSPG	74	198	288	90
11314	HUMAN23321	Q96MH7	544	608	PREMPTHSSSSVLQENWSVASELEKIQKFNLLLENSGILNQISNKKNEQQSFDHYKPGSSETLLG	64	682	762	80
11315	HUMAN23322	Q9H074	1	118	MSDGFDRAPGAGRGRSRGLGRGGGGPEGGGFPNGAGPAERARHQPPQPKAPGFLQPPPLRQPRTTPPPGAQCEVPASPQRPSRPGALPEQTRPLRAPPSSQDKIPQQNSESAMAKPQV	117	3	237	234
11316	HUMAN23322	Q9H074	419	457	YQEKYQELLEREDFFPDYEENGTDLSGAGDPYLDDIDDE	38	724	770	46
11317	HUMAN23325	O15520	2	68	WKWILTHCASAFPHLPGCCCCCFLLLFLVSSVPVTCQALGQDMVSPEATNSSSSSFSSPSSAGRHVR	66	19	110	91
11318	HUMAN23327	O60741	1	90	MEGGGKPNSSSNSRDDGNSVFPAKASATGAGPAAAEKRLGTPPGGGGAGAKEHGNSVCFKVDGGGGGGGGGGGGEEPAGGFEDAEGPRRQ	89	206	330	124
11320	HUMAN23328	Q6PCB8	285	327	TQKKKKHSDEGKEFEQIEQLKSDDSNGIENNVPRHRKNESLGQ	42	407	463	56
11321	HUMAN23329	Q8N3A8	105	136	IKSKLQKENGEESRQNSTVEEDSEGDNDSEEF	31	184	216	32
11322	HUMAN23329	Q8N3A8	258	363	QSKEKSNCLHNKKLSEKKVKSPLHLFSTLRRSPSYPPPGCGKSKSKLKSEQDGISKTHKLLRRTCSSTVKTDDVCVTKSHRTFGRSLSSDPRAEQAMTAIKSHKLL	105	347	461	114
11323	HUMAN23332	P61371	139	182	ASLGAGDPLSPLHPARPLQMAAEPISARQPALRPHVHKQPEKTT	43	343	494	151
11325	HUMAN23340	O43181	1	52	MAAVSMSVVLRQTLWRRRAVAVAALSVSRVPTRSLRTSTWRLAQDQTQDTQL	51	28	126	98
11326	HUMAN23343	Q12988	1	67	MAKIILRHLIEIPVRYQEEFEARGLEDCRLDHALYALPGPTIVDLRKTRAAQSPPVDSAAETPPREG	66	2	119	117
11328	HUMAN23346	Q9NQ30	144	184	NRFVSLTEHDMASGDGNIVREEVVKENAAGSPVMRKWLNPR	40	270	321	51
11329	HUMAN23349	Q86Y33	1	215	MEWKLERTAPRRVRTEEEMLWESIMRVLSKDLKQKRSQDSANVLDSVNATYSDFKSNFAKRLSAEVPVASSPITTRWQQSQTRALSSDSFGEEQSTTYLPEASGSVLKTPPEKETLTLGSRKEQLKTPSKGISETSNSALHFCKAPHAMDRDWKESVASKGQKCLKQLFVTQNVVQQANGKMQLCEQSECVWKGCKDGVRDESFHLKSSGDINDS	214	0	235	235
11330	HUMAN23351	Q8TED1	1	34	MEPLAAYPLKCSGPRAKVFAVLLSIVLCTVTLFL	33	99	146	47
11332	HUMAN23352	D6RGH6	270	314	VSAAGQDCAEVDAILREISERCDEALQSRDPKRPRLLPEPANTDT	44	373	445	72
11333	HUMAN23353	P22674	1	88	MVTPCPTSPSSPAARAGRRDNDQNLRAPVKKSRRPRLRRKQPLHPLNPCPLPGDSGICDLFESPSSGSDGAESPSAARGGSPLPGPAQ	87	5	146	141
11338	HUMAN23369	Q3KP44	410	488	TSDNSKYLLPEKKPLARKGLPPIRTQSLPPITLGNNFLTASHRATSHAGLSSAPHHMAQRSQKSRSEQDLLNNRTGCQM	78	448	529	81
11339	HUMAN23369	Q3KP44	522	614	VRPGHQEVSVPPHLRHLHNPSSGQNFQHLSPNRHKIRDLPFTRNNLAPLPDQKFLSGEPLRTNRVLPAIPSQRRHSTAAEESEHSANPTSDEN	92	563	720	157
11341	HUMAN23371	Q13233	397	442	SSRIKAPSRNTIQKFVSRMSNSHTLSSSSTSTSSSENSIKDEEEQM	45	856	913	57
11342	HUMAN23371	Q13233	497	545	SHDFYSHELSSPVDSPSSLRAAQQQTVQQQPLAGSRRNQESNFNLTHYG	48	971	1074	103
11345	HUMAN23379	Q9NYY3	356	462	LSSPAKNFFKKAAAALFGGKKDKARYIDTHNRVSKEDEDIYKLRHDLKKTSITQQPSKHRTDEELQPPTTTVARSGTPAVENKQQIGDAIRMIVRGTLGSCSSSSEC	106	695	862	167
11346	HUMAN23380	Q8N292	36	106	RVATRFTLPRFLQRRSSRRKVCTKTFLGPRIIGLRHEISVETQDHKSAVRGNNTHDNYENVEAGPPKAKGK	70	39	113	74
11347	HUMAN23388	Q8WUY9	94	147	EEDFEDNRHLYRFPPSSPLKPYPKKPPNQKDVIKFPEWNDLPPGTSQENIPVRP	53	266	324	58
11348	HUMAN23393	Q8N183	91	169	NEKHREEIKIKSQDFYEKEKLLSKETSEELLPPPVQTQIKGHASAPYFGKEEPSVAPSSTGKTFQPGSWMPRDGKSHNQ	78	101	188	87
11349	HUMAN23396	Q9HCJ5	129	202	TGGGAAGGPGDDSGGGGGAGGGGGGGSSSSPAATSAAATSAAAAAAAAAAAAAAAAGAGAPSVGAAGAADGGDE	73	200	316	116
11350	HUMAN23396	Q9HCJ5	1	72	MAERGQQPPPAKRLCCRPGGGGGGGGSSGGGGGAGGGYSSACRPGPRAGGAAAAAACGGGAALGLLPPGKTQ	71	33	144	111
11351	HUMAN23396	Q9HCJ5	483	513	GNHGSELPNLTNALPQGANANQDSSNRPHRT	30	669	703	34
11353	HUMAN23401	Q7Z2Q7	411	451	VSRAWAVVKSPHIHHKTTALMMAWHKVTTNGSPLENTETEN	40	427	471	44
11354	HUMAN23401	Q7Z2Q7	489	534	TTSVTLNLEKNSALPNDAASMSGKTSLICTQEVEKLNEAFDILLAF	45	522	569	47
11357	HUMAN23404	Q6MZT1	154	246	KGKEPGGGTKSLDCKIEESAETPALEDSSSSPVDSQQHSWQVSTDIENTERDMREMKNLLSKLRETMPLPLKNQDDSSLLNLTPYPLVRRRKR	92	162	271	109
11358	HUMAN23404	Q6MZT1	1	46	MSSAPNGRKKRPSRSTRSSIFQISKPPLQSGDWERRGSGSESAHKT	45	0	51	51
11359	HUMAN23405	A6NKW6	94	150	YTKPQRLDTGLKLQHLEASSTQEGKSNGKTKALNSNAASNATNETYYEADDIIQEKT	56	94	166	72
11362	HUMAN23410	Q9UKP5	1053	1082	SSDCLETVRPPSMQQCESKCDSTPISNTEE	29	1356	1409	53
11363	HUMAN23410	Q9UKP5	196	245	LQQRHLYDHSHCGVSDFTRSGKPWWLNDTSTVSYSLPINNTHIHHRQKRS	49	265	356	91
11365	HUMAN23417	Q6ZNX1	75	125	SEHDAKSHSYDCTVDLLEFQPSLKKQHLTWSHTLKEQTNSGNLGKQSEKGK	50	99	202	103
11366	HUMAN23418	Q96EQ0	235	304	PQVQQLMSGMMTNAIGGPAAGVGGLTDLSSLIQAGQQFAQQIQQQNPELIEQLRNHIRSRSFSSSAEEHS	69	687	906	219
11367	HUMAN23419	Q9BYT8	1	30	MIARCLLAVRSLRRVGGSRILLRMTLGREV	29	65	217	152
11369	HUMAN23421	Q96RT1	931	975	SSSSDLISGTKAIFKFDSNHNPEEPNIIRGPTSGPQSAPQIYGPP	44	1104	1154	50
11373	HUMAN23437	P27986	82	112	ISPPTPKPRPPRPLPVAPGSSKTEADVEQQA	30	328	369	41
11374	HUMAN23440	Q8TAD4	1	32	MEEKYGGDVLAGPGGGGGLGPVDVPSARLTKY	31	8	61	53
11375	HUMAN23440	Q8TAD4	545	588	SHAHGASQGSCHSSDHSHSHHMHGHSDHGHGHSHGSAGGGMNAN	43	673	791	118
11376	HUMAN23442	P14635	1	143	MALRVTRNSKINAENKAKINMAGAKRVPTAPAATSKPGLRPRTALGDIGNKVSEQLQAKMPMKKEAKPSATGKVIDKKLPKPLEKVPMLVPVPVSEPVPEPEPEPEPEPVKEEKLSPEPILVDTASPSPMETSGCAPAEEDLC	142	31	226	195
11377	HUMAN23444	Q9H3R5	1	66	MEEQPQMQDADEPADSGGEGRAGGPPQVAGAQAACSEDRMTLLLRLRAQTKQQLLEYKSMVDASEE	65	57	144	87
11378	HUMAN23445	P82909	1	72	MMGSKMASASRVVQVVKPHTPLIRFPDRRDNPKPNVSEALRSAGLPSHSSVISQHSKGSKSPDLLMYQGPPD	71	57	177	120
11381	HUMAN23450	Q16594	130	264	KSLQKKASTSAGRITVPRLSVGSVTSRPSTPTLGTPTPQTMSVSTKVGTPMSLTGQRFTVQMPTSQSPAVKASIPATSAVQNVLINPSLIGSKNILITTNMMSSQNTANESSNALKRKREDDDDDDDDDDDYDNL	134	189	350	161
11382	HUMAN23452	O75943	1	86	MSKTFLRPKVSSTKVTDWVDPSFDDFLECSGVSTITATSLGVNNSSHRRKNGPSTLESSRFPARKRGNLSSLEQIYGLENSKEYLS	85	131	352	221
11383	HUMAN23452	O75943	348	414	ENNLRPRKKGMSLKSDAVLSKSKRRKKPDRVFENQEVQAIGGKDVSLFLFRALGKILYCKRASLTEL	66	774	895	121
11384	HUMAN23452	O75943	574	681	NQAQISFIQDIGRLPLKRHFGRLKMEALTDREHGMIDPDSGDEAQLNGGHSAEESLGEPTQATVPETWSLPLSQNSASELPASQPQPFSAQGDMEENIIIEDYESDGT	107	1106	1320	214
11386	HUMAN23454	Q8N4S9	368	436	HEAARRHREYMEQQEINEPSLSSKRKMCEMATSGDRQRDSEVNFKELRTAKMKPELLSGHIPPGHIPKP	68	481	565	84
11387	HUMAN23455	Q16625	1	31	MSSRPLESPPPYRPDEFKPNHYAPSNDIYGG	30	18	85	67
11388	HUMAN23455	Q16625	275	413	DKSNILWDKEHIYDEQPPNVEEWVKNVSAGTQDVPSPPSDYVERVDSPMAYSSNGKVNDKRFYPESSYKSTPVPEVVQELPLTSPVDDFRQPRYSSGGNFETPSKRAPAKGRAGRSKRTEQDHYETDYTTGGESCDELE	138	380	569	189
11389	HUMAN23468	Q13075	1	53	MATQQKASDERISQFDHNLLPELSALLGLDAVQLAKELEEEEQKERAKMQKGY	52	5	59	54
11390	HUMAN23474	Q16568	1	47	MESSRVRLLPLLGAALLLMLPLLGTRAQEDAELQPRALDIYSAVDDA	46	7	65	58
11391	HUMAN23475	P46821	1	30	MATVVVEATEPEPSGSIANPAASTSPSLSH	29	127	177	50
11392	HUMAN23481	Q92973	329	378	DVEEDETIPDSEQDIRPRFHRSRTVAQQHDEDGIEEEDDDDDEIDDDDTI	49	813	912	99
11394	HUMAN23484	Q8WVE6	262	324	RTPTSEGAASERDCESIYTISGTNSSSEASHTPHLPSELPPRYEEKENAAATFLPLSSEPSPP	62	316	389	73
11395	HUMAN23485	Q8WUU8	192	229	AFVVDEGCLSFTDGGNHRPNPDVDQLEETQLEEEACAC	37	277	324	47
11396	HUMAN23486	Q16676	1	123	MTLSTEMSDASGLAEETDIDVVGEGEDEEDEEEEDDDEGGGGGPRLAVPAQRRRRRRSYAGEDELEDLEEEEDDDDILLAPPAGGSPAPPGPAPAAGAGAGGGGGGGGAGGGGSAGSGAKNPL	122	5	162	157
11397	HUMAN23487	P20290	171	206	KQSVDGKAPLATGEDDDDEVPDLVENFDEASKNEAN	35	285	342	57
11398	HUMAN23487	P20290	1	51	MRRTGAPAQADSRGRGRARGGCPGGEATLSQPPPRGGTRGQEPQMKETIMN	50	0	101	101
11400	HUMAN23491	Q8N1W1	694	803	DAAPACTKKFQEKYNKNKPQTILGNSSFRDIPQPGLSLHPSSSVPVGLPTGRRETVGQVHPLSRSVPGTTLESFRRSATSLESESDHNSCRSRSHSDELLQSMGSSPSTE	109	948	1120	172
11401	HUMAN23493	P07686	1	51	MELCGLGLPRPPMLLALLLATLLAAMLALLTQVALVVQVAEAARAPSVSAK	50	39	283	244
11402	HUMAN23496	O95478	1	106	MPQNEYIELHRKRYGYRLDYHEKKRKKESREAHERSKKAKKMIGLKAKLYHKQRHAEKIQMKKTIKMHEKRNTKQKNDEKTPQGAVPAYLLDREGQSRAKVLSNMI	105	149	294	145
11404	HUMAN23500	P04035	346	441	STLSLKNPITSPVVTQKKVPDNCCRREPMLVRNNQKCDSVEEETGINRERKVEVIKPLVAETDTPNRATFVVGNSSLLDTSSVLVTQEPEIELPRE	95	588	824	236
11405	HUMAN23502	Q9UBT6	518	618	NEEDRKHQQRSIIGFLQAGNQALSATECTLEKTDKDKFVKPLEMSHKKSFFDKKRSERKWSHQDTFKCEAVNKQSFQTSQPFQVLKKKMNENLEISENSDD	100	755	870	115
11406	HUMAN23502	Q9UBT6	651	772	SISENFKMFSCSHVSATKVNKKENVPASSLCEKQDYEAHPKIKEISSVDCIALVDTIDNSSKAESIDALSNKHSKEECSSLPSKSFNIEHCHQNSSSTVSLENEDVGSFRQEYRQPYLCEVK	121	910	1054	144
11407	HUMAN23502	Q9UBT6	813	861	DKFNPVNQPKESSRSTGSSSGVQKAVTRTKRPGLMTKYSTSKKIKPNNP	48	1098	1155	57
11408	HUMAN23504	Q8NA72	1	147	MSSDEEKYSLPVVQNDSSRGSSVSSNLQEEYEELLHYAIVTPNIEPCASQSSHPKGELVPDVRISTIHDILHSQGNNSEVRETAIEVGKGCDFHISSHSKTDESSPVLSPRKPSHPVMDFFSSHLLADSSSPATNSSHTDAHEILVS	146	116	361	245
11409	HUMAN23504	Q8NA72	200	251	HAAHLKQLCNQINELKELQKTFEISIGRKDEVISSLSHAIGKQKEKIELMRT	51	431	484	53
11411	HUMAN23506	Q496J9	1	131	MEDSYKDRTSLMKGAKDIAREVKKQTVKKVNQAVDRAQDEYTQRSYSRFQDEEDDDDYYPAGETYNGEANDDEGSSEATEGHDEDDEIYEGEYQGIPSMNQAKDSIVSVGQPKGDEYKDRRELESERRADE	130	20	187	167
11412	HUMAN23511	O00254	1	36	MKALIFAAAGLLLLLPTFCQSGMENDTNNLAKPTLP	35	13	104	91
11413	HUMAN23512	P25116	1	84	MGPRRLLLVAACFSLCGPLLSARTRARRPESKATNATLDPRSFLLRNPNDKYEPFWEDEEKNESGLTEYRLVSINKSSPLQKQL	83	7	160	153
11414	HUMAN23512	P25116	390	425	ESSDPSSYNSSGQLMASKMDTCSSNLNNSIYKKLLT	35	466	524	58
11415	HUMAN23514	P55085	362	397	RSVRTVKQMQVSLTSKKHSRKSSSYSSSSTTVKTSY	35	412	461	49
11417	HUMAN23517	Q8N302	522	621	TCDGCEPGQVRAHLRLDKKDESFVGPTLSKEEKELERRKELKKIRVKYGLQNTEYEDEKTLKNPKYKDRAGKRREQVGSEGTFQRDDAPASVHSEITDSN	99	940	1098	158
11418	HUMAN23517	Q8N302	77	187	ILQRGRNEDNKKSDVEVQTENHAPWSISDYFYQTYYNDVSLPNKVTELSDQQDQAIETSILNSKDHLQVENDAYPGTDRTENVKYRQVDHFASNSQEPASALATEDTSLEG	110	181	393	212
11419	HUMAN23519	Q96IU2	1	41	MRSGEPACTMDQARGLDDAAARGGQCPGLGPAPTPTPPGRL	40	0	41	41
11421	HUMAN23520	O95263	385	441	DNNKQIHKIHRDSGDNSQTEPHSFRYKNRRKESIDVKSISSRGSDAPSLQNRRYPSM	56	1576	1678	102
11422	HUMAN23520	O95263	490	537	PQLGTKDEDPHTSDLVGGLMTDGLRRLSGNEYVFTKNVHQSHSHLAMP	47	1732	1804	72
11423	HUMAN23524	Q5XKR4	1	110	MLSHADLLDARLGMKDAAELLGHREAVKCRLGVGGSDPGGHPGDLAPNSDPVEGATLLPGEDITTVGSTPASLAVSAKDPDKQPGPQGGPNPSQAGQQQGQQKQKRHRTR	109	0	157	157
11424	HUMAN23528	O00203	1	40	MSSNSFPYNEQSGGGEATELGQEATSTISPSGAFGLFSSD	39	48	293	245
11427	HUMAN23532	P15848	1	41	MGPRGAASLPRGPGPRRLLLPVVLPLLLLLLLAPPGSGAGA	40	22	147	125
11428	HUMAN23533	Q9UI17	1	44	MLRPGAQLLRGLLLRSCPLQGSPGRPRSVCGREGEEKPPLSAET	43	17	148	131
11431	HUMAN23536	Q8N9B5	940	988	KDVLRESFTLLPDTDPLTRSIHEALRRIKEASPESEDEEEALPCTDWEN	48	1263	1325	62
11432	HUMAN23537	Q86YM7	113	208	AKEKSQEKMELTSTPSQESAGGDLQSPLTPESINGTDDERTPDVTQNSEPRAEPTQNALPFSHSSAISKHWEAELATLKGNNAKLTAALLESTANV	95	152	307	155
11435	HUMAN23544	Q86VE9	334	377	TRSSSDALQGRYAAPELEIARCCFCFSPGGEDTEEQQPGKEGPR	43	639	725	86
11436	HUMAN23545	Q9BXG8	314	430	TYSLQLMAALLENECQILQQRVEILKELHHQKQGTLQEKPIQINYKQDKKNQKPSEAKKVEMYKQNKQAMKGTFWKKDRSCRSLDVCLNKKACNTQFNIHVARKALRGKMRSASSLR	116	320	460	140
11437	HUMAN23545	Q9BXG8	85	210	GFEEKITEAKELFEETNITEDVSAHKENIRGLDKINEMLSTNLPVSLAPEKEDNEKKQEMILETNITEDVSAHKENIRGLDKINEMLSTNLPVSLAPEKEDNEKKQQMIMENQNSENTAQVFARDL	125	86	213	127
11441	HUMAN23561	P62266	1	39	MGKCRGLRTARKLRSHRRDQKWHDKQYKKAHLGTALKAN	38	148	196	48
11442	HUMAN23566	Q13426	200	336	NAAQEREKDIKQEGETAICSEMTADRDPVYDESTDEESENQTDLSGLASAAVSKDDSIISSLDVTDIAPSRKRRQRMQRNLGTEPKMAPQENQLQEKENSRPDSSLPETSKKEHISAENMSLETLRNSSPEDLFDEI	136	441	653	212
11443	HUMAN23567	P13611	3359	3396	QRTYSMKYFKNSSSAKDNSINTSKHDHRWSRRWQESRR	37	5236	5290	54
11447	HUMAN23583	O15318	113	223	RNKCKKAGPKPKKAKDAGKGTPLTNTEDVLKKMEELEKRGDGEKSDEENEEKEGSKEKSKEGDDDDDDDAAEQEEYDEEEQEEENDYINSYFEDGDDFGADSDDNMDEATY	110	180	345	165
11448	HUMAN23585	Q7Z3D4	115	208	SSLTETLCPPKGRQTSRHSSVQYSSEQQEILPANDSLAYSDSAGSFLKEVDRDIEQIVKCTDNKRENLNEVVSALTAQQMRFEPDNKNTQRKDP	93	254	416	162
11449	HUMAN23585	Q7Z3D4	230	306	IITPVFYLLYYEILAKVDVSHHSTVDSSHLHSKITPPSQQREMENGIVPTKGIHFSQQDDHKLYSQDSQSPAAQQET	76	437	532	95
11450	HUMAN23585	Q7Z3D4	28	58	SDSDILEEDAEVYELRSRGKEKVRRSTSRDR	30	128	172	44
11451	HUMAN23586	Q8WXG9	6215	6248	RASFQQGSQASPDLKPSPQNGATFPSSGGYGQGS	33	7277	7315	38
11452	HUMAN23588	P10589	149	182	VGMRREAVQRGRMPPTQPNPGQYALTNGDPLNGH	33	197	407	210
11453	HUMAN23588	P10589	1	80	MAMVVSSWRDPQDDVAGGNPGGPNPAAQAARGGGGGAGEQQQQAGSGAPHTPQTPGQPGAPATPGTAGDKGQGPPGSGQS	79	10	121	111
11454	HUMAN23589	Q8WUF8	1	34	MSISLSSLILLPIWINMAQIQQGGPDEKEKTTAL	33	16	145	129
11455	HUMAN23589	Q8WUF8	219	255	SSDEPAEKRERKDKVSKETKKRRDFYEKYRNPQREKE	36	463	505	42
11456	HUMAN23590	Q8N7G0	1	114	MAGHRPSNHFCPLPGSGGGGPRGPMPLRVDTLTWLSTQAAPGRVMVWPAVRPGICPGPDVWRIPLGPLPHEFRGWIAPCRPRLGASEAGDWLRRPSEGALPGPYIALRSIPKLP	113	0	116	116
11457	HUMAN23590	Q8N7G0	264	328	MGSRPTNDASPREIVGTAGPPCPGAPVCFHLGLGLPVDIPHYTRLYSAGVAHSSAPATTLGLLRF	64	265	342	77
11458	HUMAN23591	Q8IV33	374	409	RDTSGILEKSDREVVMEKPRANETNIPSEQSLPGKE	35	499	564	65
11459	HUMAN23592	Q9BQI6	202	339	QNDEDSQTNSVWTEHSNEETNKDFRKDAGFLEMKGALRETMYRTQKEMQNHEDVNVGSILIQHHKKEKFSGSSKDLKFVKMRNTFGSHTYENQKEIKKKDEDIQRSYTLRRKRKKGKESNCKKGVEHEKIKSTLRRHI	137	415	583	168
11460	HUMAN23592	Q9BQI6	695	799	GSVSSEPLSLQKMVYSYLPALGKTGVLGSGKIQVSKKIGQRPCFDSQRTLLMLNGTKQKQVEGLPELLDLNLAKCSSSLKKLKKKSEGELSCSKENCPSVVKKMN	104	1058	1179	121
11462	HUMAN23593	Q6DN14	845	874	KDNRQRDTVVEDMLEDEEEEDDKDDKDSEK	29	2280	2393	113
11463	HUMAN23595	Q96LP2	1	129	MQLQFLGTLASSEKRKKSQRLFFKNIKSTKNKAGKASIMSSDTNVNKSASPTATAEEQPVEPDGPLPGSDNNQEKKVRLSPAKMSTKNSTDLVEYVDKSHAFLPIIPNTQRGQLEDRLNNQARTIAFLL	128	0	176	176
11464	HUMAN23599	Q8NGU9	377	434	PQGGAEDEEGPRGHQALYRQRWPHPHYHHARREPLDEGGLRPPPPRPRPLPCSCESAF	57	473	559	86
11465	HUMAN23603	O94955	201	238	QKTSEKMKKRKMSNSFHGIRPPQLEQPEKMPVLKAEAS	37	297	338	41
11466	HUMAN23603	O94955	292	322	DIQDSSIIRTTQDLFAINRDTAFPGASHESS	30	394	439	45
11467	HUMAN23608	O00472	106	209	SSGASQLNCLGFIQDKITVCATNDSYQMTRERMTQAEEESRNRSTKVIKPGGPYVGKRVQIRKAPQAVSDTVPERKRSTPMNPANTIRKTHSSSTISQRPYRDR	103	138	313	175
11469	HUMAN23611	P29120	599	661	EHMKQPRVYTSYNTVQNDRRGVEKMVDPGEEQPTQENPKENTLVSKSPSSSSVGGRRDELEEG	62	958	1054	96
11470	HUMAN23614	Q9NZ08	1	43	MVFLPLKWSLATMSFLLSSLLALLTVSTPSWCQSTEASPKRSD	42	49	170	121
11472	HUMAN23619	Q9UIQ6	1	150	MEPFTNDRLQLPRNMIENSMFEEEPDVVDLAKEPCLHPLEPDEVEYEPRGSRLLVRGLGEHEMEEDEEDYESSAKLLGMSFMNRSSGLRNSATGYRQSPDGACSVPSARTMVVCAFVIVVAVSVIMVIYLLPRCTFTKEGCHKKNQSIGL	149	70	272	202
11474	HUMAN23627	O14646	1028	1122	DEDDIELEPERNSKNWEEIIPEDQRRRLEEEERQKELEEIYMLPRMRNCAKQISFNGSEGRRSRSRRYSGSDSDSISEGKRPKKRGRPRTIPREN	94	2370	2591	221
11478	HUMAN23629	Q8TBP5	144	190	VRMRRRNRKTRRYGVLDTNIENMELTPLEQDDEDDDNTLFDANHPRR	46	185	233	48
11479	HUMAN23629	Q8TBP5	1	125	MKASQCCCCLSHLLASVLLLLLLPELSGPLAVLLQAAEAAPGLGPPDPRPRTLPPLPPGPTPAQQPGRGLAEAAGPRGSEGGNGSNPVAGLETDDHGGKAGEGSVGGGLAVSPNPGDKPMTQRAL	124	10	167	157
11480	HUMAN23630	Q92187	1	55	MRSIRKRWTICTISLLLIFYKTKEIARTEEHQETQLIGDGELSLSRSLVNSSDKI	54	99	157	58
11481	HUMAN23632	Q6ZQN7	1	85	MKSAKGIENLAFVPSSPDILRRLSASPSQIEVSALSSDPQRENSQPQELQKPQEPQKSPEPSLPSAPPNVSEEKLRSLSLSEFEE	84	36	201	165
11482	HUMAN23632	Q6ZQN7	694	724	PSATDVSFHKENAVVTNVLAEQDLNKIVKEG	30	1163	1199	36
11483	HUMAN23633	Q86UG4	1	99	MFVGVARHSGSQDEVSRGVEPLEAARAQPAKDRRAKGTPKSSKPGKKHRYLRLLPEALIRFGGFRKRKKAKSSVSKKPGEVDDSLEQPCGLGCLVSTCC	98	1	173	172
11484	HUMAN23634	P19021	355	398	MVMMHEHHKETEYKDKIPLLQQPKREEEEVLDQGDFYSLLSKLL	43	515	595	80
11485	HUMAN23634	P19021	412	449	PTEKAESESDLVAEIANVVQKKDLGRSDAREGAEHERG	37	610	663	53
11486	HUMAN23639	Q96GV9	1	37	MEVDINGESRSTLTTLPFPGAEANSPGKAEAEKPRCS	36	88	125	37
11487	HUMAN23639	Q96GV9	78	148	TGGEESKAEAMPSLRSKQLDAGLARSSRLYKTRSRYYQPYEIPAVNGRRRRRMPSSGDKCTKSLPYEPYKA	70	165	249	84
11488	HUMAN23641	P52803	165	228	MKTIGVHDRVFDVNDKVENSLEPADDTVHESAEPSRGENAAQTPRIPSRLLAILLFLLAMLLTL	63	217	284	67
11489	HUMAN23644	P16591	386	452	QKVQENDGKEPPPVVNYEEDARSVTSMERKERLSKFESIRHSIAGIIRSPKSALGSSALSDMISISE	66	519	715	196
11490	HUMAN23645	O43164	1	39	MSQYTEKEPAAMDQESGKAVWPKPAGGYQTITGRRYGRR	38	11	51	40
11491	HUMAN23645	O43164	50	159	TRHERSLGRAGDDYEVLELDDVPKENSSGSSPLDQVDSSLPSEPIFEKSETEIPTCGSALNQTTESSQSFVAVHHSEEGRDTLGSSTNLHNHSEGEYIPGACSASSVQNG	109	61	199	138
11492	HUMAN23646	Q16706	1	42	MKLSRQFTVFGSAIFCVVIFSLYLMLDRGHLDYPRNPRREGS	41	17	198	181
11493	HUMAN23646	Q16706	81	125	ESVEDGPKSSQSNFSQGAGSHLLPSQLSLSVDTADCLFASQSGSH	44	292	402	110
11494	HUMAN23647	C9JQI7	532	580	EAHFLPLKKPSIKKDQTKYPNKKLESVKKQVLHFTVREHPSVSEIPMFP	48	768	823	55
11495	HUMAN23648	Q96AG3	1	94	MHPRRPDGFDGLGYRGGARDEQGFGGAFPARSFSTGSDLGHWVTTPPDIPGSRNLHWGEKSPPYGVPTTSTPYEGPTEEPFSSGGGGSVQGQSS	93	63	309	246
11496	HUMAN23650	Q8NI36	2	65	CCTEGSLRKRDSQRAPEAVLCLQLWQRTVPLDTLKGLGTCFPSGPELRGAGIAAAMERASERRT	63	7	235	228
11497	HUMAN23650	Q8NI36	798	828	VPRYAAPEQNNDPQQSKVVNLGVLAQKSDFC	30	2730	2888	158
11498	HUMAN23651	Q16566	340	473	GSASSSHGSIQESHKASRDPSPIQDGNEDMKAIPEGEKIQGDGAQAAVKGAQAELMKVQALEKVKGADINAEEAPKMVPKAVEDGIKVADLELEEGLAEEKLKTVEEAAAPREGQGSSAVGFEVPQQDVILPEY	133	521	706	185
11500	HUMAN23660	P25054	178	308	FSLQTDMTRRQLEYEARQIRVAMEEQLGTCQDMEKRAQRRIARIQQIEKDILRIRQLLQSQATEAERSSQNKHETGSHDAERQNEGQGVGEINMATSGNGQGSTTRMDHETASVLSSSSTHSAPRRLTSHL	130	311	477	166
11501	HUMAN23660	P25054	1	145	MAAASYDQLLKQVEALKMENSNLRQELEDNSNHLTKLETEASNMKEVLKQLQGSIEDEAMASSGQIDLLERLKELNLDSSNFPGVKLRSKMSLRSYGSREGSVSSRSGECSPVPMGSFPRRGFVNGSRESTGYLEELEKERSLLL	144	95	278	183
11503	HUMAN23667	Q15695	1	59	MAALEKMTFPKKMTFPEKPSHKKYRAALKKEKRKKRRQELARLRDSGLSQEEEEDTFIE	58	0	187	187
11505	HUMAN23669	Q8IU60	244	390	GDSSDSDNGFSSTGSTPAKPTVEKLSRTKFRHSQQLFPDGSPGDQWVKHRQPLQQKPYNNHSEMSDLLKGKNQSMRGNGRKQYQDSPNQKKRTNGLQPAKQQNSLMKCEKKLHPRKLQDNFETDAVYDLPSSSEDQLLEHAEGQPVA	146	268	456	188
11506	HUMAN23671	Q9BXA7	275	367	KARGSPSVAINKEGESSRGTEPLWTPEPGSDKKSATKLEPEGEAQPQAQPETKPEGTAMQMSRQSEILGFPSKPSTMETEEGPPQQPPETRAQ	92	511	694	183
11508	HUMAN23672	Q9H6S0	140	173	ERTELLPKTERGNVFAVEAENREMSKTSGRLNNG	33	331	377	46
11509	HUMAN23672	Q9H6S0	1	38	MSRPSSVSPRQPAPGGGGGGGPSPCGPGGGGRAKGLKD	37	26	206	180
11510	HUMAN23675	Q9NQ86	66	106	DSFNDVGSDNSNQSSPRLRLPSPSMDKIDRINRPGWKRNSL	40	89	154	65
11511	HUMAN23685	O94817	1	51	MAEEPQSVLQLPTSIAAGGEGLTDVSPETTTPEPPSSAAVSPGTEEPAGDT	50	72	205	133
11512	HUMAN23688	Q92572	148	193	EKSEAGLAGAPARAVSAVKNMNLPEIPRNINIGDISIKVPNLPSFK	45	320	366	46
11513	HUMAN23690	Q6Q4G3	1	88	MGPPSSSGFYVSRAVALLLAGLVAALLLALAVLAALYGHCERVPPSELPGLRDLEAESSPPLRQKPTPTPKPSSARELAVTTTPSNWR	87	10	194	184
11514	HUMAN23691	P0DKL9	1	79	MNEQSEKNNSIQERHTDHSFPEKNCQIGQKQLQQIERQLKCLAFRNPGPQVADFNPETRQQKKKARMSKMNEYFSTKYK	78	0	128	128
11515	HUMAN23694	Q8NBA8	1	65	MESQKEARTLQEPVARPSGASSSQTPNDKERREGGAVPAAAALGAEADDDSADGLWELPVEPAER	64	20	149	129
11516	HUMAN23699	A1A519	147	214	ETLESLEKQPRMEEVTLSEVVRVGTPPSDVSTRNLLSDSEPSGEEKEHEERTESDSLPGSPTVEDTPR	67	201	286	85
11517	HUMAN23699	A1A519	1	122	MKRRQKRKHLENEESQETAEKGGGMSKSQEDALQPGSTRVAKGWSQGVGEVTSTSEYCSCVSSSRKLIHSGIQRIHRDSPQPQSPLAQVQERGETPPRSQHVSLSSYSSYKTCVSSLCVNKE	121	43	177	134
11518	HUMAN23699	A1A519	270	310	NMESESTQDEQEEENGNEKEEEEKPEAKEEEGQPTEEDLGL	40	341	391	50
11520	HUMAN23702	Q8N4E7	1	69	MLSCFRLLSRHISPSLASLRPVRCCFALPLRWAPGRPLDPRQIAPRRPLAAAASSRDPTGPAAGPSRVR	68	0	126	126
11523	HUMAN23705	Q6S9Z5	1	89	MERGKKKRISNKLQQTFHHSKEPTFLINQAGLLSSDSYSSLSPETESVNPGENIKTDTQKKRPGTVILSKLSSRRIISESQLSPPVIPA	88	0	195	195
11526	HUMAN23712	P45877	1	31	MGPGPRLLLPLVLCVGLGALVFSSGAEGFRK	30	48	179	131
11528	HUMAN23713	Q9NQX0	379	468	IAQDENLNVPSTVMEAMCRQDALQPFNKSSKLAPTTQQRSVVFPQTPCSRNFSLLDKSGPIESGFNQINVKNQRVLASPTSTSQLHSEFS	89	607	849	242
11530	HUMAN23714	Q8N960	616	683	SDSSQGVSAVQQKPSSLPPAPCPSEIQTEPRETLEYKAALELEMWKEMQEDIFENQLKQKELAHMQAL	67	1242	1351	109
11531	HUMAN23714	Q8N960	909	940	RLRQQEQKQYQDSTEIASGKKDGPHGSVLEEG	31	1670	1753	83
11532	HUMAN23717	Q9Y6M4	1	35	MENKKKDKDKSDDRMARPSGRSGHNTRGTGSSSSG	34	0	90	90
11534	HUMAN23718	Q9ULD9	1	32	MSVNISTAGKGVDPNTVDTYDSGDDWEIGVGN	31	3	38	35
11536	HUMAN23725	Q9H814	312	394	NQKEYENKKAARKRRTQVLGKKMKQAIKSLNFQEDDDTSRETFASDTNEALASLDESQEGHAEAKLEAEEAIEVDHSHDLDIF	82	570	765	195
11537	HUMAN23726	Q6ZNM6	1	134	MASGKDTCPTLPKLTNNCSDESLYKSANKYEEIHLPRFSLKQGMIPRRYVMPWKENMIFRNVNLKQAEVCGIHTGPLEDSLFLNHSERLCHGEDRKVVFQKGPPEIKIADMPLHSPLSRYQSTVISHGFRRRLV	133	17	173	156
11538	HUMAN23727	P20700	389	430	KLSPSPSSRVTVSRASSSRSVRTTRGKRKRVDVEESEASSSV	41	571	630	59
11539	HUMAN23727	P20700	551	582	PEEEEEEEEAAGVVVEEELFHQQGTPRASNRS	31	756	806	50
11540	HUMAN23728	Q86UD3	1	65	MTTSRCSHLPEVLPDCTSSAAPVVKTVEDCGSLVNGQPQYVMQVSAKDGQLLSTVVRTLATQSPF	64	18	109	91
11542	HUMAN23737	P0DO97	164	292	VKKLQTDLATANAITVLELNEKIKTLYEGKPAPREDSLLEGFCGGLPPVEEGDRKISLIMELSTQVSLQTERITQLKEVLEEKERKIQQLEAERSPHPPQEVKDPPGCLPEAPVFSTHDIPPVVSDENL	128	193	359	166
11543	HUMAN23737	P0DO97	1	125	MMPVDVCPRDRGSQWVWLEMGQCYSKKSVVPESDTSERSSMTSGSSESDIPQENKVSKASLDTGQMAFTLAQLESLEICLKEAEEKAKALSEQLSVSEGTKSKLLEQVSRLEEKLEAVDHKEASG	124	0	151	151
11545	HUMAN23738	P55011	934	1006	QEELLSSQEKSPGTKDVVVSVEYSKKSDLDTSKPLSEKPITHKVEEEDGKTATQPLLKKESKGPIVPLNVADQ	72	1569	1811	242
11546	HUMAN23742	Q8TE59	276	320	KRSMEEKVTEKSALHSHYCGIISDKGRPRSRKIAESGRGKRYSYK	44	334	379	45
11547	HUMAN23742	Q8TE59	47	161	PVDPAGGSGGSADPGWVRGVGGGGSARAQAAGSSREVRSVAPVPLEEPVEGRSESRLRPPPPSEGEEDEELESQELPRGSSGAAALSPGAPASWQPPPPPQPPPSPPPAQHAEPD	114	57	209	152
11548	HUMAN23743	P59773	1	109	MDLSVLPNNNHPDKFLQLDVKSLTRSSALLQASLVRFPGGNYPAAQHWQNLVYSQREKKNIAAQRIRGSSADSLVTADSPPPSMSSVMKNNPLYGDLSLEEAMEERKKN	108	8	128	120
11549	HUMAN23744	Q70JA7	33	167	ELSERKRRGSSLCSYYGRSAAGPRAGAQQPLPQPQSRPRQEQSPPPARQDLQGPPLPEAAPGITSFRSSPWQQPPPLQQRRRGREPEGATGLPGAPAAEGEPEEEDGGAAGQRRDGRPGSSHNGSGDGGAAAPSA	134	202	377	175
11550	HUMAN23752	Q8TEU7	121	247	AKDNEDSILQREIPARQSRRRFRKINYKGERQTITDDVEVNSYLSLPADLTKMHLTENPHPQVTHVSSSQSGCSIASDSGSSSLSDIYQATESEVGDVDLTRLPEGPVDSEDDEEEDEEIDRTDPLQ	126	213	377	164
11551	HUMAN23752	Q8TEU7	625	744	EKSGVPHIPKIAEKKSNRHSIQHVPGDIEQTSQEKGSKKVKANTVSGGRNKIRKILDKTRFSILPPKLFSDGGLSQSQDDSIVGTRHCRHSLAIMPIPGTLSSSSPDLLQPTTSMLDFSN	119	794	987	193
11552	HUMAN23755	Q8TF40	173	218	GSLNTLQDSLEFINQDNNTLKADNNTVINGLLGNIGLSQFCSPRRA	45	923	995	72
11555	HUMAN23755	Q8TF40	68	114	EDISVSKLGSDAQVKVFGKCCQLKPGGDSSSSLDSSVTSSSDIKDQC	46	657	784	127
11556	HUMAN23758	P08700	1	30	MSRLPVLLLLQLLVRPGLQAPMTQTTPLKT	29	0	33	33
11558	HUMAN23769	P10914	115	234	LTKNQRKERKSKSSRDAKSKAKRKSCGDSSPDTFSDGLSSSTLPDDHSSYTVPGYMQDLEVEQALTPALSPCAVSSTLPDWHIPVEVVPDSTSDLYNFQVSPMPSTSEATTDEDEEGKLP	119	130	270	140
11559	HUMAN23779	Q6ZMN8	1	115	MASGAQLPPQPSSSEVSAVQSPGGRPGAGLEETALGVPLPPSPGEAPLPRSNRSRCPGTRQPGAASLHAASAAVPVRPRRGTAPAGKTADAVPAAAPEQAPRPAPQSRKPRNLEG	114	0	129	129
11560	HUMAN23780	Q92599	401	447	RKAAVEALQSQALHATSQQPLRKDKDKKNRSDIGAHQPGMSLSSSKV	46	594	647	53
11562	HUMAN23783	O60383	1	51	MARPNKFLLWFCCFAWLCFPISLGSQASGGEAQIAASAELESGAMPWSLLQ	50	7	70	63
11563	HUMAN23783	O60383	274	341	AYHSWYSLHYKRRPSQGPDQERSLSAYPVGEEAAEDGRSSHHRHRRGQETVSSELKKPLGPASFNLSE	67	332	409	77
11564	HUMAN23785	Q969E1	1	38	MWHLKLCAVLMIFLLLLGQIDGSPIPEVSSAKRRPRRM	37	0	38	38
11565	HUMAN23786	Q9UHB7	1036	1082	YNNSQAPSPGLGSKAVGMPSPVSPKLSPGNSGNYSSGASSASASGSS	46	2128	2211	83
11567	HUMAN23787	Q8TBK6	1	46	MATPMHRLIARRQAFDTELQPVKTFWILIQPSIVISEANKQHVRCQ	45	46	126	80
11569	HUMAN23790	P34932	503	573	SEENEEPMETDQNAKEEEKMQVDQEEPHVEEQQQQTPAENKAESEEMETSQAGSKDKKMDQPPQAKKAKVK	70	902	1047	145
11570	HUMAN23790	P34932	781	840	PIISKPKPKVEPPKEEQKNAEQNGPVDGQGDNPGPQAAEQGTDTAVPSDSDKKLPEMDID	59	1276	1518	242
11571	HUMAN23793	Q8NC54	1	196	MAAAVPKRMRGPAQAKLLPGSAIQALVGLARPLVLALLLVSAALSSVVSRTDSPSPTVLNSHISTPNVNALTHENQTKPSISQISTTLPPTTSTKKSGGASVVPHPSPTPLSQEEADNNEDPSIEEEDLLMLNSSPSTAKDTLDNGDYGEPDYDWTTGPRDDDESDDTLEENRGYMEIEQSVKSFKMPSSNIEEED	195	0	239	239
11572	HUMAN23793	Q8NC54	231	265	KWRDGLCSKTVEYHRLDQNVNEAMPSLKITNDYIF	34	273	308	35
11575	HUMAN23815	P49069	1	181	MESMAVATDGGERPGVPAGSGLSASQRRAELRRRKLLMNSEQRINRIMGFHRPGSGAEEESQTKSKQQDSDKLNSLSVPSVSKRVVLGDSVSTGTTDQQGGVAEVKGTQLGDKLDSFIKPPECSSDVNLELRQRNRGDLTADSVQRGSRHGLEQYLSRFEEAMKLRKQLISEKPSQEDGNT	180	96	326	230
11577	HUMAN23819	Q96J42	103	174	DKVSSEPSGVTCGAGGAEDSRCNVRESLFSLDGAGAHFPDREEEYYTEPEVAESDAAPTEDSNNTESLKSPK	71	209	288	79
11578	HUMAN23819	Q96J42	1	84	MVPAAGRRPPRVMRLLGWWQVLLWVLGLPVRGVEVAEESGRLWSEEQPAHPLQVGAVYLGEEELLHDPMGQDRAAEEANAVLGL	83	56	189	133
11579	HUMAN23820	Q9H0N5	1	32	MAAVLGALGATRRLLAALRGQSLGLAAMSSGT	31	7	62	55
11580	HUMAN23822	P78337	1	95	MDAFKGGMSLERLPEGLRPPPPPPHDMGPAFHLARPADPREPLENSASESSDTELPEKERGGEPKGPEDSGAGGTGCGGADDPAKKKKQRRQRTH	94	40	185	145
11581	HUMAN23824	O75367	117	178	KRGSKGKLEAIITPPPAKKAKSPSQKKPVSKKAGGKKGARKSKKKQGEVSKAASADSTTEGT	61	134	271	137
11583	HUMAN23827	Q92886	153	209	QGLPGGGARERLLPPQCVPCLPGPPSPASDAESWGSGAAAASPLSDPSSPAASEDFT	56	191	286	95
11584	HUMAN23827	Q92886	1	103	MPARLETCISDLDCASSSGSDLSGFLTDEEDCARLQQAASASGPPAPARRGAPNISRASEVPGAQDDEQERRRRRGRTRVRSEALLHSLRRSRRVKANDRERN	102	21	141	120
11585	HUMAN23842	Q99717	223	259	PPAYMPPDDQMGQDNSQPMDTSNNMIPQIMPSISSRD	36	579	721	142
11586	HUMAN23844	A0A1B0GUA5	1	103	MYGDIFNATGGPEAAVGSALAPGATVKAEGALPLELATARGMRDGAATKPDLPTYLLLFFLLLLSVALVVLFIGCQLRHSAFAALPHDRSLRDARAPWKTRPV	102	0	120	120
11587	HUMAN23845	Q9HCX4	1	37	MLRNSTFKNMQRRHTTLREKGRRQAIRGPAYMFNEKG	36	163	214	51
11588	HUMAN23845	Q9HCX4	736	775	KAKSCENDLEMGMLNSKFKKTRYQAGMRNSENLTANNTLS	39	1042	1107	65
11589	HUMAN23845	Q9HCX4	829	862	QATGELADLIQQLSEKFGKNLNKDHLRVNKGKDI	33	1311	1387	76
11590	HUMAN23846	Q08629	1	38	MPAIAVLAAAAAAWCFLQVESRHLDALAGGAGPNHGNF	37	11	55	44
11593	HUMAN23851	Q9NYF5	579	608	KIRQFEEQFERERNSKPSYSDIAANPKVLK	29	1050	1080	30
11594	HUMAN23851	Q9NYF5	619	689	QIKDAKHKNSDGEFVPQTRPRSNTLPKSFGSSLDHEDEENEDEPKVIQKEKKPSKEATLELILKRLKEKRI	70	1090	1228	138
11595	HUMAN23851	Q9NYF5	697	738	IKKMTKDHLVEEKASLQKSLLYYESQHGRPVTKEERHIVKPL	41	1235	1278	43
11596	HUMAN23851	Q9NYF5	753	837	SITPVLGSPSTKRRGQMLQPIIEGETAHFFEEIKEEEEDGVNLSSELGDMLKTAVQVQSSLENSESDVEENQEKLALDLRLSSSR	84	1292	1437	145
11597	HUMAN23857	O95235	20	61	VSPMFESTAADLGSVVRKNLLSDCSVVSTSLEDKQQVPSEDS	41	85	199	114
11598	HUMAN23857	O95235	230	289	GGLQEEELSTSLKRSVYIESRIGTSTSFDSGIAGLSSISQCTSSSQLDETSHRWAQPDTA	59	428	660	232
11602	HUMAN23860	O60609	127	156	GNYELDVSPYEDTVTSKPWKMNLSKLNMLK	29	166	196	30
11603	HUMAN23860	O60609	1	30	MVRPLNPRPLPPVVLMLLLLLPPSPLPLAA	29	3	64	61
11604	HUMAN23860	O60609	358	400	QDWPHPTFAVMAHQNENPAVRPQPWVPSLFSCTLPLILLLSLW	42	480	566	86
11609	HUMAN23869	P38646	1	42	MISASRAAAARLVGAAASRGPTAARHQDSWNGLSHEAFRLVS	41	136	305	169
11610	HUMAN23872	P35221	635	673	PEELDDSDFETEDFDVRSRTSVQTEDDQLIAGQSARAIM	38	945	988	43
11611	HUMAN23872	P35221	863	906	APEKKPLVKREKQDETQTKIKRASQKKHVNPVQALSEFKAMDSI	43	1254	1299	45
11612	HUMAN23875	O43300	357	482	FQLCWNLSTTVTVMATTYRDPTTEYTKRISSSSYHVGDKEIPTTAGIAVTTEEHFPEPDNAIFTQRVITGTMALLFSFFFIIFIVFISRKCCPPTLRRIRQCSMVQNHRQLRSQTRLHMSNMSDQG	125	370	528	158
11613	HUMAN23879	Q9BPZ3	64	127	MLEEEEEHEWFIPARDLPQTMDQIQDQFNDLVISDGSSLEDLVVKSNLNPNAKEFVPGVKYGNI	63	89	163	74
11615	HUMAN23887	Q9H819	195	247	VTDDTYYYRRRHRHERTQTQKEEEEEKPQTTYSAFIQLLPVLVIVIISVITQL	52	362	481	119
11616	HUMAN23887	Q9H819	22	63	NKYPEDTPPESHDPCGCCNCMKAQKEKKSENEWTQTRQGEGN	41	92	163	71
11618	HUMAN23891	A0A1B0GW64	100	132	QDSPEEAPPGPLVPGSCPAPDGPRPSIDEVTCL	32	135	168	33
11620	HUMAN23895	Q9BQI7	735	771	TLEGDDPSLRKTHSSPALSQGHVTGSKTTKDATGPDT	36	1147	1187	40
11621	HUMAN23896	O14511	1	96	MRQVCCSALPPPPLEKGRCSSYSDSSSSSSERSSSSSSSSSESGSSSRSSSNNSSISRPAAPPEPRPQQQPQPRSPAARRAAARSRAAAAGGMRRD	95	0	117	117
11622	HUMAN23897	Q00577	1	60	MADRDSGSEQGGAALGSGGSLGHPGSGSGSGGGGGGGGGGGGSGGGGGGAPGGLQHETQE	59	75	195	120
11623	HUMAN23897	Q00577	284	322	KQREKRAACEQLHQQQQQQQEETAAATLLLQGEEEGEED	38	596	701	105
11624	HUMAN23899	Q9H1C7	1	40	MNQENPPPYPGPGPTAPYPPYPPQPMGPGPMGGPYPPPQG	39	16	130	114
11625	HUMAN23903	Q99075	1	104	MKLLPSVVLKLFLAAVLSALVTGESLERLRRGLAAGTSNPDPPTVSTDQLLPLGGGRDRKVRDLQEADLDLLRVTLSSKPQALATPNKEEHGKRKKKGKGLGKK	103	48	169	121
11626	HUMAN23904	Q96Q91	177	227	QRPQHYNQTTGTRPCWGSTHPRKASDNEEAPLREQCQNPLRQKLPPGAEAG	50	213	294	81
11627	HUMAN23904	Q96Q91	1	51	MEMKLPGQEGFEASSAPRNIPSGELDSNPDPGTGPSPDGPSDTESKELGVP	50	5	74	69
11628	HUMAN23904	Q96Q91	341	375	SQHKRLPSQQREIRGPAVPRLTSAEDRHRHGPHAH	34	408	490	82
11629	HUMAN23904	Q96Q91	944	983	EERSIPEKGLEPEHSFSGSDSEDSELMYQPKAPEINISVN	39	1113	1155	42
11630	HUMAN23905	Q8IWZ3	1	30	MLTDSGGGGTSFEEDLDSVAPRSAPAGASE	29	9	39	30
11631	HUMAN23905	Q8IWZ3	50	100	AGPASGVGSSGGGGSGSGTGGGDAALDFKLAAAVLRTGGGGGASGSDEDEV	50	65	141	76
11632	HUMAN23907	Q9HD15	1	104	MTRCPAGQAEVEMAELYVKPGNKERGWNDPPQFSYGLQTQAGGPRRSLLTKRVAAPQDGSPRVPASETSPGPPPMGPPPPSSKAPRSPPVGSGPASGVEPTSFP	103	46	293	247
11633	HUMAN23908	O60516	51	100	SPIARTPPCCLPQIPGVTTPPTAPLSKLEELKEQETEEEIPDDAQFEMDI	49	67	142	75
11634	HUMAN23916	Q13123	168	205	FALLQKVRAEIASKEKEEEELMEKPQKETKKDEDPENK	37	452	570	118
11637	HUMAN23918	Q9H6Y2	334	383	DYRRRKKKGGPLRALSSKTWSTDDFFAGLREEGEDSMAQEEKEETGDDSD	49	1293	1451	158
11638	HUMAN23922	P49590	1	50	MPLLGLLPRRAWASLLSQLLRPPCASCTGAVRCQSQVAEAVLTSQLKAHQ	49	103	350	247
11640	HUMAN23925	Q9Y5I3	903	950	PTNSQIDKSDFITFGKKEETKKKKKKKKGNKTQEKKEKGNSTTDNSDQ	47	1008	1062	54
11641	HUMAN23926	Q9Y5H9	902	948	TNSQIDKSDFITFGKKEETKKKKKKKKGNKTQEKKEKGNSTTDNSDQ	46	919	966	47
11642	HUMAN23927	Q9Y5H8	904	950	TNSQIDKSDFITFGKKEETKKKKKKKKGNKTQEKKEKGNSTTDNSDQ	46	1047	1109	62
11643	HUMAN23928	Q9UN74	901	947	TNSQIDKSDFITFGKKEETKKKKKKKKGNKTQEKKEKGNSTTDNSDQ	46	1225	1285	60
11644	HUMAN23929	Q9Y5H7	891	936	NSQIDKSDFITFGKKEETKKKKKKKKGNKTQEKKEKGNSTTDNSDQ	45	944	990	46
11645	HUMAN23930	Q9UN73	905	950	NSQIDKSDFITFGKKEETKKKKKKKKGNKTQEKKEKGNSTTDNSDQ	45	1044	1090	46
11646	HUMAN23931	Q9UN72	891	937	TNSQIDKSDFITFGKKEETKKKKKKKKGNKTQEKKEKGNSTTDNSDQ	46	1005	1052	47
11647	HUMAN23932	Q9Y5H6	904	950	TNSQIDKSDFITFGKKEETKKKKKKKKGNKTQEKKEKGNSTTDNSDQ	46	1359	1419	60
11648	HUMAN23933	Q9Y5H5	905	950	NSQIDKSDFITFGKKEETKKKKKKKKGNKTQEKKEKGNSTTDNSDQ	45	990	1043	53
11649	HUMAN23934	Q9Y5I2	780	817	VDVDGEDQSIGGDHSRKPRQPNPDWRYSASLRAGMHSS	37	896	945	49
11650	HUMAN23934	Q9Y5I2	901	948	PTNSQIDKSDFITFGKKEETKKKKKKKKGNKTQEKKEKGNSTTDNSDQ	47	1041	1090	49
11651	HUMAN23935	Q9Y5I1	903	949	TNSQIDKSDFITFGKKEETKKKKKKKKGNKTQEKKEKGNSTTDNSDQ	46	1088	1149	61
11652	HUMAN23937	Q9UN75	895	941	TNSQIDKSDFITFGKKEETKKKKKKKKGNKTQEKKEKGNSTTDNSDQ	46	904	951	47
11653	HUMAN23938	Q9Y5I0	903	950	PTNSQIDKSDFITFGKKEETKKKKKKKKGNKTQEKKEKGNSTTDNSDQ	47	1005	1053	48
11654	HUMAN23939	Q9H158	917	963	TNSQIDKSDFITFGKKEETKKKKKKKKGNKTQEKKEKGNSTTDNSDQ	46	978	1025	47
11655	HUMAN23940	Q9Y5I4	1	37	MEQAGTRPAATEHPRLRRPMPWLLLLPLLLLLLLLLP	36	7	49	42
11656	HUMAN23940	Q9Y5I4	814	859	QTGPGPSGAQAAVTDSRNLTGQSGQNAGNLIILKNEAVSQNEPRQP	45	1149	1196	47
11657	HUMAN23940	Q9Y5I4	951	1007	PAIISIRQEPTNSQIDKSDFITFGKKEETKKKKKKKKGNKTQEKKEKGNSTTDNSDQ	56	1317	1379	62
11658	HUMAN23941	Q9Y5F3	782	818	HATGEIKMEAGSSLPPNSDRNKSQRLEGHDQVSDDYM	36	985	1109	124
11660	HUMAN23961	Q9Y5H4	902	931	TLTNAAGKRDGKAPAGGNGNKKKSGKKEKK	29	1253	1286	33
11661	HUMAN23963	Q9Y5H0	902	932	ATLTNAAGKRDGKAPAGGNGNKKKSGKKEKK	30	1204	1235	31
11662	HUMAN23964	Q9Y5G3	768	804	PEMAPPQDLLCDDPSMVVCASNEDHKIAYDPSLSSHQ	36	799	840	41
11663	HUMAN23965	Q9Y5G9	1	50	MHFILDPEDPGAPQASTEGKPKHRRLRGGVVMAAPPARPDHTRLLQICLL	49	0	51	51
11664	HUMAN23967	Q9Y5G8	782	845	EESCEKSEPLLMSDKVDANKEERRVQQAPPNTDWRFSQAQRPGTSGSQNGDDTGTWPNNQFDTE	63	874	943	69
11665	HUMAN23967	Q9Y5G8	901	931	ATLTNAAGKRDGKAPAGGNGNKKKSGKKEKK	30	1000	1084	84
11666	HUMAN23968	Q9Y5G1	773	807	ENAAPQDLLCDEASWFESNDNPEMPSNSGNLQKQA	34	806	844	38
11667	HUMAN23968	Q9Y5G1	900	929	TLTNAAGKRDGKAPAGGNGNKKKSGKKEKK	29	940	979	39
11668	HUMAN23969	Q9Y5G7	902	932	ATLTNAAGKRDGKAPAGGNGNKKKSGKKEKK	30	991	1022	31
11669	HUMAN23971	Q9UN71	769	801	EQLSSGQDILCGDSSGALFPLCNSSELTSHQQA	32	831	887	56
11670	HUMAN23971	Q9UN71	893	923	ATLTNAAGKRDGKAPAGGNGNKKKSGKKEKK	30	1015	1056	41
11671	HUMAN23972	Q9Y5G5	777	847	DMLISQEGCEKNDSLLTSVDFHEYKNEADHGQQAPPNTDWRFSQAQRPGTSGSQNGDDTGTWPNNQFDTEM	70	846	917	71
11672	HUMAN23972	Q9Y5G5	901	932	NATLTNAAGKRDGKAPAGGNGNKKKSGKKEKK	31	977	1009	32
11673	HUMAN23973	Q9Y5G0	768	802	QLSSGQDILCGDSSGALFPLCNSSESTSHPELQAP	34	1016	1063	47
11674	HUMAN23973	Q9Y5G0	893	923	ATLTNAAGKRDGKAPAGGNGNKKKSGKKEKK	30	1175	1231	56
11675	HUMAN23975	Q9Y5F9	771	808	VPLHSNEDMVCSVSPGALIPPHGGEDLTSHPETLTSQA	37	865	919	54
11676	HUMAN23975	Q9Y5F9	899	930	NATLTNAAGKRDGKAPAGGNGNKKKSGKKEKK	31	1028	1060	32
11677	HUMAN23976	Q9Y5H3	786	816	QESCEKNDPLSLLDDSKFPIEDTPLVPQAPP	30	987	1022	35
11678	HUMAN23976	Q9Y5H3	905	936	NATLTNAAGKRDGKAPAGGNGNKKKSGKKEKK	31	1110	1142	32
11679	HUMAN23980	Q9UN70	903	934	NATLTNAAGKRDGKAPAGGNGNKKKSGKKEKK	31	1005	1051	46
11680	HUMAN23981	Q9Y5F7	791	872	PSAPMAGEPVRPSCPPSDLLYGLEQAPPNTDWRFSQAQRPGTSGSQNGDDTGTWPNNQFDTEMLQAMILASASEAADGSSTL	81	827	964	137
11681	HUMAN23981	Q9Y5F7	908	938	ATLTNAAGKRDGKAPAGGNGNKKKSGKKEKK	30	1005	1061	56
11682	HUMAN23982	Q9Y5F6	795	884	VQQPTALALEPDAIRSRSNTLRERSQQAPPNTDWRFSQAQRPGTSGSQNGDDTGTWPNNQFDTEMLQAMILASASEAADGSSTLGGGAGT	89	848	980	132
11683	HUMAN23982	Q9Y5F6	915	944	TLTNAAGKRDGKAPAGGNGNKKKSGKKEKK	29	1010	1064	54
11688	HUMAN23987	Q86WN1	414	467	AQDEVEQERRLSEARLSQRDLSPTAEDAELSDFEECEETGELFEEPAPQALATR	53	549	610	61
11691	HUMAN23990	Q08174	1	52	MDSGAGGRRCPEAALLILGPPRMEHLRHSPGPGGQRLLLPSMLLALLLLLAP	51	4	79	75
11692	HUMAN23990	Q08174	880	934	REAKSGYQAGKKETKDLYAPKPSGKASKGNKSKGKKSKSPKPVKPVEDEDEAGLQ	54	972	1034	62
11693	HUMAN23993	Q14154	136	224	CSSLRQHILPSPDGPAPRHTGLREPRLGQEEASAQPRNFSHNSLRGARPQDPSEEGPGDFGFLHASSSIESEAKPAQPQPTGEKEQDKS	88	261	405	144
11694	HUMAN23993	Q14154	1	66	MWRLPGLLGRALPRTLGPSLWRVTPKSTSPDGPQTTSSTLLVPVPNLDRSGPHGPGTSGGPRSHGW	65	90	181	91
11695	HUMAN23994	Q9NPG4	1124	1184	RSSMPVEAASEALRRLSVCGRTLSLDLATSAASGMKVQGDPGGKTGTEGKSRGSSSSSRCL	60	1461	1549	88
11696	HUMAN23994	Q9NPG4	741	773	RTEKKDNRAYNCREAESTYRQQPKRPQKHIQKA	32	871	915	44
11698	HUMAN23995	Q9UBS8	149	184	GSQKKVQRRTAQASPNTELDFGGAAGSDVDQEEIVD	35	700	775	75
11702	HUMAN24005	P04150	378	415	LGTLNFPGRTVFSNGYSSPSMRPDVSSPPSSSSTATTG	37	497	553	56
11703	HUMAN24007	Q969M3	1	34	MSGFENLNTDFYQTSYSIDDQSQQSYDYGGSGGP	33	65	220	155
11704	HUMAN24008	Q68DU8	284	387	SPSHCDCCCKNGKGDKEGESGTSCNDLSTSSCDSQSEASSPQETVICGPVTRQTNIQTLDRPIKKGPVQLIQQSEMRRKSDLLRTLTSGSRESNMSSKKKAVKE	103	320	448	128
11705	HUMAN24010	A6NFK2	1	111	MEDPEKKLNQKSDGKPRKVRFKISSSYSGRVLKQVFEDGQELESPKEEYPHSFLQESLETMDGVYGSGEVPRPQMCSPKLTAQRISVFREGNAYTLAGGQPRFNDYKANDH	110	8	156	148
11706	HUMAN24011	Q8TEC5	77	121	RSGQSSGRGGSFRRPGTMTLQDGRKSRTNPRRLQASPFRLVPNVR	44	101	155	54
11707	HUMAN24012	A1L4L8	1	44	MNWFGSNFFRCPEDLSLLNIYSPLLSHMSSEDEHFISNLRGHVP	43	0	65	65
11708	HUMAN24013	Q9P2J5	118	153	PDEEEEEEETSVKTEDIIIKDKAKGKKSKAAAKAGS	35	517	626	109
11710	HUMAN24016	O14776	463	522	LKEKEKLEEKIKEPIKEPSEEPLPMETEEEDPKEEPIKEIKEEPKEEEMTEEEKAAQKAK	59	1244	1422	178
11712	HUMAN24017	Q8TDV0	328	381	KPPTVSESQETPAGNSEGLPDKVPSPESPASIPEKEKPSSPSSGKGKTEKAEIP	53	347	443	96
11714	HUMAN24026	Q96AA8	1	61	MSKKGRNKGEKPEALIVALQAANEDLRTKLTDIQIELHQEKSKVSKLEREKTQEAKRIREL	60	8	69	61
11715	HUMAN24026	Q96AA8	542	619	WVEDKQLFIKRNQELLEKIEKQEAENHRLQQELQDARDQNELLEFRNLELEERERRSPPFNLQIHPFSDGVSALQIYC	77	586	668	82
11716	HUMAN24030	Q9NQ38	676	706	NEERKRKEEEDQRNAAGHGSSGGGGGNTQDE	30	1058	1122	64
11719	HUMAN24043	P07550	348	413	KAYGNGYSSNGNTGEQSGYHVEQEKENKLLCEDLPGTEDFVGHQGTVPSDNIDSQGRNCSTNDSLL	65	439	532	93
11721	HUMAN24048	Q8TED9	317	417	PVGGAEGVEVPRSPVLLCKLDLDKRLSQEKQTSDSDSVGVGDNCSTLGRRETCDHGKGKKSSLAELKGSMSRAAGRKITRIIGFSKKKTLADDLQTSSTEE	100	471	588	117
11723	HUMAN24048	Q8TED9	67	204	SFVESLFEEFDCDLSDLRDMPEDDGEPSKGASPELAKSPRLRNAADLPPPLPNKPPPEDYYEEALPLGPGKSPEYISSHNGCSPSHSIVDGYYEDADSSYPATRVNGELKSSYNDSDAMSSSYESYDEEEEEGKSPQP	137	140	354	214
11724	HUMAN24050	Q8TAA5	1	55	MAVRSLWAGRLRVQRLLAWSAAWESKGWPLPFSTATQRTAGEDCRSEDPPDELGP	54	59	201	142
11725	HUMAN24053	Q9UHF5	1	49	MDWPHNLLFLLTISIFLGLGQPRSPKSKRKGQGRPGPLAPGPHQVPLDL	48	64	130	66
11727	HUMAN24060	P16499	821	860	KVQEEKKQKQQSAKSAAAGNQPGGNPSPGGATTSKSCCIQ	39	859	932	73
11728	HUMAN24061	P50443	1	63	MSSESKEQHNVSPRDSAEGNDSYPSGIHLELQRESSTDFKQFETNDQCRPYHRILIERQEKSD	62	93	175	82
11729	HUMAN24064	P07333	686	746	SLSPGQDPEGGVDYKNIHLEKKYVRRDSGFSSQGVDTYVEMRPVSTSSNDSFSEQDLDKED	60	858	984	126
11730	HUMAN24064	P07333	927	961	PSSSRSGGSGSSSSELEEESSSEHLTCCEQGDIAQ	34	1184	1247	63
11731	HUMAN24066	P09619	705	793	SDKRRPPSAELYSNALPVGLPLPSHVSLTGESDGGYMDMSKDESVDYVPMLDMKGDVKYADIESSNYMAPYDNYVPSAPERTCRATLIN	88	849	951	102
11732	HUMAN24066	P09619	967	1106	KKKYQQVDEEFLRSDHPAILRSQARLPGFHGLRSPLDTSSVLYTAVQPNEGDNDYIIPLPDPKPEVADEGPLEGSPSLASSTLNEVNTSSTISCDSPLEPQDEPEPEPQLELQVEPEPELEQLPDSGCPAPRAEAEDSFL	139	1152	1365	213
11733	HUMAN24067	P47902	205	265	RRAKERKVNKKKQQQQQPPQPPMAHDITATPAGPSLGGLCPSNTSLLATSSPMPVKEEFLP	60	305	405	100
11734	HUMAN24070	Q5FYB1	529	569	EEEEEGRARSFSRGRRKKKCKICKLRSFFRKLNTRLMSQRI	40	863	917	54
11739	HUMAN24099	A6NI79	1	53	MGCRHSRLSSCKPPKKKRQEPEPEQPPRPEPHELGPLNGDTAITVQLCASEEA	52	50	121	71
11740	HUMAN24099	A6NI79	256	296	QLRRQLQQEKEELLYRVLGANASPAFPLAPVTPTEVSFLAT	40	374	435	61
11741	HUMAN24103	Q495N2	1	40	MSLLGRDYNSELNSLDNGPQSPSESSSSITSENVHPAGEA	39	155	389	234
11742	HUMAN24104	Q495M3	1	51	MSVTKSTEGPQGAVAIKLDLMSPPESAKKLENKDSTFLDESPSESAGLKKT	50	120	369	249
11744	HUMAN24109	P09486	2	65	RAWIFFLLCLAGRALAAPQQEALPDETEVVEETVAEVTEVSVGANPVQVEVGEFDDGAEETEEE	63	171	393	222
11746	HUMAN24111	Q13283	416	466	RAAREGDRRDNRLRGPGGPRGGLGGGMRGPPRGGMVQKPGFGVGRGLAPRQ	50	1061	1283	222
11747	HUMAN24113	P23415	1	34	MYSFNTLRLYLWETIVFFSLAASKEAEAARSAPK	33	7	84	77
11748	HUMAN24113	P23415	344	408	RFRRKRRHHKSPMLNLFQEDEAGEGRFNFSAYGMGPACLQAKDGISVKGANNSNTTNPPPAPSKS	64	442	527	85
11749	HUMAN24114	Q9GZQ4	350	415	HSQHDPQLPPAQRNIFLTECHFVELTEDIGPQFPCQSSMHNSHLPAALSSEQMSRTNYQSFHFNKT	65	604	723	119
11751	HUMAN24117	P55082	265	309	DDLGERIKERPALNAQGGIYVINPEMGRSNSPGGDSDDGSLNEQG	44	270	316	46
11752	HUMAN24117	P55082	322	362	SETKSIDTESQGSSHFSPPDDIGSAESNCNYKDGAYENCQL	40	328	372	44
11754	HUMAN24119	Q9HAJ7	1	106	MNGFSTEEDSREGPPAAPAAAAPGYGQSCCLIEDGERCVRPAGNASFSKRVQKSISQKKLKLDIDKSVRHLYICDFHKNFIQSVRNKRKRKTSDDGGDSPEHDTDI	105	62	219	157
11755	HUMAN24120	O96004	155	201	QSGDPEAFKAELKKADGGRESKRKRELQQHEGFPPALGPVEKRIKGR	46	208	260	52
11756	HUMAN24120	O96004	1	104	MNLVGSYAHHHHHHHPHPAHPMLHEPFLFGPASRCHQERPYFQSWLLSPADAAPDFPAGGPPPAAAAAATAYGPDARPGQSPGRLEALGGRLGRRKGSGPKKER	103	3	158	155
11757	HUMAN24131	Q8TEQ6	1299	1349	SSVWVRAGHRTLSVEPSQQLDTASTEETDPETSQPEPNRPSELDLRLTEEG	50	2243	2343	100
11758	HUMAN24131	Q8TEQ6	1390	1427	KSQLCKSTANGPDKNEPEVEAEQPLCSSQSQCKEEKNE	37	2424	2522	98
11759	HUMAN24131	Q8TEQ6	822	881	NKVILLKKEPPKEKPETLIKKRKARSLLPLSTSLDHRSKEELHQDCLVLATAKHSRELNE	59	1405	1539	134
11764	HUMAN24140	Q8TDQ0	136	231	PAPTRQRDFTAAFPRMLTTRGHGPAETQTLGSLPDINLTQISTLANELRDSRLANDLRDSGATIRIGIYIGAGICAGLALALIFGALIFKWYSHSK	95	188	311	123
11765	HUMAN24141	O43513	173	213	DDLPHSEAGMRVKTEPMDADDSNNCTGQNEHQRENSGHRRD	40	500	574	74
11767	HUMAN24146	Q8TBE3	144	224	RWSYRAGHMEEANGLVRWPEEAPDLGQREEDLQGLPLVEMPRKNSRDGAELDPEANQDAPDAGALQRGGGDPPAILPHCGE	80	182	304	122
11769	HUMAN24148	Q0D2K0	1	54	MPGDSSPGTLPLWDASLSPPLGPDPGGFSRASHAGDKSRPPAPELGSPGAVRPR	53	3	97	94
11770	HUMAN24148	Q0D2K0	419	456	HMHKNPPPSPAPEPTVIRLEDKNVLVDNIELASTSSPE	37	649	732	83
11771	HUMAN24150	A6NGY3	1	54	MTQPTRPSVTCDQGSSTIGGTAAQATTSSSATSGSNYQRDRLGRRPEIGVGGQP	53	21	80	59
11772	HUMAN24153	P83369	1	36	MEERERGARSAGAGSPARPPSPRLDVSSDSFDPLLA	35	29	96	67
11773	HUMAN24153	P83369	211	334	GKAYERDSSLTLTRLFDRLKLQDSSKKEADSKSAVEDSTLSRYSQTSTWKLASVWGRADTGRGSHKRSRSVPSSLQASAREESRSELSGRTTRTDGSSVGGTFSRATTLSRGQSRKKKRKPKVD	123	304	438	134
11774	HUMAN24153	P83369	66	147	GVRGGGRGRGRARGAAAGSGVPAAPGPSGRTRRRPDAPAPDPERIQRLRRLMVAKEEGDGAAGAGRRGPGRSRKAPRNVLTR	81	127	241	114
11776	HUMAN24161	P35368	1	39	MNPDLDTGHNTSAPAHWGELKNANFTGPNQTSSNSTLPQ	38	84	143	59
11777	HUMAN24161	P35368	238	285	EAGVMKEMSNSKELTLRIHSKNFHEDTLSSTKAKGHNPRSSIAVKLFK	47	341	398	57
11778	HUMAN24161	P35368	369	520	GRGRRRRRRRRRLGGCAYTYRPWTRGGSLERSQSRKDSLDDSGSCLSGSQRTLPSASPSPGYLGRGAPPPVELCAFPEWKAPGALLSLPAPEPPGRRGRHDSGPLFTFKLLTEPESPGTDGGASNGGCEAAADVANGQPGFKSNMPLAPGQF	151	491	712	221
11781	HUMAN24173	O95391	1	57	MSATVVDAVNAAPLSGSKEMSLEEPKKMTREDWRKKKELEEQRKLGNAPAEVDEEGK	56	92	230	138
11782	HUMAN24173	O95391	200	257	LQEELASGKLVEQANSPKHQWGEEEPNSQMEKDHNSEDEDEDKYADDIDMPGQNFDSK	57	482	718	236
11784	HUMAN24174	O95997	1	110	MATLIYVDKENGEPGTRVVAKDGLKLGSGPSIKALDGRSQVSTPRFGKTFDAPPALPKATRKALGTVNRATEKSVKTKGPLKQKQPSFSAKKMTEKTVKAKSSVPASDDA	109	0	118	118
11787	HUMAN24177	P47870	334	475	GPQRQKKAAEKAASANNEKMRLDVNKIFYKDIKQNGTQYRSLWDPTGNLSPTRRTTNYDFSLYTMDPHENILLSTLEIKNEMATSEAVMGLGDPRSTMLAYDASSIQYRKAGLPRHSFGRNALERHVAQKKSRLRRRASQLK	141	403	562	159
11789	HUMAN24184	P18507	1	51	MSSPNIWSTGSSVYSTPVFSQKMTVWILLLLSLYPGFTSQKSDDDYEDYAS	50	49	113	64
11792	HUMAN24194	A6NHQ2	1	94	MKSAASSRGGGGGGRGGGGWGSWGGGRGGGGGAGKGGGGDGGGQGGKGGFGARARGFGGGGRGRGRGGGDGKDRGGGGQRRGGVAKSKSRRRKG	93	8	163	155
11796	HUMAN24201	A6NMK8	482	535	QEGRFHEVLQSLEEAEPVEEASPPPKSPAEPPAPEKQDLRRKTKKVKKKCFWWI	53	540	655	115
11797	HUMAN24202	Q12951	210	336	GNFRRKRKRKSDVSSSTASLALEKTESSLPVDSPKTTEPQDILDGASPGGTTSSPEKRPSPPPSGAPCLNSFLSSMTAYVSGGSPTSHPLVTPGLSPEPSDKTGQNSLTFNSFSPLTNLSNHSGGGD	126	229	376	147
11798	HUMAN24203	C9J3I9	68	102	HPIKTENLAEAERNNPLFEESKISDVSLVSNSFSI	34	67	102	35
11800	HUMAN24209	Q16558	1	36	MVKKLVMAQKRGETRALCLGVTMVVCAVITYYILVT	35	28	67	39
11801	HUMAN24211	O00591	1	34	MNYSLHLAFVCLSLFTERMCIQGSQFNVEVGRSD	33	8	52	44
11802	HUMAN24211	O00591	338	390	KDRGTTKEVEEVSITNIINSSISSFKRKISFASIEISSDNVDYSDLTMKTSDK	52	378	476	98
11803	HUMAN24215	O43711	1	171	MEAPASAQTPHPHEPISFGIDQILNSPDQDSAPAPRGPDGASYLGGPPGGRPGATYPSLPASFAGLGAPFEDAGSYSVNLSLAPAGVIRVPAHRPLPGAVPPPLPSALPAMPSVPTVSSLGGLNFPWMESSRRFVKDRFTAAAALTPFTVTRRIGHPYQNRTPPKRKKPRT	170	47	282	235
11804	HUMAN24215	O43711	219	262	TKWRRQTAEEREAERQQASRLMLQLQHDAFQKSLNDSIQPDPLC	43	329	375	46
11806	HUMAN24217	O76093	1	49	MYSAPSACTCLCLHFLLLCFQVQVLVAEENVDFRIHVENQTRARDDVSR	48	9	85	76
11807	HUMAN24218	A6NLE4	1	32	MATQQVDSRRQVAAEQVAAQLLERRRGSHCDD	31	7	40	33
11808	HUMAN24219	Q9UKB1	1	67	MEPDSVIEDKTIELMCSVPRSLWLGCANLVESMCALSCLQSMPSVRCLQISNGTSSVIVSRKRPSEG	66	53	247	194
11811	HUMAN24226	Q8WUN7	1	34	MGGCVGAQHDSSGSLNENSEGTGVALGRNQPLKK	33	35	76	41
11812	HUMAN24229	A1X283	282	364	PLPPKPGPGSPSHPGALDLDGVSRQQNAVGREKELLSSQRDGRFEGRPVPDGDAKQRSPKMRQRPPPRRDMTIPRGLNLPKPP	82	366	457	91
11814	HUMAN24230	A8MQ27	1	32	MGNTVHRTLPDPSPPARLLATRPCCGPGPERR	31	7	150	143
11815	HUMAN24230	A8MQ27	435	494	LQSSPATTTPSGSLSGSQDDSDSDMTFSVNQSSSASESSLVTAPSSPLSPPVSPVFSPPE	59	699	856	157
11816	HUMAN24231	P28562	315	367	PHCSAEAGSPAMAVLDRGTSTTTVFNFPVSIPVHSTNSALSYLQSPITTSPSC	52	444	525	81
11818	HUMAN24243	P52952	1	143	MFPSPALTPTPFSVKDILNLEQQQRSLAAAGELSARLEATLAPSSCMLAAFKPEAYAGPEAAAPGLPELRAELGRAPSPAKCASAFPAAPAFYPRAYSDPDPAKDPRAEKKELCALQKAVELEKTEADNAERPRARRRRKPRV	142	2	217	215
11819	HUMAN24246	O76061	1	47	MCAERLGQFMTLALVLATFDPARGTDATNPPEGPQDRSSQQKGRLSL	46	39	90	51
11820	HUMAN24246	O76061	213	302	SAIQKPPTAPPERQPQVDRTKLSRAHHGEAGHHLPEPSSRETGRGAKGERGSKSHPNAHARGRVGGLGAQGPSGSSEWEDEQSEYSDIRR	89	255	352	97
11821	HUMAN24247	Q96IK1	1	43	MADGGGGGGTGAVGGGGTSQASAGAATGATGASGGGGPINPAS	42	127	180	53
11823	HUMAN24249	Q569G3	36	115	GAQGLWGQGPGAGCRQEKPREAMAVAGVQGGSELPLGSQLRVPTTPGVEAAASASSQLRASRVQSGTRQSARAGLIQKDA	79	71	160	89
11824	HUMAN24250	Q9Y328	141	171	VAKQSTARAIGPWLSAAAVIHEPKPPKTQGH	30	172	214	42
11825	HUMAN24250	Q9Y328	1	30	MVKLNSNPSEKGTKPPSVEDGFQTVPLITP	29	19	49	30
11826	HUMAN24253	P35548	1	145	MASPSKGNDLFSPDEEGPAVVAGPGPGPGGAEGAAEERRVKVSSLPFSVEALMSDKKPPKEASPLPAESASAGATLRPLLLSGHGAREAHSPGPLVKPFETASVKSENSEDGAAWMQEPGRYSPPPRHMSPTTCTLRKHKTNRKP	144	31	207	176
11827	HUMAN24254	P21728	233	263	RAAVHAKNCQTTTGNGKPVECSQPESSFKMS	30	301	335	34
11828	HUMAN24254	P21728	367	446	GAAMFSSHHEPRGSISKECNLVYLIPHAVGSSEDLKKEEAAGIARPLEKLSPALSVILDYDTDVSLEKIQPITQNGQHPT	79	444	531	87
11829	HUMAN24257	Q6PUV4	1	134	MDFVMKQALGGATKDMGKMLGGEEEKDPDAQKKEEERQEALRQQEEERKAKHARMEAEREKVRQQIRDKYGLKKKEEKEAEEKAALEQPCEGSLTRPKKAIPAGCGDEEEEEEESILDTVLKYLPGPLQDMFKK	133	0	196	196
11831	HUMAN24266	Q8N8L6	37	73	ERRWDRGEAWWGAEAARLPEWDEWDPEDEEDEEPALE	36	112	158	46
11832	HUMAN24269	Q9Y3C1	1	33	MPKAKGKTRRQKFGYSVNRKRLNRNARRKAAPR	32	2	51	49
11833	HUMAN24269	Q9Y3C1	49	108	VRQNLAEMGLAVDPNRAVPLRKRKVKAMEVDIEERPKELVRKPYVLNDLEAEASLPEKKG	59	66	217	151
11834	HUMAN24272	Q9BW72	1	32	MATPGPVIPEVPFEPSKPPVIEGLSPTVYRNP	31	16	66	50
11835	HUMAN24273	P09497	152	188	INNRIADKAFYQQPDADIIGYVASEEAFVKESKEETP	36	332	406	74
11836	HUMAN24275	Q96CS3	307	358	KERKKREERERKRRKEEEVQQQKLAEERRRQNLQEEKERKLECLPPEPSPDD	51	810	926	116
11838	HUMAN24278	Q9BYE9	1228	1276	KDLGLEYLSPSNDLDSVSVNSLDDNSVDVDKNSQEIKEHRPPHTPPEPD	48	1668	1732	64
11840	HUMAN24281	Q16143	1	134	MDVFMKGLSMAKEGVVAAAEKTKQGVTEAAEKTKEGVLYVGSKTREGVVQGVASVAEKTKEQASHLGGAVFSGAGNIAAATGLVKREEFPTDLKPEEVAQEAAEEPLIEPLMEPEGESYEDPPQEEYQEYEPEA	133	0	197	197
11841	HUMAN24282	A6NMX2	1	58	MLAVEVSEAEGGIREWEEEEKEEEAAERTPTGEKSPNSPRTLLSLRGKARTGGPMEVK	57	17	193	176
11842	HUMAN24285	Q6ZN44	357	427	KADNPHLLTIQPDLSTTTTTYQGSLCPRQDGPSPKFQLTNGHLLSPLGGGRHTLHHSSPTSEAEEFVSRLS	70	645	777	132
11843	HUMAN24291	Q9UL40	1	35	MEYPAPATVQAADGGAAGPYSSSELLEGQEPDGVR	34	12	49	37
11844	HUMAN24292	P22455	1	40	MRLLLALLGVLLSVPGPPVLSLEASEEVELEPCLAPSLEQ	39	114	277	163
11845	HUMAN24292	P22455	395	443	LHGRHPRPPATVQKLSRFPLARQFSLESGSSGKSSSSLVRGVRLSSSGP	48	1173	1240	67
11846	HUMAN24292	P22455	756	802	DLRLTFGPYSPSGGDASSTCSSSDSVFSHDPLPLGSSSFPFGSGVQT	46	1651	1706	55
11847	HUMAN24294	Q96L73	1821	1861	SSKDKMGKGVDGTYKKALQEAAARFEELKAQKELRQLQEDR	40	1956	1997	41
11852	HUMAN24303	O43566	191	299	RPLREPGSSRLGSPDATRKKPKLKPGKSLPLGVEELGQLPPVEGPGGRPLRKSFRRELGGTANAALRRESQGSLNSSASLDLGFLAFVSSKSESHRKSLGSTEGESESR	108	201	401	200
11853	HUMAN24303	O43566	22	57	GELSSTTGPQGQGEGRGSSLSIHSLPSGPSSPFPTE	35	26	64	38
11854	HUMAN24304	Q06495	604	639	EPRSPPLPPRVFLEELPPATPSPRLALPAHHNATRL	35	1131	1238	107
11855	HUMAN24306	P00748	1	34	MRALLLLGFLLVSLESTLSIPPWEAPKEHKYKAE	33	12	47	35
11856	HUMAN24306	P00748	297	366	TPTQAAPPTPVSPRLHVPLMPAQPAPPKPQPTTRTPPQSQTPGALPAKREQPPSLTRNGPLSCGQRLRKS	69	367	452	85
11859	HUMAN24327	Q9UBV7	1	82	MFPSRRKAAQLPWEDGRSGLLSGGLPRKCSVFHLFVACLSLGFFSLLWLQLSCSGDVARAVRGQGQETSGPPRACPPEPPPE	81	56	208	152
11860	HUMAN24331	O75360	182	226	GGAFALSHQSEDWYPTLHPAPAGHLPCPPPPPMLPLSLEPSKSWN	44	231	284	53
11861	HUMAN24331	O75360	1	73	MEAERRRQAEKPKKGRVGSNLLPERHPATGTPTTTVDSSAPPCRRLPGAGGGRSRFSPQGGQRGRPHSRRRHR	72	43	119	76
11863	HUMAN24334	O15049	511	544	YMDMYRRNQALEQELRALREPPTPWSPRLESSKI	33	758	928	170
11864	HUMAN24340	Q99729	236	271	QQQQYGSGGRGNRNRGNRGSGGGGGGGGQSQSWNQG	35	426	547	121
11865	HUMAN24340	Q99729	286	332	YGPGYGGYDYSPYGYYGYGPGYDYSQGSTNYGKSQRRGGHQNNYKPY	46	574	708	134
11868	HUMAN24348	O60765	67	213	QQGEDPWEVEKDGSGVSSLGSKSSHKTTKSTQTQDSSFQGLILKRSNRNVPWDLKLEKPYIYEGRLEKKQDKKGSFQIVSATHKKIPTIERSHKNTELSQNFSPKSVLIRQQILPREKTPPKCEIQGNSLKQNSQLLNQPKITADKR	146	96	250	154
11869	HUMAN24350	Q96LW1	67	213	QQGEDPWEVEKDSSGVSSLGCKSTPKMTKSTQTQDSFQEQIRKRLKRDEPWNFISERSCIYEEKLKKQQDKNENLQIISVAHTKILTVDRSHKNVEFGQNFYLKSVFIKQQRFAKEKTPSKCEIQRNSFKQNSNLLNQSKIKTAEKR	146	151	300	149
11870	HUMAN24354	B4DU55	68	202	QGEDPWMVESGVPQGAHLGWESLFGTIVSKEENQEVMKKLIIDGTFDFKLEKTYINEDKLEKQQGKKNRLFSKVLVTIKKVYMKERSFKGVEFGKNLGLKSSLIRKPRIVSRGRRPRSQQYSVLFKQLGVNTVRK	134	147	297	150
11871	HUMAN24356	Q86Y25	66	205	QGEDPCMVEREVPSDTRLGFKTWLETEALPHRQDIFIEETSQGMVKKESIKDGHWDINFEEAVEFESEIEEEQEKKPLRQMIDSHEKTISEDGNHTSLELGKSLFTNTALVTQQSVPIERIPNMYYTFGKDFKQNFDLMK	139	185	423	238
11872	HUMAN24357	O95450	1005	1069	ADDSFGICQEERPETARTCRLGPCPRNISDPSKKSYVVQWLSRPDPDSPIRKISSKGHCQGDKSI	64	1428	1535	107
11874	HUMAN24357	O95450	1	52	MDPPAGAARRLLCPALLLLLLLLPPPLLPPPPPPANARLAAAADPPGGPLGH	51	18	116	98
11875	HUMAN24357	O95450	217	263	TSPPLGGPQALDTGASLDSLDSLSRALGVLEEHANSSRRRARRHAAD	46	345	407	62
11876	HUMAN24359	Q96T51	1	106	MADREGGCAAGRGRELEPELEPGPGPGSALEPGEEFEIVDRSQLPGPGDLRSATRPRAAEGWSAPILTLARRATGNLSASCGSALRAAAGLGGGDSGDGTARAASK	105	44	227	183
11877	HUMAN24359	Q96T51	599	635	LQKICEEQEQALQEMGLHLSQSKLKMEDIKEVNQALK	36	757	798	41
11878	HUMAN24366	A6NI87	1	53	MWASRDHLPEPDLGDAAPPGSPSSFWTSGLPRQERSTSRQRSRGSPSSTCVPY	52	12	72	60
11879	HUMAN24366	A6NI87	202	242	KQRNPEVIPTAAARAGQRKMRKRAGASAGVLMIQPCALDSQ	40	225	267	42
11880	HUMAN24367	P27824	1	55	MEGKWLLCMLLVLGTAIVEAHDGHDDDVIDIEDDLDDVIEEVEDSKPDTTAPPSS	54	78	165	87
11881	HUMAN24367	P27824	504	592	SGKKQTSGMEYKKTDAPQPDVKEEEEEKEEEKDKGDEEEEGEEKLEEKQKSDAEEDGGTVSQEEEDRKPKAEEDEILNRSPRNRKPRRE	88	688	854	166
11885	HUMAN24381	Q66K14	1067	1191	KFSARTGRKPRDCATEEDEPPAPELHQDAARELQPPAAGDPQAKAGGDTHLGKAPQESQVVVEGGSGEGQGSPSQLLSDDETKDDMSMSSYSVVSTGSLQCEDLADDTVLVGGEACSPTARIGGT	124	1466	1677	211
11886	HUMAN24381	Q66K14	399	472	SKQPGSIGSRKASVVDPSTESSPAPQEGSEQPASPASPLSSRQSFCAQEAPTASQGLLKLFQKNSPMEDLGAKG	73	582	683	101
11887	HUMAN24381	Q66K14	944	993	AHYFTEDSSSEASPLASDLDLFLPWEAQEALPQEEQEGSGSEERGEEKGT	49	1256	1384	128
11888	HUMAN24385	P45984	366	424	RSKNGVVKDQPSDAAVSSNATPSQSSSINDISSMSTEQTLASDTDSSLDASTGPLEGCR	58	487	558	71
11889	HUMAN24391	P35916	1177	1328	GLQEEEEVCMAPRSSQSSEEGSFSQVSTMALHIAQADAEDSPPSLQRHSLAARYYNWVSFPGCLARGAETRGSSRMKTFEEFPMTPTTYKGSVDNQTDSGMVLASEEFEQIESRHRQESGFSCKGPGQNVAVTRAHPDSQGRRRRPERGARG	151	1480	1655	175
11890	HUMAN24391	P35916	952	1004	KSPEQRGRFRAMVELARLDRRRPGSSDRVLFARFSKTEGGARRASPDQEAEDL	52	1211	1279	68
11893	HUMAN24402	Q8WV44	116	169	SWDNMDYVWEEEDEEEDLDYYLGDMEEEDLRGEDEEDEEEVLEEVEEEDLDPVT	53	153	222	69
11894	HUMAN24402	Q8WV44	52	92	DEEDRDELDREEEEEDGEEEEVEAVGAGAGWDTPMRDEDYE	40	61	125	64
11895	HUMAN24409	Q96A61	52	176	DEEDQNEEEDEWEEEEDEEAVGAMDGWDGSIREVLYRGNADEELFQDQDDDELWLGDSGITNWDNVDYMWDEEEEEEEEDQDYYLGGLRPDLRIDVYREEEILEAYDEDEDEELYPDIHPPPSLP	124	51	233	182
11896	HUMAN24413	Q15306	133	191	KKGAKQLTLEDPQMSMSHPYTMTTPYPSLPAQQVHNYMMPPLDRSWRDYVPDQPHPEIP	58	251	381	130
11897	HUMAN24414	Q96KP1	398	439	GNPGLHSPMLDLDNDTRPSVLGHLSQTASLKRGSSFQSGRDD	41	1209	1330	121
11898	HUMAN24416	Q9C009	1	119	MKLEVFVPRAAHGDKQGSDLEGAGGSDAPSPLSAAGDDSLGSDGDCAANSPAAGGGARDTQGDGEQSAGGGPGAEEAIPAAAAAAVVAEGAEAGAAGPGAGGAGSGEGARSKPYTRRPK	118	0	142	142
11900	HUMAN24417	Q12947	187	219	GSFRRRPRGFRRKCQALKPMYHRVVSGLGFGAS	32	320	353	33
11901	HUMAN24417	Q12947	1	98	MTTEGGPPPAPLRRACSPVPGALQAALMSPPPAAAAAAAAAPETTSSSSSSSSASCASSSSSSNSASAPSAACKSAGGGGAGAGSGGAKKASSGLRRP	97	67	231	164
11902	HUMAN24417	Q12947	242	408	GYGGLDMMPAGYDAGAGAPSHAHPHHHHHHHVPHMSPNPGSTYMASCPVPAGPGGVGAAGGGGGGDYGPDSSSSPVPSSPAMASAIECHSPYTSPAAHWSSPGASPYLKQPPALTPSSNPAASAGLHSSMSSYSLEQSYLHQNAREDLSVGLPRYQHHSTPVCDRKD	166	376	583	207
11904	HUMAN24418	Q12948	1	31	MQARYSVSSPNSLGVVPYLGGEQSYYRAAAA	30	1	32	31
11905	HUMAN24420	Q86YV6	1	83	MLKVKRLEEFNTCYNSNQLEKMAFFQCREEVEKVKCFLEKNSGDQDSRSGHNEAKEVWSNADLTERMPVKSKRTSALAVDIPA	82	110	276	166
11907	HUMAN24429	Q86WA6	1	38	MVAVLGGRGVLRLRLLLSALKPGIHVPRAGPAAAFGTS	37	28	167	139
11908	HUMAN24446	Q9Y247	65	157	VGLVTLNDMKARQEALVRERERQLAKRQHLEEQRLQQERQREQEQRRERKRKISCLSFALDDLDDQADAAEARRAGNLGKNPDVDTSFLPDRD	92	78	229	151
11912	HUMAN24455	Q9Y232	1	57	MTFQASHRSAWGKSRKKNWQYEGPTQKLFLKRNNVSAPDGPSDPSISVSSEQSGAQQ	56	0	109	109
11913	HUMAN24458	B7ZBB8	1	127	MEPIGARLSLEAPGPAPFREAPPAEELPAPVVPCVQGGGDGGGASETPSPDAQLGDRPLSPKEEAAPQEQEELLECRRRCRARSFSLPADPILQAAKFLQQQQQQAVALGGEGAEDAQLGPGGCCAK	126	0	154	154
11915	HUMAN24474	Q8TC20	550	634	QVARSEEQNYVPKFETAQLKDQLEEVLKSDITKDTKTTHSNLLPDCSPCEERLNPADIKRASQLASKMHSLLALMVGLLTCQDII	84	697	806	109
11918	HUMAN24476	P15924	630	660	PQHQTVTTTEITHHGTCQDVNHNKVIETNRE	30	719	825	106
11920	HUMAN24478	P22004	26	65	PLRPPLPAAAAAAAGGQLLGDGGSPGRTEQPPPSPQSSSG	39	34	94	60
11921	HUMAN24478	P22004	373	406	TRSASSRRRQQSRNRSTQSQDVARVSSASDYNSS	33	454	660	206
11922	HUMAN24478	P22004	95	204	PLHGLQQPQPPALRQQEEQQQQQQLPRGEPPPGRLKSAPLFMLDLYNALSADNDEDGASEGERQQSWPHEAASSSQRRQPPPGAAHPLNRKSLLAPGSGSGGASPLTSAQ	109	125	268	143
11923	HUMAN24499	Q5T4I8	69	110	GKDCFSAHETPEHTAGTLVMPKETTPLAENQDEDPLEDPHLH	41	80	132	52
11925	HUMAN24510	O75603	160	231	PRPESKSETEARRSAIKRQMASFYQPQKKRIRESEAEENQDSSGHFSNIPPLENPEDFDIVTETSFPIPGQP	71	217	304	87
11927	HUMAN24512	Q9NXB9	260	296	KPMKKDMQEPPAGKEVKNGFSKAYFTAANGVMNKKAQ	36	374	433	59
11928	HUMAN24513	P0DJ93	46	91	GDTGSQEGDHEPSGSETEEDTSSSPHRIRSARQRRAPADEGHRPLT	45	59	110	51
11929	HUMAN24515	Q14511	560	699	GPGSLHLKNGPESIMNSTEYPHGGSQGQLLHPGDHKAQAHNKALPPGLSKEQAPDCSSSDGSERSWMDDYDYVHLQGKEEFERQQKELLEKENIMKQNKMQLEHHQLSQFQLLEQEITKPVENDISKWKPSQSLPTTNSG	139	1660	1891	231
11931	HUMAN24525	P05305	126	212	GKELRAEDIMEKDWNNHKKGKDCSKLGKKCIYQQLVRGRKIRRSSEEHLRQTRSETMRNSVKSSFHDPKLKGKPSRERYVTHNRAHW	86	135	236	101
11932	HUMAN24525	P05305	1	52	MDYLLMIFSLLFVACQGAPETAVLGAELSAVGENGGEKPTPSPPWRLRRSKR	51	0	60	60
11933	HUMAN24525	P05305	84	118	GLGSPRSKRALENLLPTKATDRENRCQCASQKDKK	34	91	128	37
11934	HUMAN24539	Q9UMY1	1	168	MVQLRPRASRAPASAEAMVDEGQLASEEEEAEHGLLLGQPSSGAAAEPLEEDEEGDDEFDDEAPEELTFASAQAEAREEERRVRETVRRDKTLLKEKRKRREELFIEQKKRKLLPDTILEKLTTASQTNIKKSPGKVKEVNLQKKNEDCEKGNDSKKVKVQKVQSVSQ	167	57	272	215
11935	HUMAN24540	Q96S59	1	159	MSGQPPPPPPQQQQQQQQLSPPPPAALAPVSGVVLPAPPAVSAGSSPAGSPGGGAGGEGLGAAAAALLLHPPPPPPPATAAPPPPPPPPPPPASAAAPASGPPAPPGLAAGPGPAGGAPTPALVAGSSAAAPFPHGDSALNEQEKELQRRLKRLYPAVD	158	0	243	243
11938	HUMAN24545	Q92833	1202	1246	GKNGSIENCLSKPTPKRGPRKRATVDVPPSRLSASSSSKSASSSS	44	1696	1793	97
11940	HUMAN24545	Q92833	719	805	LEKEVLMEKEILEKRKGPLEGHTENDHHKFHPLPRFEPKNGLIHGVAPRNGFRSKLKEVGQAQLKTGRRRLFAQEKEVVKEEEEDKG	86	1143	1264	121
11941	HUMAN24550	Q8WY64	335	370	VVDLVSRNNQSPSHSPLKSSESSMNCSSCEGLSCQQ	35	744	828	84
11943	HUMAN24552	P54253	691	789	KNGSVKKGQPVDPASVLLKHSKADGLAGSRHRYAEQENGINQGSAQMLSENGELKFPEKMGLPAAPFLTKIEPSKPAATRKRRWSAPESRKLEKSEDEP	98	867	999	132
11944	HUMAN24554	Q9BX46	203	236	AAAPGTAAAAAAAAAAAAAFGQYQPQQLQTDRMQ	33	308	358	50
11945	HUMAN24556	P40123	215	258	VASTVSAFSVLSSGPGLPPPPPPLPPPGPPPLFENEGKKEESSP	43	459	569	110
11946	HUMAN24556	P40123	285	320	KTYKNPSLRAQGGQTQSPTKSHTPSPTSPKSYPSQK	35	602	650	48
11947	HUMAN24557	Q9UBU6	182	238	AAGPDPRTAAGISTPAPVAGLGPRAPHVQASVRATPVTRVGSAAPSRSPSETGRQAG	56	250	324	74
11948	HUMAN24557	Q9UBU6	1	109	MAEGPEEARGHPPGQDDGGGDHEPVPSLRGPPTTAVPCPRDDPQAEPQAPGRPTAPGLAAAAAADKLEPPRELRKRGEAASGSGAELQEQAGCEAPEAAAPRERPARLS	108	17	144	127
11951	HUMAN24568	P47928	115	161	LRQPPPPAPPHHPAGTCPAAPPRTPLTALNTDPAGAVNKQGDSILCR	46	151	208	57
11952	HUMAN24568	P47928	1	60	MKAVSPVRPSGRKAPSGCGGGELALRCLAEHGHSLGGSAAAAAAAAAARCKAAEAAADEP	59	6	95	89
11954	HUMAN24570	O00716	355	418	TETHSPMKTNNQDHNGNIPKPASKDLASTNSGHSDCSVSMGNLSPLASPANLLQQTEDQIPSNL	63	600	801	201
11956	HUMAN24571	Q5VV42	499	545	TPSISKPLAKGEVSGLTKDFRNGLGNQLSSGSHTSAASQCDSASSRM	46	1601	1780	179
11958	HUMAN24574	Q5TGJ6	87	251	TVQASDCPLASEKGSGDGPWPEPEAAEGDEDKPTHAGGGGDELGKPDDDKPTEEEKGPLKRSAGDPPEDAPKRPKEAAPDQEEEAEAERAAEAERAAAAAAATAVDEESPFLVAVENGSAPSEPGLVCEPPQPEEEELREEEVADEEASQEWHAEAPGGGDRDSL	164	86	283	197
11959	HUMAN24579	Q9UBP8	1	84	MDDDAAPRVEGVPVAVHKHALHDGLRQVAGPGAAAAHLPRWPPPQLAASRREAPPLSQRPHRTQGAGSPPETNEKLTNPQVKEK	83	0	84	84
11961	HUMAN24582	P51649	1	50	MATCIWLRSCGARRLGSTFPGCRLRPRAGGLVPASGPAPGPAQLRCYAGR	49	238	335	97
11962	HUMAN24583	Q5VV43	160	265	YRELEKDLLQPSGKQEPRGSAEYTDWGLLPGSEGAFNSSVGDSPAVPAETQQDPELHYLNESASTPAPKLPERSVLLPLPTTPSSGEVLEKEKASQLQEQSSNSSG	105	519	745	226
11963	HUMAN24583	Q5VV43	984	1072	QKRTKIRKKTKYTILDNMDEQERMELRPKYGIKHRSTEHNSSLMVSESEFDSDQDTIFSREKMERGNPKVSMNGSIRNGASFSYCSKDR	88	1711	1858	147
11964	HUMAN24584	O95551	52	110	WEMERALNSYFEPPVEESALERRPETISEPKTYVDLTNEETTDSTTSKISPSEDTQQEN	58	230	380	150
11965	HUMAN24587	O75496	160	209	GEPLDNFESLDNQEFDSEEETVEDSLVEDSEIGTCAEGTVSSSTDAKPCI	49	249	321	72
11966	HUMAN24587	O75496	1	88	MNPSMKQKQEEIKENIKNSSVPRRTLKMIQPSASGSLVGRENELSAGLSKRKHRNDHLTSTTSSPGVIVPESSENKNLGGVTQESFDL	87	47	159	112
11967	HUMAN24589	Q9Y4F9	1	69	MLVGSQSFSPGGPNGIIRSQSFAGFSGLQERRSRCNSFIENSSALKKPQAKLKKMHNLGHKNNNPPKEP	68	176	332	156
11970	HUMAN24594	Q96A08	1	37	MPEVSSKGATISKKGFKKAVVKTQKKEGKKRKRTRKE	36	1	93	92
11971	HUMAN24601	Q02539	1	40	MSETVPPAPAASAAPEKPLAGKKAKKPAKAAAASKKKPAG	39	0	123	123
11973	HUMAN24607	P33778	1	35	MPEPSKSAPAPKKGSKKAITKAQKKDGKKRKRSRK	34	50	132	82
11974	HUMAN24609	P16403	1	36	MSETAPAAPAAAPPAEKAPVKKKAAKKAGGTPRKAS	35	116	213	97
11976	HUMAN24612	P22492	103	207	TGASGSFKLSKKVIPKSTRSKAKKSVSAKTKKLVLSRDSKSPKTAKTNKRAKKPRATTPKTVRSGRKAKGAKGKQQQKSPVKARASKSKLTQHHEVNVRKATSKK	104	105	235	130
11977	HUMAN24612	P22492	1	40	MSETVPAASASAGVAAMEKLPTKKRGRKPAGLISASRKVP	39	0	42	42
11978	HUMAN24613	P62807	1	35	MPEPAKSAPAPKKGSKKAVTKAQKKDGKKRKRSRK	34	38	160	122
11979	HUMAN24615	P10412	1	36	MSETAPAAPAAPAPAEKTPVKKKARKSAGAAKRKAS	35	31	127	96
11981	HUMAN24616	P58876	1	36	MPEPTKSAPAPKKGSKKAVTKAQKKDGKKRKRSRKE	35	42	133	91
11982	HUMAN24626	P16402	1	37	MSETAPLAPTIPAPAEKTPVKKKAKKAGATAGKRKAS	36	13	112	99
11983	HUMAN24626	P16402	92	221	GTLVQTKGTGASGSFKLNKKAASGEGKPKAKKAGAAKPRKPAGAAKKPKKVAGAATPKKSIKKTPKKVKKPATAAGTKKVAKSAKKVKTPQPKKAAKSPAKAKAPKPKAAKPKSGKPKVTKAKKAAPKKK	129	173	372	199
11984	HUMAN24630	Q93079	1	36	MPDPAKSAPAPKKGSKKAVTKAQKKDGKKRKRSRKE	35	0	66	66
11985	HUMAN24639	O00478	518	584	VESSPDPDLVPDHSLETPLTPGLANESGEPQAEVTSLLLPAHPGAEVSPSATTNQNHKLQARTEALY	66	574	641	67
11986	HUMAN24641	Q13410	487	526	NAQDLSKEIPLSPMGEDSAPRDADTLHSKLIPTQPSQGAP	39	685	728	43
11987	HUMAN24643	Q9ULW3	191	245	RGQRFLAADGDPARPDGSWTFAQRPTEQELRARKAARPGGRERARLATAQDKARS	54	452	562	110
11988	HUMAN24643	Q9ULW3	1	41	MEAEESEKAATEQEPLEGTEQTLDAEEEQEESEEAACGSKK	40	81	273	192
11989	HUMAN24645	P06899	1	36	MPEPAKSAPAPKKGSKKAVTKAQKKDGKKRKRSRKE	35	75	140	65
11990	HUMAN24649	O60814	1	36	MPEPAKSAPAPKKGSKKAVTKAQKKDGKKRKRSRKE	35	24	102	78
11991	HUMAN24651	Q9NQE7	1	53	MAVWLAQWLGPLLLVSLWGLLAPASLLRRLGEHIQQFQESSAQGLGLSLGPGA	52	35	147	112
11993	HUMAN24656	Q99880	1	35	MPELAKSAPAPKKGSKKAVTKAQKKDGKKRKRSRK	34	3	62	59
11994	HUMAN24660	Q99879	1	36	MPEPVKSAPVPKKGSKKAINKAQKKDGKKRKRSRKE	35	34	101	67
11995	HUMAN24666	P16401	1	39	MSETAPAETATPAPVEKSPAKKKATKKAAGAGAAKRKAT	38	64	141	77
11997	HUMAN24671	P23527	1	35	MPDPAKSAPAPKKGSKKAVTKAQKKDGKKRKRSRK	34	30	89	59
11998	HUMAN24675	Q9H4T2	125	233	EPGKQVPGNSERRDILMDKLAPLGRPYESLTVQLHPKKTQLEQEAGKPQRNGDKTRTKNEELFQKEDMPKDKEFLGEINDRLNKDTPQHPKSKDIIENEGRSEWQQRER	108	157	305	148
12001	HUMAN24688	Q3MJ62	131	246	DDPGEQVLSHAHEQEEFVKEKATPGAAQESSNDQFQTLEEQLGYNLREVCPVQEIDGKAGTWNVELAPKREISQEVKSLIQVLGKQNGNITQIPEYGDTCDREGRLEKQRVSSSVE	115	140	305	165
12002	HUMAN24691	Q6R2W3	559	595	NTLRAQYEENIETGTDSSDIEENLSVTPKVAEKSPPE	36	561	598	37
12003	HUMAN24691	Q6R2W3	693	728	SLDFFVKKRHAFSEHSSSNKRNVNNRSYPEEGKTKR	35	695	731	36
12004	HUMAN24693	Q5JNZ3	118	248	REVDPCVQDPQDRESLSCSYPVSADKMWPENEKASSQQEIFENGEAYWMKFNSLLKVDSRDPKVREVCVQDVKLENQWETSIREKLREEKEGSEEVTCKKGKNQKVLSKNLNPNSKHSQCNKVLIAQKLHE	130	191	324	133
12005	HUMAN24693	Q5JNZ3	1	59	MQEVVLLDESSGPPSQLLWTRQDTQLPQESALLPAPYPAFTKDGSQGNLPQADITLMSQ	58	25	125	100
12006	HUMAN24707	P35410	339	378	DKPEVGRNKKAAGIDPMEQPHSTQHVENLLPREHRVDVET	39	364	406	42
12007	HUMAN24709	Q9UBS5	906	953	EERVSELRHQLQSRQQLRSRRHPPTPPEPSGGLPRGPPEPPDRLSCDG	47	1641	1824	183
12008	HUMAN24721	O60927	68	126	RAFGESSTESDEEEEEGCGHTHCVRGHRKGRRRATLGPTPTTPPQPPDPSQPPPGPMQH	58	89	169	80
12009	HUMAN24722	Q9H2S5	16	51	EAIPGEGRKAAKVNAGVGEKGIYTASSRGGPPSARS	35	15	51	36
12012	HUMAN24733	P36915	526	596	QKGTWESHPETTELVVLQGRVGPAGDEEEEEEEELSSSCEEEGEEDRDADEEGEGDEETPTSAPGSSLAGR	70	1194	1377	183
12013	HUMAN24734	P79522	1	156	MPKRKKQNHHQPPTQQQPPLPEREETGDEEDGSPIGPPSLLGPPPMANGKPGDPKSALHRGPPGSRGPLIPPLLSLPPPPWGRGPIRRGLGPRSSPYGRGWWGVNAEPPFPGPGHGGPTRGSFHKEQRNPRRLKSWSLIKNTCPPKDDPQVMEDKS	155	66	235	169
12015	HUMAN24735	Q8NE71	564	600	GGKSTKQAEKQTKEALTRKQQKCRRKNQDEESQEAPE	36	1412	1484	72
12017	HUMAN24736	Q96QC0	505	588	HEPDPEPYEPIPPKLIPLDEECSMDETPYVETLEPGGSGGSPDGAGGSKLPPVLANLMGSMGAGKGPQGPGGGGINVQEILTSI	83	1312	1507	195
12019	HUMAN24737	Q9Y676	1	49	MAASVLNTVLRRLPMLSLFRGSHRVQVPLQTLCTKAPSEEDSLSSVPIS	48	17	97	80
12020	HUMAN24737	Q9Y676	228	258	SGPPPESMPKMPPRTPAEASSTGQTGPQSAL	30	283	319	36
12022	HUMAN24740	O60231	286	351	AGEQEKLEATNRYHMPKETRGQPARAVDLVEEESGAPGEEQRRWEEARLGAASLKFGARDAASQEP	65	884	1047	163
12026	HUMAN24749	P46695	1	156	MCHSRSCHPTMTILQAPTPAPSTIPGPRRGSGPEIFTFDPLPEPAAAPAGRPSASRGHRKRSRRVLYPRVVRRQLPVEEPNPAKRLLFLLLTIVFCQILMAEEGVPAPLPPEDAPNAASLAPTPVSAVLEPFNLTSEPSDYALDLSTFLQQHPAAF	155	9	189	180
12028	HUMAN24758	E2RYF6	1707	1773	LGLDLNLGLGSGTFHSLGNALVHGGELEMGHGGTHGFGYGVGHGLSHIHGDGYGVNHGGHYGHGGGH	66	6677	6822	145
12030	HUMAN24759	Q6UXA7	1	226	MQGRVAGSCAPLGLLLVCLHLPGLFARSIGVVEEKVSQNLGTNLPQLGQPSSTGPSNSEHPQPALDPRSNDLARVPLKLSVPASDGFPPAGGSAVQRWPPSWGLPAMDSWPPEDPWQMMAAAAEDRLGEALPEELSYLSSAAALAPGSGPLPGESSPDATGLSPKASLLHQDSESRRLPRSNSLGAGGKILSQRPPWSLIHRVLPDHPWGTLNPSVSWGGGGPGTG	225	6	246	240
12031	HUMAN24760	Q9UIG5	1	52	MTCTDQKSHSQRALGTQTPALQGPQLLNTDPSSEETRPPHVNPDRLCHMEPA	51	0	55	55
12032	HUMAN24762	Q9UIG4	18	136	RGISGSEGHPSHPPAEDREEAGSPTLPQGPPVPGDPWPGAPPLFEDPPPTRPSRPWRDLPETGVWLPEPPRTDPPQPPRPDDPWPAGPQPPENPWPPAPEVDNRPQEEPDLDPPREEYR	118	49	228	179
12034	HUMAN24768	Q01860	1	137	MAGHLASDFAFSPPPGGGGDGPGGPEPGWVDPRTWLSFQGPPGGPGIGPGVGPGSEVWGIPPCPPPYEFCGGMAYCGPQVGVGLVPQGGLETSQPEGEAGVGVESNSDGASPEPCTVTPGAVKLEKEKLEQNPEESQ	136	0	144	144
12035	HUMAN24775	P59942	25	63	PQGSHGCCSQNPKASMEEQTSSRGNGKMTSPPRGPGTHR	38	25	65	40
12036	HUMAN24776	Q13838	1	34	MAENDVDNELLDYEDDEVETAAGGDGAEAPAKKD	33	155	314	159
12037	HUMAN24783	Q9UBC1	1	30	MSNPSPQVPEEEASTSVCRPKSSMASTSRR	29	0	58	58
12038	HUMAN24785	P01374	1	62	MTPPERLFLPRVCGTTLHLLLLGLLLVLLPGAQGLPGVGLTPSAAQTARQHPKMHLAHSTLK	61	1	114	113
12039	HUMAN24786	P01375	1	85	MSTESMIRDVELAEEALPKKTGGPQGSRRCLFLSLFSFLIVAGATTLFCLLHFGVIGPQREEFPRDLSLISPLAQAVRSSSRTPS	84	0	103	103
12040	HUMAN24787	Q06643	1	85	MGALGLEGRGGRLQGRGSLLLAVAGATSLVTLLLAVPITVLAVLALVPQDQGGLVTETADPGAQAQQGLGFQKLPEEEPETDLSP	84	12	219	207
12041	HUMAN24789	O14931	169	201	WKGPRRQLPAVVPAPLPPPCGSSAHLLPPVPGG	32	210	245	35
12045	HUMAN24796	O95873	1	167	MFLRRLGGWLPRPWGRRKPMRPDPPYPEPRRVDSSSENSGSDWDSAPETMEDVGHPKTKDSGALRVSGAASEPSKEEPQVEQLGSKRMDSLKWDQPISSTQESGRLEAGGASPKLRWDHVDSGGTRRPGVSPEGGLSVPGPGAPLEKPGRREKLLGWLRGEPGAPSR	166	0	175	175
12046	HUMAN24796	O95873	264	294	EPNGDEAATDWESEGLEREGEEQRGDPGKGL	30	276	324	48
12047	HUMAN24797	O95872	298	337	YRSAPQPRVTHFPAWDTRAVAGRERPPRVATLSWREERRR	39	534	590	56
12048	HUMAN24797	O95872	51	100	ESSAPDSQRSQTEPARERKRKKRRIMKAPAAEAVAEGASGRHGQGRSLEA	49	125	313	188
12049	HUMAN24802	Q5SRR4	1	34	MRFMAGPAGSQSLGPLCFHSSPQALYTVLLIVLV	33	0	43	43
12050	HUMAN24812	O95866	155	235	GLGALGLVWWLHRRLPPQPIRPLPRFAPLVKTEPQRPVKEEEPKIPGDLDQEPSLLYADLDHLALSRPRRLSTADPADAST	80	179	366	187
12052	HUMAN24819	P26640	213	277	ARPLSHQPGPEAPALPKTAAQLKKEAKKREKLEKFQQKQKIQQQQPPPGEKKPKPEKREKRDPGV	64	564	811	247
12053	HUMAN24825	Q99519	1	51	MTGERPSTALPDRRWGPRILGFWGGCRVWVFAAIFLLLSLAASWSKAENDF	50	31	237	206
12056	HUMAN24840	P49842	2	143	QKWFSAFDDAIIQRQWRANPSRGGGGVSFTKEVDTNVATGAPPRRQRVPGRACPWREPIRGRRGARPGGGDAGGTPGETVRHCSAPEDPIFRFSSLHSYPFPGTIKSRDMSWKRHHLIPETFGVKRRRKRGPVESDPLRGEP	141	9	212	203
12057	HUMAN24841	P0C0L4	1427	1461	AKDDPDAPLQPVTPLQLFEGRRNRRRREAPKVVEE	34	1591	1638	47
12058	HUMAN24843	P0C0L5	1415	1461	EDYEDYEYDELPAKDDPDAPLQPVTPLQLFEGRRNRRRREAPKVVEE	46	1500	1550	50
12059	HUMAN24845	P22105	930	959	PLGLLGTTDEPPPSGPSTTQGAQAPLLQQR	29	1479	1517	38
12060	HUMAN24846	Q99941	668	703	KQPSPTPGNATGGPLPVSAASQAHQASHQPLYLNHP	35	949	1021	72
12061	HUMAN24847	Q9UIM3	1	87	METPPVNTIGEKDTSQPQQEWEKNLRENLDSVIQIRQQPRDPPTETLELEVSPDPASQILEHTQGAEKLVAELEGDSHKSHGSTSQM	86	3	103	100
12063	HUMAN24848	Q99946	258	306	MVSAEIASREARNFSFISLAVGIAAMVLCTILTVVIIIAAQHHENYWDP	48	388	437	49
12064	HUMAN24852	Q99944	1	32	MGSRAELCTLLGGFSFLLLLIPGEGAKGGSLR	31	6	40	34
12065	HUMAN24854	Q99942	143	180	PFRRGTGVDLGQGHPASSWQDSLFLFLAIFFFFWLLSI	37	203	254	51
12066	HUMAN24859	Q99466	1489	1547	RRPRTQSAPHRRRPPLGEDSIGLKALKPKAEVDEDGVVMCSGPEEGEEVGQAEETGPPS	58	1691	1756	65
12067	HUMAN24859	Q99466	1825	1941	PEARHKATPGREAGPFPRARTVSVSVPPHGGGALPRCRTLSAGAGPRGGGACLQARTWSVDLAARGGGAYSHCRSLSGVGAGGGPTPRGRRFSAGMRGPRPNPAIMRGRYGVAAGRG	116	2037	2166	129
12068	HUMAN24859	Q99466	1958	2003	ACGSASNIPIPPPCLTPSPERGSPQLDCGPPALQEMPINQGGEGKK	45	2182	2237	55
12069	HUMAN24877	Q03518	1	68	MAELLASAGSACSWDFPRAPPSFPPPAASRGGLGGTRSFRPHRGAESPRPGRDRDGVRVPMASSRCPA	67	0	117	117
12071	HUMAN24884	P25440	1	73	MLQNVTPHNKLPGEGNAGLLGLGPEAAAPGKRIRKPSLLYEGFESPTMASVPALQLTPANPPPPEVSNPKKPG	72	138	315	177
12073	HUMAN24890	P28702	271	334	KREAVQEERQRGKDKDGDGEGAGGAPEEMPVDRILEAELAVEQKSDQGVEGPGGTGGSGSSPND	63	385	486	101
12074	HUMAN24892	Q92504	196	230	HSHHTLEQPGHGHSHSGQGPILSVGLWVLSGIVAF	34	880	992	112
12077	HUMAN24894	Q06587	124	260	VLIRLSRLHNQQALSSSIEEGLRMQAMHRAQRVRRPIPGSDQTTTMSGGEGEPGEGEGDGEDVSSDSAPDSAPGPAPKRPRGGGAGGSSVGTGGGGTGGVGGGAGSEDSGDRGGTLGGGTLGPPSPPGAPSPPEPGG	136	127	362	235
12078	HUMAN24894	Q06587	274	354	EKGEYCQTRYVKTTGNATVDHLSKYLALRIALERRQQQEAGEPGGPGGGASDTGGPDGCGGEGGGAGGGDGPEEPALPSLE	80	375	473	98
12080	HUMAN24898	O96024	1	41	MQLRLFRRLLLAALLLVIVWTLFGPSGLGEELLSLSLASLL	40	18	73	55
12081	HUMAN24899	O15213	1	100	METAPKPGKDVPPKKDKLQTKRKKPRRYWEEETVPTTAGASPGPPRNKKNRELRPQRPKNAYILKKSRISKKPQVPKKPREWKNPESQRGLSGTQDPFPG	99	91	324	233
12083	HUMAN24902	O15211	197	235	GKGVGGGSADLIRNLRSRVDPQAPDLPKPLALPGDPPAD	38	299	360	61
12084	HUMAN24902	O15211	393	426	NYSQSRELLVQEVKLQSPLEPHSKKAPRSGSRGG	33	528	588	60
12086	HUMAN24902	O15211	735	777	RSSTATPGVTSGPSASGTPPSEGGGGSFPRIKATGRKIARALF	42	1095	1157	62
12088	HUMAN24904	O15209	431	481	SSSSSSSSQAPGQPPGNQAEHGAVTVGGTSVGSLGVPGSVGGVPGGTGSGD	50	638	712	74
12089	HUMAN24904	O15209	562	634	HCERRHRLGGVGAVPGPGTPTGPSLPSKRESPGVGGGSGDEASAATPPSSRRVWSPPRVHKVEMGFGGGGGAN	72	797	944	147
12090	HUMAN24905	Q9UER7	140	182	KKKLNLAPAATTSNEPSGNNPPTHLSLDPTNAENTASQSPRTR	42	366	438	72
12091	HUMAN24905	Q9UER7	14	60	DEDEAAAQPGPSHPLPNAASPGAEAPSSSEPHGARGSSSSGGKKCYK	46	68	280	212
12095	HUMAN24912	Q96PV0	71	177	DRRSESSRNKLLRRTVSVPVEGRPHGEHEYHLGRSRRKSVPGGKQYSMEGAPAAPFRPSQGFLSRRLKSSIKRTKSQPKLDRTSSFRQILPRFRSADHDRARLMQSF	106	173	310	137
12098	HUMAN24916	Q14573	1129	1165	DKKGSGKGEEVEAGAAKDKKERPTDEEGFLHPPGEKS	36	1858	2008	150
12099	HUMAN24916	Q14573	1555	1585	GASCAAAAQRNASSYKATTRAFPRVTPTANQ	30	2568	2622	54
12100	HUMAN24916	Q14573	1803	1862	TVAVNMNDLGSQPHEDREPVDPTTKGRVASFSIPGSSSRYSLGPSLRRGHEVSERVQSSE	59	3217	3436	219
12101	HUMAN24916	Q14573	904	959	AYEDPGGKNVRRSIQGVGHMMSTMVLSRKQSVFSAPSLSAGASAAEPLDRSKFEEN	55	1450	1600	150
12102	HUMAN24918	Q96PC2	85	151	ANPVKESQEPFKVSTESAAVAIWQTLQQTTGSNGSDCTLAQWPHAQLARSPKESPAKALLRSEPHLN	66	298	387	89
12103	HUMAN24920	P12872	1	76	MVSRKAVAALLVVHVAAMLASQTEAFVPIFTYGELQRMQEKERNKGQKKSLSVWQRSGEEGPVDPAEPIREEENEM	75	23	102	79
12104	HUMAN24921	Q14833	1	37	MPGKRGLGWWWARLPLCLLLSLYGPWMPSSLGKPKGH	36	7	64	57
12105	HUMAN24921	Q14833	854	912	PKRKRSLKAVVTAATMSNKFTQKGNFRPNGEAKSELCENLEAPALATKQTYVTYTNHAI	58	1079	1275	196
12106	HUMAN24924	Q86T20	1	102	MSNTTVPNAPQANSDSMVGYVLGPFFLITLVGVVVAVVMYVQKKKRVDRLRHHLLPMYSYDPAEELHEAEQELLSDMGDPKVVHGWQSGYQHKRMPLLDVKT	101	1	105	104
12108	HUMAN24930	O95238	1	52	MGSASPGLSSVSPSHLLLPPDTVSRTGLEKAAAGAVGLERRDWSPSPPATPE	51	31	103	72
12109	HUMAN24930	O95238	70	118	DSSWAAKAPGASSREEPPEEPEQCPVIDSQAPAGSLDLVPGGLTLEEHS	48	120	184	64
12110	HUMAN24931	Q9H6K1	186	298	GVTQQLSSFETEFNTQPHRKVEGNFNPFASPQKNRQSDENNLKDPGGSEFDSISKNTWAPAPDTWAPAPDQTEQDQNRLSQNSVNLSPSSHANNLSVVTYSKGLHGPYPFGQS	112	349	523	174
12111	HUMAN24933	Q6BDS2	1137	1184	SESGPESVPPGSLSNVSDNAGVQGSPLVNNYGQGSPAANSSVSPSGED	47	1767	1840	73
12112	HUMAN24933	Q6BDS2	268	306	AHQRKSLAPEPVQITPPAPSAQQSWAQAFGGSQGNSNSS	38	345	395	50
12113	HUMAN24933	Q6BDS2	413	450	GLKPPWHLGVDSLFRRKADSLSSPRKNPLERSPSQGRQ	37	538	643	105
12114	HUMAN24933	Q6BDS2	743	809	LLASEGRLKPSASFGSPVQSEALAPDSMSHPRSKTEHDLKSLSGLTEVMEILKEGSSGMDNKGPLTE	66	1093	1254	161
12116	HUMAN24934	Q15544	1	99	MDDAHESPSDKGGETGESDETAAVPGDPGATDTDGIPEETDGDADVDLKEAAAEEGELESQDVSDLTTVEREDSSLLNPAAKKLKIDTKEKKEKKQKVD	98	58	216	158
12117	HUMAN24935	Q92625	1072	1134	RATGASAAEMIETKSSKPVPKPRVGVRKSALEPPDMDQDAQSHASVSWVVDPKPDSKRSLSTN	62	2260	2427	167
12118	HUMAN24935	Q92625	25	57	GKRLSSGFGGGGGGGSGGGGGGSGGGGGGLGSS	32	97	147	50
12120	HUMAN24935	Q92625	832	923	RPYEEPPQKPPRFSQLRCQDLLSQTSSPLSQNDSCTGRSADLLLPPGDTGRRRHDSLHDPAAPSRAERFRIQEEHREAKLTLRPPSLAAPYA	91	1910	2067	157
12121	HUMAN24942	P36508	365	422	RSAHGELEATEESEQALYEQQQLEAASAAEESPPPKRPRIAYLSEVKEERDDIPAQVA	57	553	620	67
12122	HUMAN24944	Q9H4E7	472	631	QLMQLKEEQERYIERAQQEKEELQQEMAQQSRSLQQAQQQLEEVRQNRQRADEDVEAAQRKLRQASTNVKHWNVQMNRLMHPIEPGDKRPVTSSSFSGFQPPLLAHRDSSLKRLTRWGSQGNRTPSPNSNEQQKSLNGGDEAPAPASTPQEDKLDPAPEN	159	679	894	215
12123	HUMAN24945	Q03181	145	175	FGRMPEAEKRKLVAGLTANEGSQYNPQVADL	30	273	304	31
12124	HUMAN24945	Q03181	1	69	MEQPQEEAPEVREEEEKEEVAEAEGAPELNGGPQHALPSSSYTDLSRSSSPPSLLDQLQMGCDGASCGS	68	0	182	182
12125	HUMAN24946	Q9HB96	174	279	GGRRLKSPQAPDPEEEENRDSQQPGKRRKDSEEEAASPEGKRVPKRLRCWEEEEDHEKERPEHKSLESLADGGSASPIKDQPVMAVKTGEDGSNLDDAKGLAESLE	105	310	502	192
12126	HUMAN24948	Q99594	100	134	KKVREYQVGIKAMNLDQVSKDKALQSMASMSSAQI	34	192	298	106
12128	HUMAN24950	Q13451	421	457	AKEEANKAMGKKTSEGVTNEKGTDSQAMEEEKPEGHV	36	867	927	60
12129	HUMAN24962	Q96RN1	629	708	ENKLDPEASSINLIHCSHFESMNTSQTASEDQVPYTVSSVSQKNQGQQYEEVEEVWLPNNSSRNSSPGLPDVAESQGRRS	79	715	823	108
12131	HUMAN24967	Q9ULD4	392	470	ATARRKGDSPRSISETGDEEGLKEGDGEEEEEEEVEEEEQEAQGGVSGSLKGVPKKSKMSLKQKIKKEPEEAGQDTPST	78	593	700	107
12132	HUMAN24967	Q9ULD4	68	110	AQDITECNSNKENSEQPQFPGKSKKPSSKGKKKESCSKHASGT	42	209	289	80
12136	HUMAN24971	Q9Y603	1	31	MQEGELAISPISPVAAMPPLGTHVQARCEAQ	30	15	68	53
12137	HUMAN24973	Q7Z5Y7	1	115	MNVHRGSDSDRLLRQEASCLVDDTLAVAQEKEANSLASSGPHNLTYPLGPRNEDLSLDYASQPANLQFPHIMPLAEDIKGSCFQSGNKRNHEPFIAPERFGNSSVGFGSNSHSQA	114	60	222	162
12139	HUMAN24977	P38936	81	164	GPRRGRDELGGGRRPGTSPALLQGTAEEDHVDLSLSCTLVPRSGEQAEGSPGGPGDSQGRKRRQTSMTDFYHSKRRLIFSKRKP	83	145	270	125
12140	HUMAN24978	Q7Z6P3	113	144	SQSPHRLRRRKPLPSKRVSATTSFPALEEADA	31	118	159	41
12141	HUMAN24978	Q7Z6P3	1	39	METGQRTSRKVRKLGSNRRRQTREPADGEGAAVAPEPES	38	0	39	39
12143	HUMAN24983	Q9NZJ7	1	77	MGASDPEVAPWARGGAAGMAGAGAGAGARGGAAAGVEARARDPPPAHRAHPRHPRPAAQPSARRMDGGSGGLGSGDN	76	20	136	116
12145	HUMAN24987	P11309	1	30	MLLSKINSLAHLRAAPCNDLHATKLAPGKE	29	244	278	34
12148	HUMAN24995	Q8N1G2	1	86	MKRRTDPECTAPIKKQKKRVAELALSLSSTSDDEPPSSVSHGAKASTTSLSGSDSETEGKQHSSDSFDDAFKADSLVEGTSSRYSM	85	113	345	232
12149	HUMAN25001	Q96Q07	559	612	QQSSQKEENSEESGTGDTSLAGQQLDSHALRAPSGSSLPSSPGSNSRSPNRQHQ	53	1099	1332	233
12150	HUMAN25004	P43220	426	463	HIQRDSSMKPLKCPTSSLSSGATAGSSMYTATCQASCS	37	536	614	78
12151	HUMAN25005	Q9NPB0	1	117	MEQRLAEFRAARKRAGLAAQPPAASQGAQTPGEKAEAAATLKAAPGWLKRFLVWKPRPASARAQPGLVQEAAQPQGSTSETPWNTAIPLPSCWDQSFLTNITFLKVLLWLVLLGLFV	116	0	142	142
12153	HUMAN25007	Q96T54	271	332	GRVCSCCHHSSKEDFKSQSWRQGPDREPESHSPQQGCYPEGPMGIIQHLEPSAHAAGCGKDS	61	365	468	103
12154	HUMAN25009	Q96T55	269	309	LRQGCGAKAAPGRRPRRGSTAARGVQVTPQDFPISKKGLGS	40	378	479	101
12155	HUMAN25011	Q6ZMV9	380	423	GEQRTEALTEAELLQLEKLITSFLEDQDSDSRLEVGADMRKVHH	43	579	660	81
12159	HUMAN25018	Q9ULH4	384	420	NSTSRTAPPKSRLSDITGSSKTSRGGGGSGGGEPPKS	36	442	493	51
12161	HUMAN25019	Q8IV45	1	90	MCPQESSFQPSQFLLLVGVPVASVLLLAQCLRWHCPRRLLGACWTLNGQEEPVSQPTPQLENEVSRQHLPATLPEMVAFYQELHTPTQGQ	89	40	143	103
12162	HUMAN25026	Q86YW5	129	227	EETHKIGSLAENAFSDPAGSANPLEPSQDEKSIPLIWGAVLLVGLLVAAVVLFAVMAKRKQGNRLGVCGRFLSSRVSGMNPSSVVHHVSDSGPAAELPL	98	158	281	123
12163	HUMAN25027	Q9NZC2	135	177	HRDAGDLWFPGESESFEDAHVEHSISRSLLEGEIPFPPTSILL	42	249	310	61
12164	HUMAN25027	Q9NZC2	185	230	IKILAASALWAAAWHGQKPGTHPPSELDCGHDPGYQLQTLPGLRDT	45	317	385	68
12165	HUMAN25029	Q5T2D2	126	279	APQTERNIPFTHLDNILKSGTVTTGQAPTSGPDAPFTTGVMVFTPGLITLPRLLASTRPASKTGYSFTATSTTSQGPRRTMGSQTVTASPSNARDSSAGPESISTKSGDLSTRSPTTGLCLTSRSLLNRLPSMPSIRHQDVYSTVLGVVLTLLV	153	214	428	214
12166	HUMAN25030	Q6UXN2	134	200	TTSPMWTLPWLPTSTVLITSPEGTSGHPSINGSETRKSRAPACLGSGGPRFLVLVLCGLLLAKGLML	66	149	268	119
12167	HUMAN25032	Q9NP99	138	234	SGTPGSNENSTQNVYKIPPTTTKALCPLYTSPRTVTQAPPKSTADVSTPDSEINLTNVTDIIRVPVFNIVILLAGGFLSKSLVFSVLFAVTLRSFVP	96	210	333	123
12168	HUMAN25034	O95944	133	276	SASTQTSWTPRDLVSSQTQTQSCVPPTAGARQAPESPSTIPVPSQPQNSTLRPGPAAPIALVPVFCGLLVAKSLVLSALLVWWGDIWWKTMMELRSLDTQKATCHLQQVTDLPWTSVSSPVEREILYHTVARTKISDDDDEHTL	143	197	406	209
12169	HUMAN25036	Q8IVH2	544	680	QKRRPPKMTGSPTLVKNMISGLSYGALNASYQAALAESSFPLLNSPGMLNPGSASSLLPLSHDDVGAPVEPLPSNGSSSPPRLSPPQYSHQVQVKEEPAEAEEDRQPGPPLGAPNPSASGPPEDRDLEEELPGEELS	136	928	1131	203
12170	HUMAN25038	Q99750	1	160	MYQVSGQRPSGCDAPYGAPSAAPGPAQTLSLLPGLEVVTGSTHPAEAAPEEGSLEEAATPMPQGNGPGIPQGLDSTDLDVPTEAVTCQPQGNPLGCTPLLPNDSGHPSELGGTRRAGNGALGGPKAHRKLQTHPSLASQGSKKSKSSSKSTTSQIPLQAQ	159	0	222	222
12172	HUMAN25050	Q70CQ1	287	331	SKTEHLFPKATNGKTQLSGKPTNSSATELSLRNDRAEACEREGFC	44	354	426	72
12173	HUMAN25050	Q70CQ1	86	255	DNPEGDLKLLRSSLLAVRGQKQDTPVRRGRTLRSMASGEDVVLPQRAPQGQPQMLTALWYRRQRLLARTLRLWFEKSSRGQAKLEQRRQEEALERKKEEARRRRREVKRRLLEELASTPPRKSARLLLHTPRDAGPAASRPAALPTSRRVPAATLKLRRQPAMAPGVTGL	169	89	323	234
12176	HUMAN25061	X6R8D5	1	53	MGRKEHESPSQPHMCGWEDSQKPSVPSHGPKTPSCKGVKAPHSSRPRAWKQDL	52	0	95	95
12177	HUMAN25068	Q15814	132	177	QPKKRFAFKTRGKDAASSTKVDAAPGIPPAVESIQDSPLPKKAEGD	45	389	586	197
12178	HUMAN25068	Q15814	1	55	MESVSCSAAAVRTGDMESQRDLSLVPERLQRREQERQLEVERRKQKRQNQEVEKE	54	65	255	190
12179	HUMAN25069	Q6AI39	1020	1059	AGRQPQSDPTVSGSVELDFPNFSPMASQENCLEKFIPDHS	39	1263	1343	80
12181	HUMAN25071	Q5I0X4	31	101	GQELPGLEKRHIAAIHGEPTASRLPRRPKPWEAAALAESLPPPTLRIGTAPAEPGLVEAATAPSSWHTVGP	70	41	129	88
12182	HUMAN25073	Q9BT09	1	42	MDSMPEPASRCLLLLPLLLLLLLLLPAPELGPSQAGAEENDW	41	2	92	90
12183	HUMAN25073	Q9BT09	213	278	GKKGDTAALGGKKSKKKSSRAKAAGGRSSSSKQRKELGGLEGDPSPEEDEGIQKASPLTHSPPDEL	65	282	389	107
12185	HUMAN25076	Q14738	518	574	QYPMFRAPPPLPPVYSMETETPTAEDIQLLKRTVETEAVQMLKDIKKEKVLLRRKSE	56	1578	1717	139
12188	HUMAN25084	Q5T653	1	34	MALCALTRALRSLNLAPPTVAAPAPSLFPAAQMM	33	12	129	117
12189	HUMAN25084	Q5T653	252	305	HNKRVIGKAGRNRWLGKRPNSGRWHRKGGWAGRKIRPLPPMKSYVKLPSASAQS	53	423	500	77
12190	HUMAN25091	P11831	1	141	MLPTQAGAAAALGRGSALGGSLNRTPTGRPGGGGGTRGANGGRVPGNGAGLGPGRLEREAAAAAATTPAPTAGALYSGSEGDSESGEEEELGAERRGLKRSLSEMEIGMVVGGPEASAAATGGYGPVSGAVSGAKPGKKTR	140	6	252	246
12192	HUMAN25091	P11831	464	508	GTVQIPVSAVQLHQMAVIGQQAGSSSNLTELQVVNLDTAHSTKSE	44	661	717	56
12193	HUMAN25092	Q8IWT3	1435	1468	PPGPSPEPSTRPFSKNSKGRDRSPAPSPVLPSSS	33	1751	1812	61
12194	HUMAN25092	Q8IWT3	1658	1690	LFLEQEDEEEKRLEEEEEEEEEEEAEKELFIED	32	2007	2051	44
12195	HUMAN25092	Q8IWT3	2437	2517	PSVEAWEAKGPNMPGSQPQASSGPEAEEEEEDDEDDVPEWQQDEFDEELDNDSFSYDESENLDQETFFFGDEEEDEDEAYD	80	2927	3056	129
12196	HUMAN25092	Q8IWT3	577	636	NEPSSSSTSRNHSCTPDPEEESKSEASFSEEETESLKAKAEAPKTEAEPTKTRTETPMAQ	59	744	831	87
12198	HUMAN25099	Q6Q6R5	79	118	PPTPSPGCTTPLSPSSFSPPRPRTGLPQGKKSPPHMKTFT	39	132	245	113
12199	HUMAN25103	Q5T3U5	824	864	ENGQESDSATAQSVQNPEKTKEGLEEEQSTSGRLLQEESKK	40	2138	2264	126
12200	HUMAN25105	Q6UY11	336	383	VCPPGPCCYPAPHYAPACQDQECQVSMLPAGLPLPRDLPPEPGKTTAL	47	527	594	67
12202	HUMAN25106	Q5JTD0	1	173	MTSAAPAKKPYRKAPPEHRELRLEIPGSRLEQEEPLTDAERMKLLQEENEELRRRLASATRRTEALERELEIGQDCLELELGQSREELDKFKDKFRRLQNSYTASQRTNQELEDKLHTLASLSHSWIFAIKKAEMDRKTLDWEIVELTNKLLDAKNTINKLEELNERYRLDCN	172	62	270	208
12204	HUMAN25115	Q9Y253	664	702	LQPHSSNPQVVSAVSHQGKRNPKSPLACTNKRPRPEGMQ	38	843	919	76
12206	HUMAN25124	Q8N319	1	242	MMPLAEAGALAQGGGPSATEWACILRRKTPRHKQPTLLMVRASRRSGKTSAVLKAGRQSVSGRKNSTSKDLVTLGASSLREERGHPLHPRHRKAVHLRTRGRTRGWVQTLARMSRRTRGPVERAAAAAAAAAGGDAGHAPFPPPPAADGARAPRSPGQVTPRGLRLRLPRRESLLRGLCRPLRPLLGFRESDSAKPASLRLLQHTPSARRNYRIAGARLMRSNYPPPLSSAALRGAGPTRRN	241	0	245	245
12208	HUMAN25129	Q9UMQ6	1	58	MLYSPGPSLPESAESLDGSQEDKPRGSCAEPTFTDTGMVAHINNSRLKAKGVGQHDNA	57	21	95	74
12209	HUMAN25132	Q99808	240	278	LEGPGEQETKLDLISKGEEPRAGKEESGVSVSNSQPTNE	38	799	938	139
12210	HUMAN25133	P08238	222	271	EKEISDDEAEEEKGEKEEEDKDDEEKPKIEDVGSDEEDDSGKDKKKKTKK	49	335	458	123
12211	HUMAN25133	P08238	691	724	DEDEVAAEEPNAAVPDEIPPLEGDEDASRMEEVD	33	1187	1248	61
12213	HUMAN25136	Q8IW70	1	48	MSPPGSAAGESAAGGGGGGGGPGVSEELTAAAAAAAADEGPAREEQRP	47	28	179	151
12214	HUMAN25136	Q8IW70	415	524	YGGVGGPGAAGVAPYRRSCEHCQRAVSSSSIFSRSALSICASPRAGPGPGGGAGCGGSRFSLGRLYGSRRSCLWRSRSGSVNEASCPTEQTRLSSQASMGDDEDDDEEEA	109	578	718	140
12215	HUMAN25138	Q5JU00	1	59	MQDTVTTSALLDPSHSSVSTQDNSSTGGHTSSTSPQLSKPSITPVPAKSRNPHPRANIR	58	26	138	112
12217	HUMAN25140	Q496A3	1	141	MSPSMLTGNSPRGCRLPSISSTTCGRQLEKVPEKRDSGMTEVERTYSANCSDFLESKGCFANTTPSGKSVSSSSSVETGPSVSEPPGLPRVSAYVDTTADLDRKLSFSHSDHSSEMSLPEVQKDKYPEEFSLLKLQTKDGH	140	77	259	182
12219	HUMAN25143	O75486	247	278	AGDPFSHAISATFIQYHNSAESTAACGVEAHS	31	726	845	119
12220	HUMAN25145	Q13950	24	97	SRRFSPPSSSLQPGKMSDVSPVVAAQQQQQQQQQQQQQQQQQQQQQQQEAAAAAAAAAAAAAAAAAVPRLRPPH	73	97	195	98
12221	HUMAN25145	Q13950	451	514	SGSYQFPMVPGGDRSPSRMLPPCTTTSNGSTLLNPNLPNQNDGVDADGSHSSSPTVLNSSGRMD	63	578	643	65
12223	HUMAN25156	O60522	1704	1775	KSALPYENIDSEIKQTLGSYNLDVGLKKLSNKAVQNKIYMEQQTDELAEITEKDVNIIGTKPSNFRDPKTDN	71	2981	3124	143
12224	HUMAN25156	O60522	1898	1979	SCEAEKQPELELPTAQLPLDDKMDPLSLGVSQKAQESMCTEDMRKSSCVESFDDQRRMSLHLHGADCDPKTQNEMNICEEEF	81	3311	3499	188
12225	HUMAN25156	O60522	675	743	ENILVNAHSPGHVSNHFTTESNKIPFAKTGEGEQKAKRENKTTSVSKALSDTTVVTNGSTELVVQEKVK	68	1524	1685	161
12226	HUMAN25161	Q8IZF2	1284	1346	SRWSSQHSKSTSLGSSTPVFSMSSPISRRFNNLFGKTGTYNVSTPEATSSSLENSSSASSLLN	62	1500	1563	63
12227	HUMAN25162	Q5T601	1	40	MKVGVLWLISFFTFTDGHGGFLGKNDGIKTKKELIVNKKK	39	40	83	43
12228	HUMAN25162	Q5T601	855	910	ALSSWKQTEKQNSSDLSAKPKFSKPFNPLQNKGHYAFSHTGDSSDNIMLTQFVSNE	55	990	1051	61
12229	HUMAN25163	O75509	1	48	MGTSPSSSTALASCSRIARRATATMIAGSLLLLGFLSTTTAQPEQKAS	47	0	76	76
12231	HUMAN25163	O75509	500	535	DTTQLETDKLALPMSPSPLSPSPIPSPNAKLENSAL	35	618	710	92
12232	HUMAN25164	Q9Y5K6	63	108	FKDDSLPIKRERHGNVASLVQRISTYGLPAGGIQPHPQTKNIKKKT	45	198	262	64
12233	HUMAN25168	Q6ZW05	813	846	SKKHHKKKKRAKRKEREEIECIEIQENPDHVTTV	33	1162	1218	56
12234	HUMAN25170	Q7L2Z9	1	70	MSGKANASKKNAQQLKRNPKRKKDNEEVVLSENKVRNTVKKNKNHLKDLSSEGQTKHTNLKHGKTAASKR	69	6	111	105
12235	HUMAN25172	Q5SZD1	102	152	RGDPAREEVAGAEDLPHAGGEDHGEEPNYPSVFQRQKRISGRRVAPPRDAA	50	119	178	59
12236	HUMAN25172	Q5SZD1	1	80	MNDPFARMETRGPQGAANPMDSSRSLGDLGPFPREVGRGAPLAPGARNPATAGASRSQGGGHEDRTADRALGPRAGEELD	79	0	98	98
12238	HUMAN25185	Q7Z6R9	414	452	THKNGGAADSGQGHANSEKAPLRKTSEAAVKEGKTEKTD	38	491	531	40
12240	HUMAN25187	P08F94	3885	4011	SKSRKTKPEEIPESQTNNQNIHIHISSKRRESQGPKKEDTVVGEDMRMKVMLGKVNQCPHQLMNGVSRRKVSRHIVREEEAAVPAPGTTGITSHGHICAPGAPAQQVYLQETGNWKEGQEQLLRYQL	126	4396	4635	239
12241	HUMAN25187	P08F94	4026	4074	QERQQLPGQSRLSKQSGSLGLSQEKKASCGATEAFCLHSVHPETIQEQL	48	4654	4732	78
12242	HUMAN25188	Q16552	1	40	MTPGKTSLVSLLLLLSLEAIVKAGITIPRNPGCPNSEDKN	39	7	68	61
12243	HUMAN25189	Q96PD4	1	49	MTVKTLHGPAMVKYLLLSILGLAFLSEAAARKIPKVGHTFFQKPESCPP	48	41	96	55
12244	HUMAN25196	Q15035	322	370	WNEQSAKRRVPATPRLPARLIKRESGYHENGVVKAENGTSPRTKKLKSP	48	421	476	55
12247	HUMAN25211	Q9H511	1	48	MAPKKKIVKKNKGDINEMTIIVEDSPLNKLNALNGLLEGGNGLSCISS	47	61	116	55
12248	HUMAN25212	Q9BTT6	423	524	PTCQENLPRCGALENLVNDVSDEAWNERAVNRVSAIRFVEDEKDEEDNETRTLLRRATPHPGELKHMKKTVENLRNDMNAAKGLDSNKNEVNHAIDRVTTSV	101	943	1156	213
12250	HUMAN25217	O43614	258	297	TSSVVQRKWKPLQPVSQPRGPGQPTKSRMSAVAAEIKQIR	39	313	406	93
12251	HUMAN25217	O43614	386	444	VHHRQEDRLTRGRTSTESRKSLTTQISNFDNISKLSEQVVLTSISTLPAANGAGPLQNW	58	502	592	90
12252	HUMAN25222	P22003	313	349	RSVRAANKRKNQNRNKSSSHQDSSRMSSVGDYNTSEQ	36	391	436	45
12253	HUMAN25222	P22003	92	138	ENPEESEYSVRASLAEETRGARKGYPASPNGYPRRIQLSRTTPLTTQ	46	103	167	64
12255	HUMAN25232	Q5SZJ8	121	171	GGGTMSTSASTLWRATNNSSPDSFASTCSNSNSNSSSPVSLKPEEEHQTDE	50	136	196	60
12256	HUMAN25232	Q5SZJ8	1	77	MQKIVQTDEITNTQAFRKGKRKRTETMDSENANSDMDKGQRDPYSGNAFLPGESSSEDEEPLAELSKEELCAKIKSL	76	0	93	93
12257	HUMAN25234	Q9HCI6	1	130	MGDPGSEIIESVPPAGPEASESTTDENEDDIQFVSEGPSRPVLEYIDLVCGDDENPSAYYSDILFPKMPKRQGDFLHFLNVKKVKTDTENNEVSKNHCRLSKAKEPHFEYIEQPIIEEKPSLSSKKEIDN	129	0	188	188
12258	HUMAN25235	Q9Y4E5	1021	1061	TTKECDSDDNMGAKNTSIGEEFISTEDVELEEAIRRSLEEM	40	1322	1386	64
12259	HUMAN25235	Q9Y4E5	396	459	ESVLLYCHSSEGNKDPSSDLHLLLDQSKFSSLKRTMSIKESSSLECIAIPKKKMNLKDKSHEGV	63	601	668	67
12260	HUMAN25235	Q9Y4E5	51	89	SDDEEPSTSYTDENIKRKDHIDYQKDKVALTLARLARHV	38	227	269	42
12261	HUMAN25235	Q9Y4E5	566	601	VEGETLPSSSTTLDNLTANKPSSAITVIDHSPANSS	35	782	843	61
12262	HUMAN25235	Q9Y4E5	810	872	RKHCFLQKPSVAHFGSEKSNLYKFTASASHTERKLKQAINYSKSLDMEKGVENDLSYQNIEEE	62	1066	1169	103
12263	HUMAN25240	Q9ULC3	178	237	AEDPELTHSSSNKIGVFNTSGGSHSGQNSGTLNGGDVINLRPNKQRTKKNRNPFSSCSIP	59	244	370	126
12264	HUMAN25241	P49643	458	509	GKDIKKEPIQPETPQPKPSVQKTKDASSALASLNSSLEMDMEGLEDYFSEDS	51	1344	1527	183
12265	HUMAN25243	Q5VWX1	164	349	NDEIRQEQLRELSYLNGSEDSGRGRGIRGRGIRIAPTAPSRGRGGAIPPPPPPGRGVLTPRGSTVTRGALPVPPVARGVPTPRARGAPTVPGYRAPPPPAHEAYEEYGYDDGYGGEYDDQTYETYDNSYATQTQSVPEYYDYGHGVSEDAYDSYAPEEWATTRSSLKAPPQRSARGGYREHPYGRY	185	222	445	223
12269	HUMAN25249	Q92576	751	923	LSQAQQMGEEDKEYVCVKCCAEEDKKTEILDPDTLENQATVEFHSGDKTMECEKLGLSKHTTNDRTKYIDDTVKHKVKILKRESGEGRNSSDCRDNEIKKWQLAPLRKMGQPVLPRRSSEEKSEKIPKESTTVTCTGEKASKPGTHEKQEMKKKKVEKGVLNVHPAASASKPS	172	894	1093	199
12271	HUMAN25253	O60242	242	282	LTREAKRPPKEEFGMMGDHTIKSQRPRSVHEKRVPQEQADA	40	266	334	68
12275	HUMAN25259	Q5VUM1	1	108	MTPSRLPWLLSWVSATAWRAARSPLLCHSLRKTSSSQGGKSELVKQSLKKPKLPEGRFDAPEDSHLEKEPLEKFPDDVNPVTKEKGGPRGPEPTRYGDWERKGRCIDF	107	7	119	112
12277	HUMAN25263	Q9NPZ5	1	76	MKSALFTRFFILLPWILIVIIMLDVDTRRPVPPLTPRPYFSPYAVGRGGARLPLRRGGPAHGTQKRNQSRPQPQPE	75	31	230	199
12278	HUMAN25264	Q5TC84	1	90	MGNLLGGVSFREPTTVEDCDSTWQTDSEPEPEEPGPGGGSEGPGQESEQPAQPPEQAGGRPGASPAPDEDAEAAGAEQGGDSTEATAKPK	89	0	142	142
12279	HUMAN25264	Q5TC84	316	451	RKEQSEGSKAQKMSSPLASSHNSQTSMHKKAKDSKNSSSAVHLNSKTAEDKKVAPKEPVEETDRPSPEPSNEAAKPRNTEKDSNAENMNSQPEKTVTTPTEKKESVSPENNEEGGNDNQDNENPGNTNCHDVVLVQ	135	419	630	211
12281	HUMAN25265	Q86UR5	45	82	EEEEKEEAMLKCVVRDMAKPAACKTPRNAENQPHQPSP	37	265	309	44
12283	HUMAN25266	Q9NR82	1	88	MPRHHAGGEEGGAAGLWVKSGAAAAAAGGGRLGSGMKDVESGRGRVLLNSAAARGDGLLLLGTRAATLGGGGGGLRESRRGKQGARMS	87	0	101	101
12284	HUMAN25274	Q587J8	111	217	RQLQAKGSGKALAQDVATQKAETQRSSIEVREAGTQRSVEVREAGTQRSVEVQEVGTQGSPVEVQEAGTQQSLQAANKSGTQRSPEAASKAVTQRFREDARDPVTRL	106	154	296	142
12285	HUMAN25275	A6NGQ2	1	32	MVDDAGAAESQRGKQTPAHSLEQLRRLPLPPP	31	5	39	34
12286	HUMAN25277	Q9NXZ2	137	167	ENYNSECGIDTAFQPSVGKDGSTDNNVVAGD	30	312	438	126
12287	HUMAN25277	Q9NXZ2	1	65	MSHHGGAPKASTWVVASRRSSTVSRAPERRPAEELNRTGPEGYSVGRGGRWRGTSRPPEAVAAGH	64	10	222	212
12288	HUMAN25279	Q9Y2Z2	1	33	MFYFRGCGRWVAVSFTKQQFPLARLSSDSAAPR	32	253	450	197
12292	HUMAN25292	Q7Z7B0	169	199	LLLAEKCHRRTVYELENEKHKHTDYMNKSDD	30	246	277	31
12293	HUMAN25292	Q7Z7B0	1	97	MRSRNQGGESASDGHISCPKPSIIGNAGEKSLSEDAKKKKKSNRKEDDVMASGTVKRHLKTSGECERKTKKSLELSKEDLIQLLSIMEGELQAREDV	96	60	172	112
12294	HUMAN25292	Q7Z7B0	335	395	LVGLTQRIEELEETNKNLQKAEEELQELRDKIAKGECGNSSLMAEVENLRKRVLEMEGKDE	60	414	478	64
12297	HUMAN25293	Q9GZR1	599	644	YEESIKGSCGQKENKIKTVSFESKIQLRSKQEFQFFDEEEETGENH	45	764	816	52
12298	HUMAN25293	Q9GZR1	779	966	PKYEPNPHYHENAVIQKCSTVEDSCISSSASEMESCSQNSSAKPVIKKMLNKKHCIAVIDSNPGQEESDPRYKRNICSVKYSVKKINHTASENEEFNKGESTSQKVADRTKSENGLQNESLSSTHHTDGLSKIRLNYSDESPEAGKMLEDELVDFSEDQDNQDDSSDDGFLADDNCSSEIGQWHLKPT	187	958	1195	237
12299	HUMAN25296	Q17R60	189	227	VANVSLGPFPLTPDDTLLNEILDNTLNDTKMPTTERETE	38	243	303	60
12300	HUMAN25296	Q17R60	315	348	AKSPASDLLSFDSNKIESEEVYHGTMEEDKQPEI	33	410	467	57
12301	HUMAN25296	Q17R60	31	62	SETKDIDNPPRNETTESTEKMYKMSTMRRIFD	31	48	91	43
12303	HUMAN25299	P28222	1	45	MEEPGAQCAPPPPAGSETWVPQANLSSAPSQNCSAKDYIYQDSIS	44	4	66	62
12304	HUMAN25299	P28222	241	304	KQTPNRTGKRLTRAQLITDSPGSTSSVTSINSRVPDVPSESGSPVYVNQVKVRVSDALLEKKKL	63	272	362	90
12305	HUMAN25300	A8MW99	73	144	GSFKSGYVSSQLEAQEPKSSESTLTSMEDSGCDLSNEQRTESSDLSQHFVESCTPTHFPPLPLVKRPCAILQ	71	125	236	111
12306	HUMAN25304	Q8WWQ0	1280	1315	LSDSEDEEKDADVPGTSTRKRKDHQPRRRLRNRAQS	35	2815	2862	47
12310	HUMAN25308	Q9GZR5	273	314	PKKPKAGKTAMNGISANGVSKSEKQLMIENGKKQKNGKAKGD	41	477	585	108
12314	HUMAN25316	Q13641	1	33	MPGGCSRGPAAGDGRLRLARLALVLLGWVSSSS	32	4	176	172
12315	HUMAN25326	Q8N3Z0	194	243	KSGGKKRRGSKRSRREASGGDQREGTREHLRERAKGGRRRKKSGRGQRIA	49	301	366	65
12317	HUMAN25329	Q5TAB7	1	32	MENAGGAEGTESGAAACAATDGPTRRAGADSG	31	4	44	40
12318	HUMAN25329	Q5TAB7	44	73	GGKKEEETPNHAAEAMPDGPGMTAASGKLY	29	78	109	31
12319	HUMAN25331	Q96G30	175	205	NYFGEDDLLISEPPIVLETKPLSQTSHKDLD	30	241	273	32
12320	HUMAN25331	Q96G30	58	157	IFMFFVLTLLTKTGAPHQDNAESSEKRFRMNSFVSDFGRPLEPDKVFSRQGNEESRSLFHCYINEVERLDRAKACHQTTALDSDVQLQEAIRSSGQPEEE	99	85	221	136
12322	HUMAN25332	Q5TB80	930	960	EMEGILKRRYPNSLPALILAASAAGDTVDKN	30	1522	1567	45
12324	HUMAN25338	Q9Y5W7	2	60	VPWVRTMGQKLKQRLRLDVGREICRQYPLFCFLLLCLSAASLLLNRYIHILMIFWSFVA	58	37	156	119
12325	HUMAN25338	Q9Y5W7	473	556	ESPTRNSKLNRGSLSLDDFRNTQKRGESFGISRIGSKIKGVFKSTTMEGAMLPNYGVAEGEDDFIEEGIVVMEDDSPVEAVSTP	83	711	922	211
12326	HUMAN25338	Q9Y5W7	733	778	ESPKPKPSRPELTILSPTSENNKKLFNDLFKNNANRAENTERKQNQ	45	1129	1196	67
12327	HUMAN25340	O60506	499	586	GGRGARGAAPSRGRGAAPPRGRAGYSQRGGPGSARGVRGARGGAQQQRGRGVRGARGGRGGNVGGKRKADGYNQPDSKRRQTNNQNWG	87	688	837	149
12328	HUMAN25341	P28566	214	282	QKRGSSRHLSNRSTDSQNSFASCKLTQTFCVSDFSTSDPTTEFEKFHASIRIPPFDNDLDHPGERQQIS	68	240	312	72
12329	HUMAN25345	O60281	2433	2576	SQVKETSEQEGAKNDVKDSDTCVSESNDNSRTTATVSQKEVEKNEKDEMDELTELFITKLINEDSTSVETQANTSSNVSNDFQEDNLCQSERQKASNLKRVNKEKNVSQNKKRKVEKAEPASAAELSSVRKEEETAVAIQTIEE	143	3295	3478	183
12330	HUMAN25345	O60281	2602	2639	SAVKQKKNTDKDHPNTGNKKGSHSNSRKNIDKTAVTSG	37	3503	3545	42
12332	HUMAN25358	Q9HBV2	253	294	AKASTPEVQSEQSSVRYKDSTSLDQLPTEMPGEDDALSEWNE	41	380	479	99
12333	HUMAN25358	Q9HBV2	29	72	GTNVTAAVQDAGLAHEGEGEEETENNDSETAENYAPPETEDVSN	43	86	183	97
12334	HUMAN25359	P21554	28	75	IQYEDIKGDMASKLGYFPQKFPLTSFRGSPFQEKMTAGDNPQLVPADQ	47	101	154	53
12335	HUMAN25359	P21554	420	472	QPLDNSMGDSDCLHKHANNAASVHRAAESCIKSTVKIAKVTMSVSTDTSAEAL	52	507	563	56
12339	HUMAN25365	P24046	1	71	MLAVPNMRFGIFLLWWGWVLATESRMHWPGREVHEMSKKGRPQRQRREVHEDAHKQVSPILRRSPDITKSP	70	38	121	83
12340	HUMAN25365	P24046	375	443	KEQKLREKLPCTSGLPPPRTAMLDGNYSDGEVNDLDNYMPENGEKPDRMMVQLTLASERSSPQRKSQRS	68	441	526	85
12341	HUMAN25367	P28476	1	54	MPYFTRLILFLFCLMVLVESRKPKRKRWTGQVEMPKPSHLYKKNLDVTKIRKGK	53	27	100	73
12342	HUMAN25367	P28476	355	427	KERKLREKFPCMCGMLHSKTMMLDGSYSESEANSLAGYPRSHILTEEERQDKIVVHLGLSGEANAARKKGLLK	72	420	541	121
12343	HUMAN25368	Q9Y385	153	284	GSAMKDVLLPLKSGSDSSQADQEAKELARQISFKAEVNSSGKTISESDLNHSFSLTDLQDDIPTTFQGATASTSYGLQNSSAASFHQPTQPVAKNTSMSPRQRRAQQQSQRRLSTSPDVIQGHQPRDNHTDH	131	177	355	178
12345	HUMAN25378	Q969M2	104	144	EKDRQRKKSHLRAQMENPDLDLEEQQRIDRELRRLEEQKRI	40	103	144	41
12348	HUMAN25379	Q9BYV9	737	841	DLPTASSINPAPLGAEQNIAASQCAVGENVPCCLEPGAAPPGPPWAPSNTSENCTSGRRLEGTDPGTFSERGPPLEPRSQTVTVDFCQEMTDKCTTDEQPRKDYT	104	1029	1188	159
12350	HUMAN25382	Q5SRI9	1	95	MAKFRRRTCIILALFILFIFSLMMGLKMLRPNTATFGAPFGLDLLPELHQRTIHLGKNFDFQKSDRINSETNTKNLKSVEITMKPSKASELNLDE	94	99	290	191
12351	HUMAN25384	O94874	391	471	NPVHLITEEDLKQISTLESVSTSKKDKKDERRRKATEGSGSMRGGGGGNAREYKIKKVKKKGRKDDDSDDESQSSHTGKKK	80	1353	1534	181
12352	HUMAN25386	Q9BZJ6	35	76	FQHPDLSPLLRYSFETMAPTGLSSLTVNSTAVPTTPAAFKSL	41	67	116	49
12354	HUMAN25391	P20265	408	443	KEKRMTPPGGTLPGAEDVYGGSRDTPPHHGVQTPVQ	35	543	591	48
12355	HUMAN25393	Q5TGI0	339	409	DNTIYESEESSEGSKTHTPLLDFSFYSRTETFEDEGAENSFSRTPDTDFTGHSLFDSDVDMDDYTDHEQCK	70	418	503	85
12356	HUMAN25394	Q9NZJ6	335	369	VQEHPASAEFVLKGETEELQANACTNPAVHEKLKK	34	1089	1168	79
12357	HUMAN25395	Q8TF01	1	33	MWDQGGQPWQQWPLNQQQWMQSFQHQQDPSQID	32	79	298	219
12359	HUMAN25397	Q70EL2	1	34	MRVKDPTKALPEKAKRSKRPTVPHDEDSSDDIAV	33	1	119	118
12361	HUMAN25400	P24863	249	283	EMATILSKMPKPKPPPNSEGEQGPNGSQNSSYSQS	34	763	854	91
12363	HUMAN25403	Q9H4Q3	643	707	RDLERHVKSRHPGQSLLAKAGDGPGAEPGYPPEPGDPKSDDSDVDVCFTDDQSDPEVGGGGERDL	64	895	1007	112
12364	HUMAN25406	Q8N3C0	172	211	DMHDLDHFDELPINGETQKTISLDYKKFLNEHLQEACTPE	39	624	734	110
12365	HUMAN25406	Q8N3C0	1	38	MALPRLTGALRSFSNVTKQDNYNEEVADLKIKRSKLHE	37	113	233	120
12366	HUMAN25406	Q8N3C0	347	394	IARREKKAGEDLEVSEGLMCFDPKELRIQREQALLNARSVPILSRQRD	47	1125	1234	109
12367	HUMAN25408	Q13002	873	908	RRLKHKPQAPVIVKTEEVINMHTFNDRRLPGKETMA	35	1089	1136	47
12368	HUMAN25410	Q8IYU2	380	469	KNKRDSTEITSILLKQKGQDQDAASIPPFEPPGPGSYENLSTGTRESKPDALAGRQEASADCQDVISMTANRLSAVIQAFYMCCSCQMPP	89	508	710	202
12369	HUMAN25413	Q8NE79	269	360	LNDKKAKKLEHQLSLCTQISMLEMRNSIASSSDSDDGLHQFLRGTSSMSSLHVSSPHQRASAKMKPIEEGAEDDDDVFEPASPNTLKVHQLP	91	320	504	184
12371	HUMAN25418	O75626	701	752	SLKVHLKGNCAAAPAPGLPLEDLTRINEEIEKFDISDNADRLEDVEDDISVI	51	1465	1561	96
12372	HUMAN25418	O75626	765	825	KEKEETGLKVSLQRNMGNGLLSSGCSLYESSDLPLMKLPPSNPLPLVPVKVKQETVEPMDP	60	1602	1691	89
12373	HUMAN25423	P25063	1	60	MGRAMVARLGLGLLLLALLLPTQIYSSETTTGTSSNSSQSTSNSGLAPNPTNATTKAAGG	59	0	65	65
12375	HUMAN25429	Q5T5X7	344	385	EMEDSQPSGQVASFFEAEQVDPGHFLDNKDQEEALSLDRSST	41	375	424	49
12376	HUMAN25429	Q5T5X7	484	531	GLDAGSEGDPPRDDCYDSSSLPDDISVVKVEDSFEGERPGRRSKKIWL	47	534	583	49
12377	HUMAN25429	Q5T5X7	647	711	DTEQRRSYQQQRKVHVPGPECRDLTSYAINPERFREEFEGPPLPPERSSKDFCKIPLDELVVPSP	64	699	775	76
12378	HUMAN25433	A7XYQ1	1	40	MAEMEKEGRPPENKRSRKPAHPVKREINEEMKNFAENTMN	39	0	66	66
12380	HUMAN25433	A7XYQ1	49	224	DKVELKDGEDIEFRSYPTDGESRQHISVLKENSLPKPKLPEDSVISPYNISTGYSGLATGNGLSDSPAGSKDHGSVPIIVPLIPPPFIKPPAEDDVSNVQIMCAWCQKVGIKRYSLSMGSEVKSFCSEKCFAACRRAYFKRNKARDEDGHAENFPQQHYAKETPRLAFKNNCELLV	175	74	322	248
12381	HUMAN25434	Q8N228	1	90	MQSQRIPGRKRGRPSLHSTPMKMAVHNLYSASAGSLPAVKIPKKRGRKPGYKIKSRVLMTPLALSPPRSTPEPDLSSIPQDAATVPSLAA	89	100	200	100
12382	HUMAN25434	Q8N228	210	341	GCSASEKVQEKEEGRMESVKTVTTEEYLVNPVGMNRYSVDTSASTFNHRGSLHPSSSLYCKRQNSGDSHLGGGPAATAGGPRTSPMSSGGPSAPGLRPPASSPKRNTTSLEGNRCASSPSQDAQDARRPRSR	131	353	537	184
12385	HUMAN25438	Q86WC4	1	30	MEPGPTAAQRRCSLPPWLPLGLLLWSGLAL	29	32	97	65
12386	HUMAN25442	Q8WV93	1	70	MAASWSLLVTLRPLAQSPLRGRCVGCGAWAAALAPLATAPGKPFWKAYTVQTSESMTPTATSETYLKALA	69	55	280	225
12387	HUMAN25443	O43524	1	156	MAEAPASPAPLSPLEVELDPEFEPQSRPRSCTWPLQRPELQASPAKPSGETAADSMIPEEEDDEDDEDGGGRAGSAMAIGGGGGSGTLGSGLLLEDSARVLAPGGQDPGSGPATAAGGLSGGTQALLQPQQPLPPPQPGAAGGSGQPRKCSSRRNA	155	44	251	207
12391	HUMAN25457	O43167	651	697	HQEQTEELHLATSTSDPAQHLQLTQEPGPPPPTHHVPQPTPLGQEQS	46	1000	1090	90
12392	HUMAN25458	Q5TCS8	1039	1079	GPEFEEDSENEQAAKQELEELAIQANVKVEEENTKKQLPEV	40	2336	2448	112
12393	HUMAN25458	Q5TCS8	1189	1255	IRVDTIAKRRAELILERDKKRRENVVRDDEEISEEELEEDNDDIENILEDEFPKDEEEMSGEEDEEQ	66	2596	2729	133
12394	HUMAN25458	Q5TCS8	186	233	KKKKEAQKDGKGEEEEEEEEQEEEEAFIAEMQMVAEILHHLVQRPEDY	47	1009	1121	112
12395	HUMAN25458	Q5TCS8	483	576	FGVFPMEATHSSIDEEGYIQGSQRDRGSSLVDTEEAKTKSENVLHDQAAKVDKDDGKETGETFTFKRHSQDASQDVKLYSDTAPTEDLIEEVTA	93	1482	1618	136
12396	HUMAN25458	Q5TCS8	697	810	KKKEEEEARKATEEELRLEEENRRLLELMKVKAKEAEETDNEDEEEIEGDELEVHEEPEASHDTRGSWLPEEFEASEVPETEPEAVSEPIEETTVETEIPKGSKEGLEIEKLSE	113	1800	1985	185
12397	HUMAN25458	Q5TCS8	893	925	YEEETEDYQTEAEVDEELEEEEEEEGEDKMKER	32	2159	2207	48
12398	HUMAN25462	Q92562	719	792	DETGKSVLGNKSNREEAVLQRKTAASAPPPPSEEAVSSSSEDDSGTDREEEGSVSQRSTPVKMTDAGDSAKVTE	73	1866	2112	246
12400	HUMAN25466	O60508	201	238	DEKDVAKPSEEEQKELDEITAKRQKKGKQEEEKPGEEK	37	841	979	138
12401	HUMAN25467	Q5JXM2	36	108	AGPGSPTRSAPPGPAWRPPGPHLPPAPGQPRGASRRQVTYVRSGRRAPPGGGGSGTPEPGCCAPRGRPRRKGP	72	45	173	128
12402	HUMAN25469	Q86VW1	541	577	KLESENESKSSKLLLTTNNSGLEKTEAITPRDSGLGE	36	713	831	118
12404	HUMAN25473	Q969F1	114	213	KEGEENIGGVEWLQIKDNDFSYRPNMICNFLHENEDEEVVASAPDKSLELEEEEIQMNDSSNLSCEQEKPMHLEIEDSGPLIDIPSETEGSVFMETQMLP	99	149	261	112
12405	HUMAN25475	Q9H7B2	272	306	DLSKLQTRKMKGLKKRPAERITEDHEKKSKRIKKN	34	993	1212	219
12406	HUMAN25476	Q8TF71	1	61	MVLSQEEPDSARGTSEAQPLGPAPTGAAPPPGPGPSDSPEAAVEKVEVELAGPATAEPHEP	60	98	298	200
12407	HUMAN25476	Q8TF71	476	515	KQREISKTTGKEKMEKMLENQNSLLSSSSGMFKKESDSII	39	1028	1118	90
12408	HUMAN25477	Q5TF39	148	227	ASAENHTESDFHPALNQSSDADSEALFGVPNDKNLLWAYAVIGTYMFLVSVIFFCLFLKNSSKQEKARASAETFRRAKYH	79	304	486	182
12409	HUMAN25477	Q5TF39	410	518	SPLDRQRKEDRKSEDQKALLSSSGLNEYEEENEEEDAEKWNEMDFEMIETNDTMRHSIIETSRSSLTEPTAEVYNQYPSNALVFESSPFNTGSAHVKHLPETRTKGTNV	108	693	913	220
12414	HUMAN25481	P06241	1	80	MGCVQCKDKEATKLTEERDGSLNQSSGYRYGTDPTPQHYPSFGVTSIPNYNNFHAAGGQGLTVFGGVNSSSHTGTLRTRG	79	1	173	172
12415	HUMAN25484	Q4G0N7	1	45	MPFQFGTQPRRFPVEGGDSSIELEPGLSSSAACNGKEMSPTRQLR	44	0	45	45
12417	HUMAN25491	Q8IZT8	40	84	ICPIEGRLGGARTQAEFPLRALQFKRGLLHEFRKGNASKEQVRLH	44	200	307	107
12418	HUMAN25492	P42685	11	42	YLEPYLPCLSTEADKSTVIENPGALCSPQSQR	31	25	120	95
12420	HUMAN25495	Q9UJ04	1	201	MSGLDGGNKLPLAQTGGLAAPDHASGDPDRDQCQGLREETEATQVMANTGGGSLETVAEGGASQDPVDCGPALRVPVAGSRGGAATKAGQEDAPPSTKGLEAASAAEAADSSQKNGCQLGEPRGPAGQKALEACGAGGLGSQMIPGKKAKEVTTKKRAISAAVEKEGEAGAAMEEKKVVQKEKKVAGGVKEETRPRAPKIN	200	55	272	217
12422	HUMAN25504	Q9H446	169	243	RMKEEEQAGKNKLSGKQLFETDHNLDTSDIQFLEDAGNNVEVDESLFQEMDDLELEDDEDDPDYNPADPESDSAD	74	726	964	238
12424	HUMAN25505	Q5TD94	270	309	ALQNENELLPTYEIAEKQKALFLQGHLEGVDQELEDEIAE	39	505	641	136
12425	HUMAN25505	Q5TD94	376	425	GEDEEEVEEEDVAEERDNGESEAHEDEEDELPKSFYKAPQAIPKEESRTG	49	736	928	192
12426	HUMAN25506	Q96AP4	205	275	YHILQEHVDLHLEENSFQQGMDRVQCSGDLQLAHQLQQEEDRKRRSEESRQEIEEFQKLQRQYGLDNSGGY	70	580	668	88
12428	HUMAN25508	Q5T6X4	1	67	MLRAVGSLLRLGRGLTVRCGPGAPLEATRRPAPALPPRGLPCYSSGGAPSNSGPQGHGEIHRVPTQR	66	1	76	75
12429	HUMAN25509	Q5T6X5	852	926	MIYSYSSHSVSSIALSPASLDSMSGNVTMTNPSSSGKSATWQKSKDLQAQAFAHICRENATSVSKTLPRKRMSSI	74	1111	1206	95
12430	HUMAN25510	Q8HWS3	1	117	MAKVPELEDTFLQAQPAPQLSPGIQEDCCVQLLGKGLLVYPEETVYLAAEGQPGGEQGGGEKGEDPELPGAVKSEMHLNNGNFSSEEEDADNHDSKTKAADQYLSQKKTITQIVKDK	116	12	159	147
12431	HUMAN25510	Q8HWS3	557	680	KNSDASKAAFTASPSSCFLANRNKGSMVSSDAVKNESHVETTYLPLPSSQPGGLGPALHQFPAGNTDNMPLTGQMELSQIAGHLMTPPISPAMASRGSVINQGPMAGRPPSVGPVLSAPSHCST	123	660	811	151
12432	HUMAN25510	Q8HWS3	847	909	SGRKQTSSFYTDTSSPVACRTPVLASSLQTPIPSSSSQCMYGTSNQYPAQETLDSHGTSSREM	62	1033	1115	82
12433	HUMAN25511	Q8N8G2	20	76	AAYTPYHQKLAYYSKMQEAQECNASPSSSGSGSSSFSSQTPASIKEEEGSPEKERPP	56	31	123	92
12435	HUMAN25512	P08922	2281	2317	CGQGEEKSEGPLGSQESESCGLRKEEKEPHADKDFCQ	36	4418	4526	108
12436	HUMAN25514	Q8N8Z6	1	33	MVPGARGGGALARAAGRGLLALLLAVSAPLRLQ	32	134	189	55
12438	HUMAN25515	Q9HD26	113	155	VVLEKEVHDQLLQLHSIQLQLHAKTGQSADSGTIKAKLSGPSV	42	165	218	53
12439	HUMAN25515	Q9HD26	374	462	VDSDDENVEYEDESGHRYRLYLDELEGGGNPGASCKDTSGEIKVLQGFNKKAVTDTHENGDLGTASETPLDDGASKLDDLHTLYHKKSY	88	501	638	137
12440	HUMAN25517	Q5T1Q4	1	45	MIPPEQPQQQLQPPSPAPPNHVVTTIENLPAEGSGGGGSLSASSR	44	10	164	154
12441	HUMAN25517	Q5T1Q4	360	408	IAQDPRVYKQFRNPSGPVVDLPTTAQVEPSVTYTSLGQETEEEPHVRVA	48	799	929	130
12442	HUMAN25519	P26678	1	52	MEKVQYLTRSAIRRASTIEMPQQARQKLQNLFINFCLILICLLLICIIVMLL	51	1	53	52
12444	HUMAN25521	Q9Y294	156	204	NTEKLEDAESSNPNLQSLLSTDALPSASKGWSTSENSLNVMLESHMDCM	48	336	528	192
12448	HUMAN25526	Q96NH3	130	166	EEDETRNQERQKKIQKEKSHSYRTDNCSDSDSSLNQS	36	182	236	54
12449	HUMAN25528	P17302	107	140	NKKEEELKVAQTDGVNVDMHLKQIEIKKFKYGIE	33	136	173	37
12450	HUMAN25528	P17302	241	382	KGKSDPYHATSGALSPAKDCGSQKYAYFNGCSSPTAPLSPMSPPGYKLVTGDRNNSSCRNYNKQASEQNWANYSAEQNRMGQAGSTISNSHAQPFDFPDDNQNSKKLAAGHELQPLAIVDQRPSSRASSRASSRPRPDDLEI	141	274	436	162
12452	HUMAN25529	Q03933	459	499	ASSVEQASTTASSEVLSSVDKPIEVDELLDSSLDPEPTQSK	40	708	763	55
12453	HUMAN25530	Q9NRX5	334	373	RTSNNSQVNKLTLTSDESTLIEDGGARSDGSLEDGDDVHR	39	669	777	108
12454	HUMAN25534	Q92484	1	33	MALVRALVCCLLTAWHCRSGLGLPVAPAGGRNP	32	31	187	156
12455	HUMAN25535	Q5SYC1	273	327	DSEYNVDSYSMPVKEVEKELSPKSMKRSQSVVDPTVLKRMDKNEEENMQPLLSLD	54	402	473	71
12456	HUMAN25536	Q13061	1	50	MTEITAEGNASTTTTVIDSKNGSVPKSPGKVLKRTVTEDIVTTFSSPAAW	49	0	95	95
12459	HUMAN25548	Q9UBP5	1	59	MKRPCEETTSESDMDETIDVGSENNYSGQSTSSVIRLNSPTTTSQIMARKKRRGIIEKR	58	6	80	74
12460	HUMAN25549	Q8NI08	162	215	SPSSTLRLSSSSPGATVSPSSSDAEYDKLPDADLARKALKPIERVLSSTSEEDE	53	527	704	177
12463	HUMAN25551	Q9NQE9	1	43	MAEEQVNRSAGLAPDCEASATAETTVSSVGTCEAAGKSPEPKD	42	67	119	52
12464	HUMAN25556	Q9NTX7	187	353	ANTVNLARESSADGADSVSAQSGASVQPLVSSVRPLTSVDGQLTSPATPSPDASTSLEDSFAHLQLSGDNTAERSHRGEGEEDHESPSSGRVPAPDTSIEETESDASSDSEDVSAVVAQHSLTQQRLLVSNANQTVPDRSDRSGTDRSVAGGGTVSVSVRSRRPDGQ	166	214	416	202
12465	HUMAN25556	Q9NTX7	1	33	MMAGCGEIDHSINMLPTNRKANESCSNTAPSLT	32	3	51	48
12467	HUMAN25564	Q5TF21	828	864	TIDRLIADTSTIITEARIYVANGDLFGLMDEEDDGSR	36	992	1037	45
12468	HUMAN25564	Q5TF21	894	947	VPKSADDRGAEEPISVSQMFQPIILLILILVLFSSLSYTTIFKLVFLFTLFFVL	53	1066	1134	68
12470	HUMAN25572	P24043	1	33	MPGAAGVLLLLLLSGGLGGVQAQRPQQQRQSQA	32	10	187	177
12471	HUMAN25572	P24043	2714	2745	KLREDEDGAAPAEIVIQPEPVPTPAFPTPTPV	31	4829	5001	172
12473	HUMAN25573	Q8N392	538	572	TENHKKDKRAMKKLLKKMAYDREKYEKQDKSTNDA	34	1051	1098	47
12474	HUMAN25575	Q96JM7	49	223	ENEMENVKKATATTTWMVPTAQEAPTSPPSSRPVFPPAYWTSPPGCPTVFSEKTGMPFRLKDPVKVEGLQFCENCCQYGNVDECLSGGNYCSQNCARHIKDKDQKEERDVEEDNEEEDPKCSRKKKPKLSLKADTKEDGEERDDEMENKQDVRILRGSQRARRKRRGDSAVLKQG	174	560	809	249
12476	HUMAN25578	Q86VY9	1	106	MIATGGVITGLAALKRQDSARSQQHVNLSPSPATQEKKPIRRRPRADVVVVRGKIRLYSPSGFFLILGVLISIIGIAMAVLGYWPQKEHFIDAETTLSTNETQVIR	105	18	187	169
12477	HUMAN25579	H3BR10	1	33	MLSKGRSPRRKQVQTQRKAALVLSVTPMVPVGS	32	0	33	33
12478	HUMAN25579	H3BR10	52	107	WFLFFGVFLPVTLLLLLLIAYFRIKLIEVNEELSQNCDRQHNPKDGSSLYQRMKWT	55	51	107	56
12481	HUMAN25585	Q9P0M2	1	82	MERPEAGGINSNECENVSRKKKMSEEFEANTMDSLVDMPFATVDIQDDCGITDEPQINLKRSQENEWVKSDQVKKRKKKRKD	81	0	174	174
12482	HUMAN25590	O14638	1	46	MESTLTLATEQPVKKNTLKKYKIACIVLLALLVIMSLGLGLGLGLR	45	67	128	61
12484	HUMAN25594	P22413	1	78	MERDGCAGGGSRGGEGGRAPREGPAGNGRDRGRSHAAEAPGDPQAAASLLAPMDVGEEPLEKAARARTAKDPNTYKVL	77	94	202	108
12485	HUMAN25598	O15400	121	164	RVRASSRVSGSFPEDSSKERNLVSWESQTQPQVQVQDEEITEDD	43	364	496	132
12486	HUMAN25615	O43680	1	86	MSTGSLSDVEDLQEVEMLECDGLKMDSNKEFVTSNESTEESSNCENGSPQKGRGGLGKRRKAPTKKSPLSGVSQEGKQVQRNAANA	85	88	205	117
12488	HUMAN25617	Q8TD20	568	617	NYVKNNICFMSHHQEELVPKQPQKRKPQEQLLECNKLCGRGQSRQLSPET	49	1478	1585	107
12490	HUMAN25626	P10242	1	37	MARRPRHSIYSSDEDDEDFEMCDHDYDGLLPKSGKRH	36	36	80	44
12491	HUMAN25629	Q8N157	1114	1196	ELPPEIKERSPPLSPEEKTKIEKSPAPQKQSINKNKSQDFRLGSESMTHSEMRKEQSHEDQGHIMDTRMRKNKQAGRKVTLIE	82	1539	1705	166
12493	HUMAN25629	Q8N157	547	583	YRSMMALQEEKGKPVHCERHHESSSVDTEPGLEESKE	36	736	779	43
12494	HUMAN25629	Q8N157	941	1020	GIHQSQDALCTCPKLPHQGSFQIDEFVHTESSSTKMQLVKQRLETVTEVIRSCAAKVNKNLSFTSPPAVSSQQSKLKQSN	79	1189	1354	165
12495	HUMAN25635	Q6P444	323	385	FQEDDSFEKENRSWESSPFSSPETSRFGHHISQSEGQRTKEEMVNTKAVDQGISNTSLLNSRI	62	522	616	94
12498	HUMAN25640	Q99683	1179	1243	SLASESDTADQEDLDVEDDHEEQPSNQTVRRPQAVIEDAVATSGVSTLSSTVSHDSQSAHRSLNV	64	1876	1987	111
12499	HUMAN25640	Q99683	1278	1308	DQEIKHLKLKSQPIEIPELPVFHLNSSGTNT	30	2030	2114	84
12501	HUMAN25640	Q99683	939	1039	KVSSKKKKTQPKLSALSAGSNEYLRSISLPVPVLVEDTSSSSEYGSVSPDTELKVDPFSFKTRAKSCGERDVKGIRTLFLGIPDENFEDHSAPPSPEEKDS	100	1550	1727	177
12502	HUMAN25643	Q5M8T2	305	382	TRKQSNYEDLEAQPRGEEAQLSGDQLPFVMEELPGEGGNGRSEGGEAAGGPAQESRQEVRGSPRGVPLVAGSSEEGSR	77	521	666	145
12503	HUMAN25644	Q9UHF4	319	398	DSKISHQDMSLLGKSSDVSSLNDPQPSGNLRPPQEEEEVKHLGYASHLMEIFCDSEENTEGTSLTQQESLSRTIPPDKTV	79	459	561	102
12504	HUMAN25644	Q9UHF4	409	441	DICAGPEEQELSLQEEVSTQGTLLESQAALAVL	32	624	670	46
12505	HUMAN25647	P15260	314	444	FSLEKEVVCEEPLSPATVPGMHTEDNPGKVEHTEELSSITEVVTTEENIPDVVPGSHLTPIERESSSPLSSNQSEPGSIALNSYHSRNCSESDHSRNGFDTDSSCLESHSSLSDSEFPPNNKGEIKTEGQE	130	422	574	152
12506	HUMAN25649	Q7RTU3	157	272	SAFHCGTVGHSAGHPAHAANSVHPVHPILGGALSSGNASSPLSAASLPAIGTIRPPHSLLKAPSTPPALQLGSGFQHWAGLPCPCTICQMPPPPHLSALSTANMARLSAESKDLLK	115	223	374	151
12507	HUMAN25649	Q7RTU3	1	94	MNSDSSSVSSRASSPDMDEMYLRDHHHRHHHHQESRLNSVSSTQGDMMQKMPGESLSRAGAKAAGESSKYKIKKQLSEQDLQQLRLKINGRERK	93	0	153	153
12508	HUMAN25650	P21580	683	759	NQRFHEAKRTEEQLRSSQRRDVPRTTQSTSRPKCARASCKNILACRSEELCMECQHPNQRMGPGAHRGEPAPEDPPK	76	1072	1180	108
12510	HUMAN25652	Q5TH69	1413	1445	IFLSGRLAGLPRRLQEQSASSEDGIESVLSDFD	32	2852	2970	118
12511	HUMAN25652	Q5TH69	179	234	ENTIIENPDVPQDFGNQGSTVESLCDDVVSVLTVLCEKLQAAINDSQQLQLLYLEC	55	511	643	132
12514	HUMAN25654	A0A1B0GU29	1	79	MRGLLGSSWKKFGHAGRGTYEWLTSEPGLPLLETQLQGTQGVSSTQEDVEPFLCILLPATILLFLAFLLLFLYRRCKSP	78	0	84	84
12516	HUMAN25662	Q8IWP9	1	169	MPRAEPRATLGEQEKAGLPLGAWRLYLLRHFRKQTELRRSGSRDVTGALLVAAAVASEAVGSLRVAEGGPNTLLLQVLRSWPWCNKELKTMEERKVKRRSPKSFSAHCTQVVNAKKNAIPVSKSTGFSNPASQSTSQRPKLKRVMKEKTKPQGGEGKGAQSTPIQHSFL	168	1	227	226
12517	HUMAN25663	Q008S8	168	200	NEPKTEDEELLERQREKCLRKRIWEKIALRKKE	32	250	330	80
12518	HUMAN25663	Q008S8	211	280	GTCCSSVLKPRCQPRLSQTVRERVGLHEALEKQLVLTSLETLPKRSNISGSHSYPLLSKKNWHGVHKNDD	69	341	558	217
12519	HUMAN25663	Q008S8	509	561	DTAQALADGLMELSKEDSERNVVEDNSWDTKSRLSKNDLNFEALINLERILQK	52	815	1000	185
12523	HUMAN25667	Q9UBI9	1	90	MPNPKNSKGGRKNKRANSSGDEQENGAGALAAAGAAGAAAGGALAAAAGCGAAAAGAPGAGGAAGAGGAGTGAANAAAAAGAAAAGDAKN	89	0	183	183
12524	HUMAN25668	Q8N3L3	1	158	MEANHSEQLSAERQSTPPGDSSSLPSHNGLEKEDGQDSPTPVQPPEKEASVHPDISEELNRQLEDIINTYGSAASTAGKEGSARASEQPENAESPDNEDGDCEETTEEAGREPVASGEPPTVKEPVSNKEQKLEKKILKGLGKEANLLMQNLNKLQTP	157	95	278	183
12526	HUMAN25671	P28336	345	390	SYQERGTSYLLSSSAVRMTSLKSNAKNMVTNSVLLNGHSMKQEMAL	45	472	586	114
12528	HUMAN25674	Q86SQ4	373	404	DLGTLCQATVNSPSTTPPTVTTNMPVTNRIDK	31	521	715	194
12529	HUMAN25680	Q9BTY2	1	30	MRPQELPRLAFPLLLLLLLLLPPPPCPAHS	29	244	385	141
12531	HUMAN25684	Q5TFG8	42	222	NRKRKPFSSLKQRLQGTDIPTVKKTPQSKSPPVRKSNWRQQHEDFINAIRSAKQCMLAIKEGRPLPPPPPPSLNPDYIQRPYCMRRFNESAAERHTNFCKDQSSRRVFNPAQTAAKLASRAQGRAQMGPKKEPTVTSAVGALLQNRVLVATNEVPTKSGLAMDPASGAKLRQGFSKSSKKD	180	95	335	240
12532	HUMAN25687	O75558	1	30	MKDRLAELLDLSKQYDQQFPDGDDEFDSPH	29	26	87	61
12534	HUMAN25688	P46939	272	306	KYKKECEEEAINIQSTAPEEEHESPRAETPSTVTE	34	703	934	231
12536	HUMAN25688	P46939	643	683	GMSQIPQKDLLETVRVREQAITKKSKQELPPPPPPKKRQIH	40	1320	1398	78
12538	HUMAN25699	Q13255	1	33	MVGLLLFFFPAIFLEVSLLPRSPGRKVLLAGAS	32	22	113	91
12540	HUMAN25701	Q8N7X0	1178	1248	KGLSSQSSKHILSFHSASKKEQEVYVKKKAAQGIQKSPKGRAVSAIQDIGLPLVEEETTSTPTREDSSSTP	70	2078	2218	140
12541	HUMAN25701	Q8N7X0	1283	1356	KSNTKAYGERHEELINLGSPDSHTISEGQKSSVTSKTTRKGKEKSSEKEKTAKEKQAPRFEPQISTVHPQQEDP	73	2252	2368	116
12542	HUMAN25701	Q8N7X0	1371	1409	ESELFEVKKDTERADEIRAMKQAWETTEPGRAIKASQAR	38	2385	2426	41
12543	HUMAN25701	Q8N7X0	1419	1544	KTSDAESPPISESQTKPKEEVETAARGVKEPNSKNSAGSESKEMTQTGSGSAVWKKWQLTKGLRDVAKSTSSESGGVSSPGKEEREQSTRKENIQTGPRTRSPTILETSPRLIRKALEFMDLSQYV	125	2435	2596	161
12544	HUMAN25701	Q8N7X0	1627	1667	LLEAEHLKLETLAAQEAAMKLETEKMTPAPDTQKKKKGKKK	40	2694	2747	53
12545	HUMAN25701	Q8N7X0	1	41	MASKQTKKKEVHRINSAHGSDKSKDFYPFGSNVQSGSTEQK	40	35	184	149
12546	HUMAN25701	Q8N7X0	305	407	SSESKIAVLDSKLKEPGKEGKEGKEIKDGKEVKDVKEFKPESSLTTLKAPEKSDKVPKEKADARDIGKKRSKDGEKEKFKFSLHGSRPSSEVQYSVQSLSDCS	102	647	823	176
12547	HUMAN25701	Q8N7X0	524	627	TEMHFVRSLIKKGIPPGSDLPSVSETDETATHSQTDLSQITKATSQGNTASQVILGKGTDEQTDFGLGDAHQSDGLNLEREIVSQTTATQEKSQEELPTTNNSV	103	1003	1232	229
12548	HUMAN25705	Q5T5C0	1038	1113	ETPEAPNRGFFKGLFGGGAQSLDREELFGESSSGKASRSLAQHIPGPGGIEGVKGAASGVVGELARARLALDERGQ	75	2941	3032	91
12549	HUMAN25705	Q5T5C0	1	35	MRKFNIRKVLDGLTAGSSSASQQQQQQHPPGNREP	34	133	276	143
12550	HUMAN25705	Q5T5C0	554	595	VETPEGEQPPPLPTPVGGSNPQPIPPQSHPSTSSSSSDGLRD	41	924	995	71
12552	HUMAN25707	Q5TGI4	67	121	ANAAGLYFTLEPQPAPPGPPADAVPTGRRGEPCGGPAQGTRGDSRGHTTAPRSRE	54	70	160	90
12553	HUMAN25709	O94885	188	344	ERIQLMMMVKEKMITIEEALARLKEYEAQHRQSAALDPADWPDGSYPTFDGSSNCNSREQSDDETEESVKFKRLHKLVNSTRRVRKKLIRVEEMKKPSTEGGEEHVFENSPVLDERSALYSGVHKKPLFFDGSPEKPPEDDSDSLTTSPSSSSLDTW	156	476	661	185
12554	HUMAN25709	O94885	1	35	MEDAGAAGPGPEPEPEPEPEPEPAPEPEPEPKPGA	34	32	167	135
12555	HUMAN25709	O94885	358	547	ESRGLIKPPKKMGTFFSYPEEEKAQKVSRSLTEGEMKKGLGSLSHGRTCSFGGFDLTNRSLHVGSNNSDPMGKEGDFVYKEVIKSPTASRISLGKKVKSVKETMRKRMSKKYSSSVSEQDSGLDGMPGSPPPSQPDPEHLDKPKLKAGGSVESLRSSLSGQSSMSGQTVSTTDSSTSNRESVKSEDGDDE	189	674	890	216
12557	HUMAN25709	O94885	88	177	RVSQDLEVEKPDASPTSLQLRSQIEESLGFCSAVSTPEVERKNPLHKSNSEDSSVGKGDWKKKNKYFWQNFRKNQKGIMRQTSKGEDVGY	89	296	466	170
12558	HUMAN25711	Q9Y2C2	1	96	MKKKQQHPGGGADPWPHGAPMGGAPPGLGSWKRRVPLLPFLRFSLRDYGFCMATLLVFCLGSLLYQLSGGPPRFLLDLRQYLGNSTYLDDHGPPPS	95	10	218	208
12560	HUMAN25715	A2A288	46	83	RPGALEHPAAPRLVPRGSCGVPDSAQRGPGTALEEDFR	37	45	86	41
12562	HUMAN25720	O75449	77	184	KLDSTPLKAAQHDLPASEGEVWSMPVPVERRPSPGPRKRQSSQYSDPKSHGNRPSTTVRVHRSSAQNVHNDRGKAVRCREKKEQNKGREEKNKSPAAVTEPETNKFDS	107	248	497	249
12563	HUMAN25721	O95835	1088	1128	GYPYNYPKPIEYEYINSQGSEQQSDEDDQNTGSEIKNRDLV	40	1947	1992	45
12564	HUMAN25730	Q86VZ4	1	47	MASVAQESAGSQRRLPPRHGALRGLLLLCLWLPSGRAALPPAAPLSE	46	42	104	62
12566	HUMAN25730	Q86VZ4	464	500	LLLLMVACRLRLVKQKLKKARPITSEESDYLINGMYL	36	771	808	37
12567	HUMAN25732	Q6H3X3	208	259	SAGAPPTMSSGTAQPRATATTLILCCLLIMCLLICSRHSLTQSHGHHPQSLQ	51	209	261	52
12568	HUMAN25734	Q9BZM6	207	244	PTKPPSLAPGTTQPKAMATTLSPWSLLIIFLCFILAGR	37	246	285	39
12569	HUMAN25736	Q9BZM4	207	244	EPTAPPTMAPGLAQPKAIATTLSPWSFLIILCFILPGI	37	206	247	41
12570	HUMAN25737	Q8TAE6	1	70	MSVATGSSETAGGASGGGARVFFQSPRGGAGGSPGSSSGSGSSREDSAPVATAAAAGQVQQQQQRRHQQG	69	11	111	100
12571	HUMAN25741	Q9ULL1	1259	1346	AQIATQNYFSNFKETDGDEDDYVEIKSEEDESELELSHNRRRKSDSKFVDADFSDNVCSGNTLHSLNSPRTPKKPVNSKLGLSPYLTP	87	1913	2016	103
12572	HUMAN25741	Q9ULL1	1	47	MELSDSDRPVSFGSTSSSASSRDSHGSFGSRMTLVSNSHMGLFNQDK	46	101	156	55
12574	HUMAN25741	Q9ULL1	61	107	PFSSSELQRDNPATGQQNADEGSERPPRAQWRVDSNGAPKTIADSAT	46	169	229	60
12575	HUMAN25746	Q9NWS8	41	167	CSTLTIRQSLDLFLPDKTASGLNKSQILEMNQKKSDTSMLSPLNAARCQDEKAHLPTMKSFGTHRRVTHKPNLLGSKWFIKILKRHFSSVSTETFVPKQDFPQVKRPLKASRTRQPSRTNLPVLSVN	126	71	295	224
12577	HUMAN25749	P03372	1	44	MTMTLHTKASGMALLHQIQGNELEPLNRPQLKIPLERPLGEVYL	43	62	110	48
12578	HUMAN25749	P03372	254	307	GIRKDRRGGRMLKHKRQRDDGEGRGEVGSAGDMRAANLWPSPLMIKRSKKNSLA	53	384	448	64
12579	HUMAN25749	P03372	550	595	HAPTSRGGASVEETDQSHLATAGSTSSHSLQKYYITGEAEGFPATV	45	762	844	82
12580	HUMAN25749	P03372	60	180	YEFNAAAAANAQVYGQTGLPYGPGSEAAAFGSNGLGGFPPLNSVSPSPLMLLHPPPQLSPFLQPHGQQVPYYLENEPSGYTVREAGPPAFYRPNSDNRRQGGRERLASTNDKGSMAMESAK	120	131	307	176
12581	HUMAN25750	Q8NF91	147	178	SLSSSASSVDSIVSSETPSPPSKRKVTTKIQG	31	1277	1378	101
12585	HUMAN25750	Q8NF91	8663	8736	SSSQQDLSSWSSADELDTSGSVSPTSGRSTPNRQKTPRGKCSLSQPGPSVSSPHSRSTKGGSDSSLSEPGPGRS	73	19985	20145	160
12586	HUMAN25754	Q8N699	149	204	SLEQANSFPRKSSFRASTFHPFLQCPPLPVETESQLVTLPSSNISPTISTSHSLSR	55	203	285	82
12587	HUMAN25754	Q8N699	16	46	LAVLQRDRIKLLFFDILVFLSVFLLFLLFLV	30	41	78	37
12588	HUMAN25754	Q8N699	97	138	RRASAPISQWSSSRRSRSSYTHGLNRTGFYRHSGCERRSNLS	41	132	190	58
12589	HUMAN25755	P01282	1	82	MDTRNKAQLLVLLTLLSVLFSQTSAWPLYRAPSALRLGDRIPFEGANEPDQVSLKEDIDMLQNALAENDTPYYDVSRNARHA	81	4	95	91
12591	HUMAN25756	Q9UKT4	307	365	NKFSPHASTREYVMFRTPLASVQKSAAQTSLKKDAQTKLSNQGDQKGSTYSRHNEFSEV	58	447	525	78
12592	HUMAN25756	Q9UKT4	418	447	DCSDGKLLKASCKIGPLPGTKKSKKNLRRL	29	578	615	37
12594	HUMAN25765	Q8IVF5	1017	1093	KNTANDFSNVPDITTGLKRSQTDGTLDQVSHREKMEQTFRSAEQITALCRSFNDSQANGMEGPRENQDPPPRSLARH	76	1311	1432	121
12596	HUMAN25765	Q8IVF5	749	804	KRTLSLTQRGRNKKGIFSSLKGLDTLARKGKEKRPSITQVDELLHIYGSTVDGVPR	55	937	1067	130
12597	HUMAN25767	P56880	188	219	RNPEARLDPPTQQPISNTQLENNSTHNLKDYV	31	187	246	59
12598	HUMAN25778	Q8IZN3	1	35	MPPGGGGPMKDCEYSQISTHSSSPMESPHKKKKIA	34	14	53	39
12599	HUMAN25778	Q8IZN3	323	488	LIDRRGYIQPDTPQPAAPSNGITMYGATQSQSDMCDQDQCIQSTKFVLQAAATPLLQSEPSLTSDELHLPGKPGLGTPCASLTLGPPTPPASMPNLAEATLADVMPRKDEHMGHQFLTPDEAPSPPRLLAAGSPLAHSRTMHVLGLASQDSLHEDSVRGLVKLSSV	165	406	607	201
12604	HUMAN25787	Q9P2C4	1	98	MGAAPSPTQASSRGGGPGPPAPTRAVSSSSRARGGALSALGPSPARPLTTSPAPAPPPRSRPARQQPDPQCWEKRGGAGGDTKGGAAGPGPGRLRGMD	97	0	157	157
12605	HUMAN25787	Q9P2C4	566	612	SQLKDNPAFSMLNDSDDDVIYGSDYEEMPLQNGQAIRAKYKEESDSD	46	816	938	122
12608	HUMAN25793	Q86UC2	474	560	GEDTHQSPEPEDEPGGPGAMTESLEASEFLEQSMSQTRELLLDGGYLQRTTYDRRSSQERKFMEERELLGQDEETAMRKSLGEEELS	86	622	718	96
12609	HUMAN25794	Q8N103	1	81	MKLRSSHNASKTLNANNMETLIECQSEGDIKEHPLLASCESEDSICQLIEVKKRKKVLSWPFLMRRLSPASDFSGALETDL	80	275	376	101
12611	HUMAN25795	Q4ZHG4	1	36	MAPEAGATLRAPRRLSWAALLLLAALLPVASSAAAS	35	67	107	40
12613	HUMAN25806	Q9H0U6	1	43	MALRSRFWGLFSVCRNPGCRFAALSTSSEPAAKPEVDPVENEA	42	13	92	79
12614	HUMAN25809	P04201	1	30	MDGSNVTSFVVEEPTNISTGRNASVGNAHR	29	2	48	46
12615	HUMAN25810	P11717	2283	2313	GFDSENPGDDGQMHKGLSERSQAVGAVLSLL	30	3932	3979	47
12616	HUMAN25810	P11717	2329	2491	KERRETVISKLTTCCRRSSNVSYKYSKVNKEEETDENETEWLMEEIQLPPPRQGKEGQENGHITTKSVKALSSLHGDDQDSEDEVLTIPEVKVHSGRGAGAESSHPVRNAQSNALQEREDDRVGLVRGEKARKGKSSSAQQKTVSSTKLVSFHDDSDEDLLHI	162	3995	4226	231
12620	HUMAN25818	Q9NRZ5	334	378	SSLTLASFILVFFVASVGVRWMIGVTEIDKGSAYGNSDSKQKLND	44	742	789	47
12621	HUMAN25822	O60260	77	139	GQEMNATGGDDPRNAAGGCEREPQSLTRVDLSSSVLPGDSVGLAVILHTDSRKDSPPAGSPAG	62	154	284	130
12622	HUMAN25824	Q96M98	1	66	MVAEKETLSLNKCPDKMPKRTKLLAQQPLPVHQPHSLVSEGFTVKAMMKNSVVRGPPAAGAFKERP	65	30	255	225
12624	HUMAN25829	Q5T5N4	1	43	MAEEREPELYLKWKHCETPGVKTLCNLKHCETPGVKTLCNLKK	42	14	77	63
12625	HUMAN25829	Q5T5N4	66	178	PNKLYQPPETILQHWPNAHRPKGERASEVGEPPAGKVARMKEALAHFTIHTALVPSEAQDTPLFRYLNPQASLSHTSEEDFLPVEAVREGKEEKKGGPPGRGPPGWRRREELR	112	99	286	187
12626	HUMAN25832	O15178	1	38	MSSPGTESAGKSLQYRVDHLLSAVENELQAGSEKGDPT	37	1	58	57
12630	HUMAN25843	P51684	342	374	KSSGFSCAGRYSENISRQTSETADNDNASSFTM	32	440	478	38
12632	HUMAN25847	Q9BWV7	1	81	MRGRDLCSSTQSQALGSLRTTTPAFTLNIPSEANHTEQPPAGLGARLQEAGVSIPPRRGRPTPTLEKKKKPHLMAEDEPSG	80	12	95	83
12633	HUMAN25847	Q9BWV7	423	546	EGREASNATHGNSNIDAAKSDRGGLDAPDCLPYDSLSFTSRMYNEDDSVVEKAVSVRPEAAPASQLEGEMSGQDFHLSTREMPQSKPKLRSRHTPHKTLMPYASLFQSHSCKTKTSPCVLSDRG	123	442	641	199
12634	HUMAN25855	Q9UIL4	212	256	SDSTADQACSATLPREQTEAGRAGRSRRASQGALAPQLVPGNPAG	44	594	678	84
12635	HUMAN25857	Q8N878	1	49	MAVPPRGRGIDPARTNPDTFPPSGARCMEPSPERPACSQQEPTLGMDAM	48	0	61	61
12637	HUMAN25866	Q7Z4R8	140	191	EQHPFGEAAYPADGADAGQKHAGAPEDASQEEESVLWTILISILKLVLEILF	51	204	298	94
12638	HUMAN25866	Q7Z4R8	1	32	MAAPRGRAAPWTTALLLLLASQVLSPGSCADE	31	20	82	62
12640	HUMAN25867	Q8WUB8	281	374	TALYEPPLDPELPALDSDGDSDDGEDGRGDEKRKNKGTSDSSSGNVSEGESPPDSQEDSFQGRQKSKDKAATPRKDGPKRSVLSKSVPGYKPKV	93	781	1004	223
12641	HUMAN25868	Q8IZS6	1	68	MEKRGRGVKSSPIQTPNQTPQQAPVTPRKERRPSMFEKEAYTQILRERLRESIHNVQYVEPPFDDSIA	67	4	95	91
12643	HUMAN25873	P20226	1	158	MDQNNSLPPYAQGLASPQGAMTPGIPIFSPMMPYGTGLTPQPIQNTNSLSILEEQQRQQQQQQQQQQQQQQQQQQQQQQQQQQQQQQQQQQQQQQAVAAAAVQQSTSQQATQGTSGQAPQLFHSQTLTTAPLPGTTPLYPSPMTPMTPITPATPASES	157	14	217	203
12644	HUMAN25876	P04085	52	89	SVGSEDSLDTSLRAHGVHATKHVPEKRPLPIRRKRSIE	37	81	137	56
12645	HUMAN25878	P31321	62	97	NRQILARQKSNSQSDSHDEEVSPTPPNPVVKARRRR	35	316	409	93
12646	HUMAN25897	Q9BRJ6	1	97	MAKQKRKVPEVTEKKNKKLKKASAEGPLLGPEAAPSGEGAGSKGEAVLRPGLDAEPELSPEEQRVLERKLKKERKKEERQRLREAGLVAQHPPARRS	96	0	187	187
12647	HUMAN25900	Q99527	1	48	MDVTSQARGVGLEMYPGTAQPAAPNTTSPELNLSHPLLGTALANGTGE	47	14	67	53
12648	HUMAN25907	Q8N201	270	311	GEAGRVAGDLGAGSSPHPSLTEEEDSQTELLIAEEKLSPEQE	41	689	779	90
12649	HUMAN25907	Q8N201	35	109	QANESKTASTLLKPAPSGLPSERKRDAAAALSSASALTGLTKRPKLSSTPPLSALGRLAEAAVAEKRAISPSIKE	74	211	364	153
12650	HUMAN25908	O60675	123	156	RGPVAPSKVATTSVITIVKSTELSSTSVPFSAAS	33	180	224	44
12651	HUMAN25909	Q6ZMB5	1	43	MSNVSGILETAGVPLVSANWPQPSPPPAVPAGPQMDHMGNSSQ	42	106	209	103
12652	HUMAN25911	P0C7U0	264	302	RPASGRSQPGRSPPPPPPPEPSDMPCADDECFSGDGTTP	38	284	332	48
12655	HUMAN25916	Q9Y5X2	1	59	MTGRAMDPLPAAAVGAAAEAEADEEADPPASDLPTPQAIEPQAIVQQVPAPSRMQMPQG	58	46	220	174
12657	HUMAN25918	Q9NRB3	1	116	MTKARLFRLWLVLGSVFMILLIIVYWDSAGAAHFYLHTSFSRPHTGPPLPTPGPDRDRELTADSDVDEFLDKFLSAGVKQSDLPRKETEQPPAPGSMEESVRGYDWSPRDARRSPD	115	183	345	162
12658	HUMAN25926	Q9C0H2	416	523	KRGPDEDGEEEAAPGPRQAHDSLYRVHMPSLYSCGSSYGSETSIPAAAHTVSNAPVTEYMSQNANFQNPRCENTPLIGRESPPPSYTSSMRAKYLATSQPRPDSSGSH	107	547	706	159
12659	HUMAN25930	Q400G9	334	394	AGEPSVWEDTPPASADSGMCCESDSEPGTSVSEPLTPDAGSHTFASGPEEGLSYLAASEAP	60	355	425	70
12660	HUMAN25934	Q9BXL7	225	305	LQLEIDQLKHRLNKMEEECKLERNQSLKLKNDIENRPKKEQVLELERENEMLKTKNQELQSIIQAGKRSLPDSDKAILDIL	80	263	360	97
12661	HUMAN25934	Q9BXL7	313	368	LEDRQELVNRIYNLQEEARQAEELRDKYLEEKEDLELKCSTLGKDCEMYKHRMNTV	55	367	423	56
12663	HUMAN25934	Q9BXL7	852	916	RGSREEVDGTHHTLRALRNTLQPEEALSTSDPRVSPRLSRASFLFGQLLQFVSRSENKYKRMNSN	64	1069	1160	91
12664	HUMAN25934	Q9BXL7	926	955	PLGSLARSSLDATKLLTEKQEELDPESELG	29	1172	1217	45
12665	HUMAN25935	Q7Z5N4	1	79	MARGARPSAAGGGGGGAEPPERAGPGRPRGSPPGRARPSLAPRPGPEPSRPRAAPETSGGDTAGAGRCGGRRAAKLGPG	78	0	242	242
12666	HUMAN25935	Q7Z5N4	2036	2137	KKYKNCSTGKGISTMEESVTLDNGGFAALELSSRHLNVKSTFSKKNGTRSPPRPSPGGLHYSDEDICNKYNGAVLTESVSLKEKSADASESEATDSDYEDAL	101	2357	2472	115
12667	HUMAN25936	P85037	1	101	MAEVGEDSGARALLALRSAPCSPVLCAAAAAAAFPAAAPPPAPAQPQPPPGPPPPPPPPLPPGAIAGAGSSGGSSGVSGDSAVAGAAPALVAAAAASVRQS	100	1	136	135
12668	HUMAN25936	P85037	208	303	EEAPASPLRPLYPQISPLKIHIPEPDLRSMVSPVPSPTGTISVPNSCPASPRGAGSSSYRFVQNVTSDLQLAAEFAAKAASEQQADTSGGDSPKDE	95	280	400	120
12669	HUMAN25938	Q96JH8	165	237	VEELAAKEVDTITAGINAQARRLQRSRAKGTPTPALGDARSSPPPRLRRTVSETSLSPVNALPAAAQGPEEPG	72	286	471	185
12670	HUMAN25938	Q96JH8	1	58	MFYGTHFIMSPPTKSKLKRQSQLLSSMLSRTLSYKYRDLDSTFSSLGASDDPAELSTQ	57	52	156	104
12672	HUMAN25942	Q9NYW8	62	176	QGEEPWIMGGEFPCQHSPEAWRVDDLIERIQENEDKHSRQAACINSKTLTEEKENTFSQIYMETSLVPSSIIAHNCVSCGKNLESISQLISSDGSYARTKPDECNECGKTYHGEK	114	298	418	120
12673	HUMAN25943	Q9Y4P8	378	454	SLETTNEILDSASHDCPLVTQTYGAAAGKGTYVPSSPTRLAYTDDLGAVGGACLEDEASALRLDEDSEHPPMILRTD	76	1094	1338	244
12674	HUMAN25944	Q7RTT9	1	60	MGSVGSQRLEEPSVAGTPDPGVVMSFTFDSHQLEEAAEAAQGQGLRARGVPAFTDTTLDE	59	41	176	135
12675	HUMAN25944	Q7RTT9	267	333	DSHRGRPGLGRGYGYRVHHDVVAGDVHFEHPAPALAPNESPKDSPAHEVTGSGGAYMRFDVPRPRVQ	66	481	690	209
12676	HUMAN25956	P0C881	646	757	KSYTNVPADDVSGNKHETIYTILNQDAQNKSPSAVMSHESDAAHSDSARSSSSKLELSPDVNKIRKSEPKIKKSVSHERVSKMNFKLTGKGITFFSSESKKYERPKDDREEE	111	711	883	172
12677	HUMAN25956	P0C881	779	870	REEAIKEKIRADRLRSTAQAQQRKMEDDELEARLNIFILREEEAKRHDYEVDITVLKEPADVSSSHLILDPPKEDVTVSPSSKTITSKKKKK	91	904	1018	114
12679	HUMAN25958	Q13155	69	113	LKAAVDGLSKMIQTPDADLDVTNIIQADEPTTLTTNALDLNSVLG	44	157	210	53
12680	HUMAN25959	Q9BQI3	1	42	MQGGNSGVRKREEEGDGAGAVAAPPAIDFPAEGPDPEYDESD	41	23	121	98
12682	HUMAN25963	Q9H9J4	1	85	MTIVDKASESSDPSAYQNQPGSSEAVSPGDMDAGSASWGAVSSLNDVSNHTLSLGPVPGAVVYSSSSVPDKSKPSPQKDQALGDG	84	0	85	85
12683	HUMAN25970	Q8NCG7	545	585	TELDGGDQEVLTQPLLGEQSLLTRWSPAYSFSSDSPLDSSP	40	955	1083	128
12684	HUMAN25974	A4D2P6	209	277	VVSQGLLGKLCRARRAQGAQRLRRSRSEERPERLLVSTRASAPPRRPDEPPPRRASLLVGGLAGPGGAR	68	542	631	89
12686	HUMAN25979	P0CG23	604	659	ERFRHKVQIRRHERQLHGAGRSRGLGLLRASRPAALGGPARAEQAATATAPADKAL	55	1375	1525	150
12687	HUMAN25980	A6NFI3	1	157	MAALHTTPDSPAAQLERAEDGSECDPDQEEEEEEEEKGEEVQEVEEEEEEIVVEEEEEGVAEVVQDAQVEAVAEVEVEADVEEEDVKEVLAEEECPALGTQERLSRGGDAKSPVLQEKGLQASRAPATPRDEDLEEEEEEEEDEDEDDLLTAGCQEL	156	1	227	226
12688	HUMAN25980	A6NFI3	938	970	RGATAAPGSGSAPAPAPKPEAAAKGPSSAGPGE	32	1067	1107	40
12689	HUMAN25981	P17014	59	188	KLEQGEEPWIVEGEFLLQSYPDEVWQTDDLIERIQEEENKPSRQTVFIETLIEERGNVPGKTFDVETNPVPSRKIAYKNSLCDSCEKCLTSVSEYISSDGSYARMKADECSGCGKSLLHIKLEKTHPGDQ	129	155	401	246
12691	HUMAN25982	B2RC85	779	870	REEAIKEKIRADRLRSTAQAQQRKMEDDELEARLNIFILREEEAKRHDYEVDITVLKEPADVSSSHLILDPPKEDVTVSPSSKTITSKKKKK	91	1082	1200	118
12692	HUMAN25984	Q9NS00	1	76	MASKSWLNFLTFLCGSAIGFLLCSQLFSILLGEKVDTQPNVLHNDPHARHSDDNGQNHLEGQMNFNADSSQHKDEN	75	47	256	209
12693	HUMAN25985	Q2UY09	1002	1069	GMSGEELSESTPEPQKEISESLSVTRDQDEDDKAPEPTWADDLPATTSSEATTTPRPLLSTPVDGAED	67	1239	1432	193
12695	HUMAN25985	Q2UY09	1	39	MWNRYFVFYLLLLSAFTSQTVSGQRKKGPKSNLLARKSD	38	13	112	99
12696	HUMAN25988	Q9NXC5	750	815	AVPHQGRGFSQYGVSGSPTKSKVTSCPGCRKPLPRCALCLINMGTPVSSCPGGTKSDEKVDLSKDK	65	2338	2548	210
12697	HUMAN25991	C9J7I0	1	81	MFHFFRKPPESKKPSVPETEADGFVLLGDTTDEQRMTARGKTSDIEANQPLETNKENSSSVTVSDPEMENKAGQTLENSSL	80	35	133	98
12699	HUMAN25996	P58417	1	81	MQAACWYVLFLLQPTVYLVTCANLTNGGKSELLKSGSSKSTLKHIWTESSKDLSISRLLSQTFRGKENDTDLDLRYDTPEP	80	3	100	97
12700	HUMAN25999	Q9UPZ6	278	311	GKNKEREKDRSKGVKDPEARELIKKKRNRNRQNR	33	548	674	126
12701	HUMAN26000	Q9NUM4	1	44	MGKSLSHLPLHSSKEDAYDGVTSENMRNGLVNSEVHNEDGRNGD	43	63	115	52
12702	HUMAN26002	Q8N2E2	680	756	EINKHTSPEEYNLNLFLQEKKHINLTKLGLNVQKHPGNEKEDSLQYLANKKYTQGRGSHSQEMRYNRQNRWKRQNFH	76	836	927	91
12703	HUMAN26003	A0A1B0GVB3	77	112	ERSSKPIKEEKRRKKISFPETMLHLPSIRNHPKEVT	35	129	194	65
12704	HUMAN26012	Q9Y6T7	383	424	TSGVSVPEERQSTVKKEKSGSQQPNKVIDKNKMQRANSVTVD	41	748	821	73
12707	HUMAN26016	P50222	238	304	RRMKWKRVKGGQQGAAAREKELVNVKKGTLLPSELSGIGAATLQQTGDSIANEDSHDSDHSSEHAHL	66	304	372	68
12708	HUMAN26017	A4D126	1	42	MEAGPPGSARPAEPGPCLSGQRGADHTASASLQSVAGTEPGR	41	7	61	54
12709	HUMAN26019	A6NJI9	197	227	IAFGGKVDASWDPKSPFKQKPAQRVPSDFAF	30	234	277	43
12710	HUMAN26020	Q8IV38	367	441	QQLEAAKEKRQEENHGKLDVNSNCVNEEQPEAEVGISQKDSNPEDSGEGKKESLESEAELEGLQDAPAGPQVSEE	74	529	687	158
12711	HUMAN26023	O95857	39	94	LISSLRVVGVVIAVGIFLFLIALVGLIGAVKHHQVLLFFYMIILLLVFIVQFSVSC	55	117	219	102
12712	HUMAN26026	Q8TD06	1	32	MMLHSALGLCLLLVTVSSNLAIAIKKEKRPPQ	31	57	114	57
12713	HUMAN26028	P35869	1	36	MNSSSANITYASRKRRKPVQKTVKPIPAEGIKSNPS	35	159	222	63
12715	HUMAN26028	P35869	805	848	GVLNETYPAELNNINNTQTTTHLQPLHHPSEARPFPDLTSSGFL	43	1317	1365	48
12716	HUMAN26029	Q9Y5W8	1	49	MLTEASLSIWGWGSLGIVLFLITFGPFVIFYLTFYILCFVGGGLVVTLL	48	89	330	241
12717	HUMAN26029	Q9Y5W8	522	559	PSFRGSDDGDGESFNGSPTGSINLSLDDLSNVSSDDSV	37	1512	1738	226
12718	HUMAN26034	Q15672	1	110	MMQDVSSSPVSPADDSLSNSEEEPDRQQPPSGKRGGRKRRSSRRSAGGGAGPGGAAGGGVGGGDEPGSPAQGKRGKKSAGCGGGGGAGGGGGSSSGGGSPQSYEELQTQR	109	15	152	137
12719	HUMAN26035	Q96RJ6	1	104	MAAYPESCVDTTVLDFVADLSLASPRRPLLCDFAPGVSLGDPALALREGRPRRMARFEEGDPEEEECEVDQGDGEEEEEEERGRGVSLLGRPKRKRVITYAQRQ	103	0	136	136
12721	HUMAN26039	Q6ZN28	1	135	MLITERKHFRSGRIAQSMSEANLIDMEAGKLSKSCNITECQDPDLLHNWPDAFTLRGNNASKVANPFWNQLSASNPFLDDITQLRNNRKRNNISILKEDPFLFCREIENGNSFDSSGDELDVHQLLRQTSSRNSG	134	21	200	179
12722	HUMAN26041	Q2M3G0	625	672	IKKADEQMESMTYSTERKTNSLPLHSVKSIKSDFIDKAEESTQSKEIS	47	1085	1301	216
12724	HUMAN26043	Q02446	203	253	NNQAILTAANRTASGNILAQNLANQTVPVQIRPGVSIPLQLQTLPGTQAQV	50	488	540	52
12726	HUMAN26043	Q02446	580	618	VAVGGIANATIGAVSPDQLTQVHLQQGQQTSDQEVQPGK	38	934	975	41
12727	HUMAN26043	Q02446	729	784	HQNKKGGGTALAIVTSGELDSSVTEVLGSPRIVTVAAISQDSNPATPNVSTNMEEF	55	1117	1179	62
12729	HUMAN26045	Q96GN5	21	59	SDDEEFVGFRDDVPMETLSSEESCDSFDSLESGKQQDVR	38	113	159	46
12730	HUMAN26045	Q96GN5	77	138	TDSETEDFAGFTQSDLNGKTNPEVMVVESDLSDDGKASLVSEEEEDEEEDKATPRRSRSRRS	61	177	273	96
12731	HUMAN26052	P05231	1	45	MNSFSTSAFGPVAFSLGLLLVLPAAFPAPVPPGEDSKDVAAPHRQ	44	0	52	52
12733	HUMAN26065	Q14956	1	42	MECLYYFLGFLLLAARLPLDAAKRFHDVLGNERPSAYMREHN	41	99	162	63
12734	HUMAN26067	Q96EH3	1	89	MGPGGRVARLLAPLMWRRAVSSVAGSAVGAEPGLRLLAVQRLPVGAAFCRACQTPNFVRGLHSEPGLEERAEGTVNEGRPESDAADHTG	88	0	96	96
12735	HUMAN26068	O00425	159	192	AAQQNPLQQPRGRRGLGQRGSSRQGSPGSVSKQK	33	270	335	65
12737	HUMAN26069	Q13595	1	116	MSDVEENNFEGRESRSQSKSPTGTPARVKSESRSGSRSPSRVSKHSESHSRSRSKSRSRSRRHSHRRYTRSRSHSHSHRRRSRSRSYTPEYRRRRSRSHSPMSNRRRHTGSRANPD	115	60	299	239
12738	HUMAN26071	Q96EE4	111	140	GSAANTTNGTSGNLVPVTTNKRTNVSGSIR	29	114	157	43
12739	HUMAN26071	Q96EE4	1	35	MFFTISRKNMSQKLSLLLLVFGLIWGLMLLHYTFQ	34	0	36	36
12740	HUMAN26073	A4D161	180	298	KPVGQDIPYAAMGGLTGFSSLAEGYMRLDDSGIGVPSVEFLESPITAVDSPFLKAFQASSSSSPETLTDVGTSSQVSSLRRPEEDDMAFFERRYQERMKMEKAAKWKGKAPLPSATKPS	118	238	412	174
12741	HUMAN26076	Q9BXU1	213	302	RLASRTDICEEKKLDPGQLVLRNLKSPIPLWGHRSNQSTFSRPKGHLSEKMTLDLKDENDAGNLITFPKESLAVGDFNLGSNVSLEKIKQ	89	358	511	153
12742	HUMAN26076	Q9BXU1	976	1018	KEQSVPNPEKDTEYTLYKKEEEIKTENLDKCMEKTRNGEANFD	42	1261	1387	126
12743	HUMAN26077	P01303	1	38	MLGNKRLGLSGLTLALSLLVCLGALAEAYPSKPDNPGE	37	31	71	40
12744	HUMAN26077	P01303	65	96	GKRSSPETLISDLLMRESTENVPRTRLEDPAM	31	98	136	38
12745	HUMAN26084	Q9H4L5	154	224	MFPHEVNHFFSGSTITDSSSGVFDSISSRKRSSISKQNLFQTGSNVSFSCGGETRVPLWLQSSEDMEKCSK	70	315	424	109
12746	HUMAN26084	Q9H4L5	1	31	MMSDEKNLGVSQKLVSPSRSTSSCSSKQGSR	30	106	151	45
12751	HUMAN26092	Q13185	81	116	KAGKEKDGTKRKSLSDSESDDSKSKKKRDAADKPRG	35	167	269	102
12753	HUMAN26095	O75563	64	103	QDKGDAEDGEEYDDPFAGPPDTISLASERYDKDDEAPSDG	39	124	171	47
12754	HUMAN26099	Q00056	1	190	MTMSSFLINSNYIEPKFPPFEEYAQHSGSGGADGGPGGGPGYQQPPAPPTQHLPLQQPQLPHAGGGREPTASYYAPRTAREPAYPAAALYPAHGAADTAYPYGYRGGASPGRPPQPEQPPAQAKGPAHGLHASHVLQPQLPPPLQPRAVPPAAPRRCEAAPATPGVPAGGSAPACPLLLADKSPLGLKGK	189	49	276	227
12755	HUMAN26099	Q00056	271	320	KKDHKLPNTKMRSSNSASASAGPPGKAQTQSPHLHPHPHPSTSTPVPSSI	49	356	417	61
12757	HUMAN26102	P31268	182	230	RMKWKKEHKDEGPTAAAAPEGAVPSAAATAAADKADEEDDDEEEEDEEE	48	228	316	88
12760	HUMAN26106	P31271	238	276	GPYHHHQPMPGYLDMPVVPGLGGPGESRHEPLGLPMESY	38	280	319	39
12761	HUMAN26106	P31271	25	225	GLVADELNKNMEGAAAAAAAAAAAAAAGAGGGGFPHPAAAAAGGNFSVAAAAAAAAAAAANQCRNLMAHPAPLAPGAASAYSSAPGEAPPSAAAAAAAAAAAAAAAAAASSSGGPGPAGPAGAEAAKQCSPCSAAAQSSSGPAALPYGYFGSGYYPCARMGPHPNAIKSCAQPASAAAAAAFADKYMDTAGPAAEEFSSRA	200	26	267	241
12762	HUMAN26107	P49640	1	186	MESRKDMVVFLDGGQLGTLVGKRVSNLSEAVGSPLPEPPEKMVPRGCLSPRAVPPATRERGGGGPEEEPVDGLAGSAAGPGAEPQVAGAAMLGPGPPAPSVDSLSGQGQPSSSDTESDFYEEIEVSCTPDCATGNAEYQHSKGSGSEALVGSPNGGSETPKSNGGSGGGGSQGTLACSASDQMRRY	185	91	330	239
12763	HUMAN26107	P49640	321	407	ELLCAFRHPPLYPGPAHGLGASAGGPCSCLACHSGPANGLAPRAAAASDFTCASTSRSDSFLTFAPSVLSKASSVALDQREEVPLTR	86	471	582	111
12764	HUMAN26116	Q02930	440	508	DCPITAMQKESQGYLSPESSPPASPVPACSQQQVIQHNTITTSSSVSEVVGSSTLSQLTTHRTDLNPIL	68	570	643	73
12765	HUMAN26117	Q7L0X0	413	569	SCADPSPSASLTADRRRQPLPTAAGEEMTPPAGLAEELPPQPQLQQQGRFLAGVAWDGAARELVGNRSALRLSRRGPGLQQPSPSVAAAAGPAPQSLDLHKKPQRGRPTRADPALAEPTPTASPGSAPSPAGDPWQRATKHRLGTEHQERAAQSDGG	156	473	720	247
12766	HUMAN26120	P52757	156	213	IGYATLLREKVSRRLSRSKNEPRKTNVTHEEHTAVEKISSLVRRAALTHNDNHFNYEK	57	349	460	111
12767	HUMAN26122	Q8IV56	1	129	MADSGDAGSSGPWWKSLTNSRKKSKEAAVGVPPPAQPAPGEPTPPAPPSPDWTSSSRENQHPNLLGGAGEPPKPDKLYGDKSGSSRRNLKISRSGRFKEKRKVRATLLPEAGRSPEEAGFPGDPHEDKQ	128	0	137	137
12768	HUMAN26131	Q8NHG8	1	150	MGAKQSGPAAANGRTRAYSGSDLPSSSSGGANGTAGGGGGARAAAAGRFPAQVPSAHQPSASGGAAAAAAAPAAPAAPRSRSLGGAVGSVASGARAAQSPFSIPNSSSGPYGSQDSVHSSPEDGGGGRDRPVGGSPGGPRLVIGSLPAHL	149	0	223	223
12771	HUMAN26150	Q96NK8	167	203	KGLSQPTTNLVAGCLQLNARSFLMGQGGEAAHHTRSP	36	256	297	41
12772	HUMAN26150	Q96NK8	1	109	MLTLPFDESVVMPESQMCRKFSRECEDQKQIKKPESFSKQIVLRGKSIKRAPGEETEKEEEEEDREEEDENGLPRRRGLRKKKTTKLRLERVKFRRQEANARERNRMHG	108	86	199	113
12773	HUMAN26150	Q96NK8	240	337	YESFYESTSPECASPQFEGPLSPPPINYNGIFSLKQEETLDYGKNYNYGMHYCAVPPRGPLGQGAMFRLPTDSHFPYDLHLRSQSLTMQDELNAVFHN	97	339	439	100
12774	HUMAN26152	O96001	1	155	MMSTEQMQPLELSEDRLDKLDPRCSHLDDLSDQFIKDCDLKKKPRKGKNVQATLNVESDQKKPRRKDTPALHIPPFIPGVFSEHLIKRYDVQERHPKGKMIPVLHNTDLEQKKPRRKDTPALHMSPFAAGVTLLRDERPKAIVEDDEKDGDKIAI	154	55	237	182
12777	HUMAN26162	Q8TA86	128	221	QKLEQFRVAHEDPMYDIIRDNKRHEKDVRIQQLKQLLEDSTSDEDRSSSSSSEGKEKHKKKKKKEKHKKRKKEKKKKKKRKHKSSKSNEGSDSE	93	183	313	130
12778	HUMAN26162	Q8TA86	1	81	MSSRPGREDVGAAGARRPREPPEQELQRRREQKRRRHDAQQLQQLKHLESFYEKPPPGLIKEDETKPEDCIPDVPGNEHAR	80	16	135	119
12780	HUMAN26172	Q9UMR3	1	93	MEFTASPKPQLSSRANAFSIAALMSSGGSKEKEATENTIKPLEQFVEKSSCAQPLGELTSLDAHGEFGGGSGSSPSSSSLCTEPLIPTTPIIP	92	1	152	151
12781	HUMAN26172	Q9UMR3	279	356	SNPFAKGFRDSSRLTDIERESVESLIQKHSYARSPIRTYGGEEDVLGDESQTTPNRGSAFTTSDNLSLSSWVSSSSSF	77	344	444	100
12782	HUMAN26173	Q9BSE4	214	269	ATSNVNPTQPTTSQPLNLAHVPGEEPPPAPNLVAQENRPMNENVQMNAQGGPVLNE	55	507	668	161
12783	HUMAN26173	Q9BSE4	323	375	RQEGGHQQAPNNNAEVNNDGQNANNLELEEMERLMDDGLEDESGEDGGEDASA	52	748	927	179
12784	HUMAN26173	Q9BSE4	87	152	TSRTPPSSPKSSTNRESHEALASSSNSSSDHSGSTTPSSGQETLSLAVGSSSEGLRQRTLPQAQTD	65	145	272	127
12785	HUMAN26176	Q7L9B9	103	134	KGSSAQHSPSSLRRDLLAEQQPHHLATAVPLT	31	133	189	56
12786	HUMAN26176	Q7L9B9	1	37	MGSTLGCHRSIPRDPSDLSHSRKFSAACNFSNILVNQ	36	7	62	55
12787	HUMAN26176	Q7L9B9	200	237	SRPPSTHTNGGLTFTAKPHPSPTSLSLQSEDLDLPPGG	37	261	330	69
12789	HUMAN26180	Q9NQW6	752	796	GSLEEAEAERLLLIATGKRTLLIDELNKLKNEGPQRKNKASPQSE	44	1070	1124	54
12790	HUMAN26180	Q9NQW6	889	924	DPSGLDKKKKTSKSKAITPKRLLTSITTKSNIHSSV	35	1221	1265	44
12791	HUMAN26186	Q9UM22	1	33	MPGRAPLRTVPGALGAWLLGGLWAWTLCGLCSL	32	121	161	40
12792	HUMAN26188	Q8N427	238	270	EETEPQTDTEPNERSEDQPEVEAQVTPGMMKNK	32	363	431	68
12793	HUMAN26189	Q6FHJ7	293	346	EQRRTVQDKKKTAGRTSRSNPPKPKGKPPAPKPASPKKNIKTRSAQKRTNPKRV	53	349	410	61
12794	HUMAN26191	O95772	1	46	MNHLPEDMENALTGSQSSHASLRNIHSINPTQLMARIESYEGREKK	45	0	51	51
12796	HUMAN26213	Q9NRH1	126	196	PPSHVVDLLDSIEDMDLCHVVPAEKKIDEAKDERLCENNAEFNKNCSKSHSGIDCSYVECCRTQEHAHSEN	70	158	243	85
12797	HUMAN26213	Q9NRH1	1	38	MSWVQAASLIQGPGDKGDVFDEEADESLLAQREWQSNM	37	27	70	43
12800	HUMAN26217	Q8TAP9	144	179	MLEDPWAGLEPVSVVDISQQYSNTQTFTGKKGRYFC	35	246	289	43
12801	HUMAN26217	Q8TAP9	1	135	MQRQNFRPPTPPYPGPGGGGWGSGSSFRGTPGGGGPRPPSPRDGYGSPHHTPPYGPRSRPYGSSHSPRHGGSFPGGRFGSPSPGGYPGSYSRSPAGSQQQFGYSPGQQQTHPQGSPRTSTPFGSGRVREKRMSNE	134	42	238	196
12802	HUMAN26218	Q9HAC7	1	43	MPSETHAMLATLARVAALRRTCLFSGRGGGRGLWTGRPQSDMN	42	22	185	163
12804	HUMAN26220	P08476	259	316	KKKKKEEEGEGKKKGGGEGGAGADEEKEQSHRPFLMLQARQSEDHPHRRRRRGLECDG	57	661	722	61
12805	HUMAN26227	Q76N89	1042	1109	RATTFIDPRIPLQNGRLPNHLTHRQHLQRLRSYSAGEASEVSRNRGASLLARPGHSLVAAIRSQHQHE	67	1476	1545	69
12806	HUMAN26227	Q76N89	1	34	MLLHLCSVKNLYQNRFLGLAAMASPSRNSQSRRR	33	9	57	48
12808	HUMAN26227	Q76N89	863	1014	AATPDGMRRSGSIQQMEQLNRRYQNIQRTIATERSEEDSGSQSCEQAPAGGGGGGGSDSEAESSQSSLDLRREGSLSPVNSQKITLLLQSPAVKFITNPEFFTVLHANYSAYRVFTSSTCLKHMILKVRRDARNFERYQHNRDLVNFINMFA	151	1275	1449	174
12809	HUMAN26229	Q9UEE5	1	41	MIPLEKPGSGGSSPGATSGSGRAGRGLSGPCRPPPPPQARG	40	57	112	55
12810	HUMAN26229	Q9UEE5	325	369	SIQEPSFRMEKALEEANALQEGHSVPEINSDTDKSETKESIVTEE	44	436	508	72
12811	HUMAN26230	Q9GZY4	1	36	MMWQKYAGSRRSMPLGARILFHGVFYAGGFAIVYYL	35	48	102	54
12812	HUMAN26236	Q8TCY9	140	176	PDARPVEKESQMEEEIIYWDPADDLAADIYSFSELPT	36	172	211	39
12813	HUMAN26236	Q8TCY9	1	65	MASPGIEVELLGKGHSDLGEVAPEIKASERRTAVAIADLEWREMEGDDCEFRYGDGTNEAQDNDF	64	7	97	90
12814	HUMAN26242	Q8NFV5	17	125	VDPSPPCRSLGWKRKREWSDESEEEPEKELAPEPEETWVVETLCGLKMKLKQQRVSPILLEHHKDFNSQLAPGVDPSPPHRSFCWKRKMEWWDKSEESEEEPRKVLAPE	108	16	125	109
12815	HUMAN26251	Q8IUX7	1000	1071	RPIPHIDPSRPMTPQQRRLQQRRLQHRLRLRAQMRLRRLNATTTLGPHTVPPTLPPAPATTLSTTIEPWGLI	71	1221	1360	139
12816	HUMAN26251	Q8IUX7	1099	1138	PEFGTKVEPEFETQLEPEFETQLEPEFEEEEEEEKEEEIA	39	1401	1469	68
12819	HUMAN26269	Q8IVD9	79	178	KRRQELEEKIRRKEEEEAKTVSAAAAEKEPVPVPVQEIEIDSTTELDGHQEVEKVQPPGPVKEMAHGSQEAEAPGAVAGAAEVPREPPILPRIQEQFQKN	99	134	353	219
12821	HUMAN26280	Q96QR8	1	31	MADGDSGSERGGGGGPCGFQPASRGGGEQET	30	41	111	70
12822	HUMAN26284	O15069	1488	1522	SEPSALVPESAPRPRVRLECKEEEEEEEEEVDEAG	34	2978	3019	41
12824	HUMAN26285	Q969Z0	2	64	AAHLVKRCTCLLREAARQAPAMAPVGRLRLAWVAHKTLTSSATSPISHLPGSLMEPVEKERAS	62	46	198	152
12826	HUMAN26287	Q08828	1	32	MAGAPRGGGGGGGGAGEPGGAERAAGTSRRRG	31	21	80	59
12828	HUMAN26288	A0A1B0GTI1	1	187	MEPGVQDLGLSSSEDESPSLAIRSPTLRKPLKHSTPEEAALGWSPRPSGGASYLSGSPMPAHFSQDLASHPAGVSPPATVRKRRLSTLWASKESSLDLSAPGEEPPTSASLTQRQRQRQQQQQQQESLRAKSWAQNPGLPGILNTTGRKRRDPKKRAAAMERVRQWEIYVLQNIEEATQHELTIEDD	186	0	207	207
12829	HUMAN26289	P08833	101	171	QGACVQESDASAPHAAEAGSPESPESTEITEEELLDNFHLMAPSEEDHSILWDAISTYDGSKALHVTNIKK	70	154	280	126
12830	HUMAN26290	P17936	1	32	MQRARPTLWAAALTLLVLLRGPPVARAGASSA	31	7	54	47
12834	HUMAN26297	Q8TDX9	2810	2849	LQLPLLEKTSNNTGEARTEESPLVDISSYQAAEPADIKDF	39	4014	4195	181
12835	HUMAN26297	Q8TDX9	79	130	AEDRESQSPSSSASRQKNIWKTTSEAALSVVNEKTQAVVNEKTQAPLDCDNS	51	86	138	52
12836	HUMAN26297	Q8TDX9	965	1010	ESSQLNLLPTEPGTADPDATTTPFSREPSPVTLGQPATSAPRGTPT	45	1335	1419	84
12837	HUMAN26298	Q8TAQ9	1	41	MSGKTKARRAAMFFRRCSEDASGSASGNALLSEDENPDANG	40	32	92	60
12838	HUMAN26305	Q2TAL6	1	88	MPSSTAMAVGALSSSLLVTCCLMVALCSPSIPLEKLAQAPEQPGQEKREHASRDGPGRVNELGRPARDEGGSGRDWKSKSGRGLAGRE	87	0	111	111
12840	HUMAN26308	A4D263	335	365	DDVDNPLGDIASLAKQRYSKPLYTNTSRAAN	30	385	418	33
12841	HUMAN26308	A4D263	379	418	HPANSNIPSTTPSPDSELHRVFQKEMAVDLFRHQAPLSRL	39	431	478	47
12845	HUMAN26313	Q13322	413	485	RKALLSPFSTPVRSVSENSLVAMDFSGQTGRVIENPAEAQSAALEEGHAWRKRSTRMNILGSQSPLHPSTLST	72	800	906	106
12846	HUMAN26315	O75128	1	53	MDAPRASAAKPPTGRKMKARAPPPPGKAATLHVHSDQKPPHDGALGSQQNLVR	52	47	134	87
12848	HUMAN26324	Q9NS86	1	60	MGETMSKRLKLHLGGEAEMEERAFVNPFPDYEAAAGALLASGAAEETGCVRPPATTDEPG	59	7	122	115
12849	HUMAN26325	Q96AW1	58	150	QRLWYFWFLLMMGVLFCCGAGFFIRRRMYPPPLIEEPAFNVSYTRQPPNPGPGAQQPGPPYYTDPGGPGMNPVGNSMAMAFQVPPNSPQGSVA	92	91	206	115
12850	HUMAN26326	Q6ZU15	399	432	LEGEIIDFYKMKAASEALQTQLSTDTKKDKHRKK	33	460	494	34
12852	HUMAN26338	Q9Y6H1	1	110	MPRGSRSRTSRMAPPASRAPQMRAAPRPAPVAQPPAAAPPSAVGSSAAAPRQPGLMAQMATTAAGVAVGSAVGHTLGHAITGGFSGGSNAEPARPDITYQEPQGTQPAQQ	109	29	229	200
12853	HUMAN26339	A6NF83	1	97	MEAPAERALPRLQALARPPPPISYEEELYDCLDYYYLRDFPACGAGRSKGRTRREQALRTNWPAPGGHERKVAQKLLNGQRKRRQRQLHPKMRTRLT	96	1	108	107
12854	HUMAN26344	A8MUV8	90	142	DINDSFQKVILRKSGSCDLNTLRLKKDYQRVGNCKGQKSSYNGIHQCLSATRS	52	89	170	81
12855	HUMAN26347	B4DX44	88	142	DHDIKDSFQKVILRKYGSCDLNNLHLKKDYQSVGNCKGQKSSYNGLHQCLSATHS	54	87	142	55
12856	HUMAN26353	Q14593	126	175	DSFQKVILRRYGKYGHENLQLRKGCKSADEHKVHKRGYNGLNQCLTTTQS	49	228	278	50
12857	HUMAN26353	Q14593	1	33	MSSAPRGPPSVAPLPAGIGRSTAKTPGLPGSLE	32	103	136	33
12858	HUMAN26355	Q03924	1	79	MKRHEMVAKHLVMFYYFAQHLWPEQNIRDSFQKVTLRRYRKCGYENLQLRKGCKSVVECKQHKGDYSGLNQCLKTTLSK	78	64	143	79
12859	HUMAN26369	O60507	1	59	MVGKLKQNLLLACLVISSVTVFYLGQHAMECHHRIEERSQPVKLESTRTTVRTGLDLKA	58	32	143	111
12860	HUMAN26370	Q96MP8	1	45	MVVVTGREPDSRRQDGAMSSSDAEDDFLEPATPTATQAGHALPLL	44	65	145	80
12861	HUMAN26373	Q9NWD8	73	105	ETLKHLTNDTTTPESTMTSGQARASTQSPQALE	32	156	220	64
12864	HUMAN26381	Q6IS24	1	99	MASLRRVKVLLVLNLIAVAGFVLFLAKCRPIAVRSGDAFHEIRPRAEVANLSAHSASPIQDAVLKRLSLLEDIVYRQLNGLSKSLGLIEGYGGRGKGGL	98	14	123	109
12865	HUMAN26384	Q6NUM6	201	305	ERKKSCGGHCKKGKCESHQHGSEEREEGSQEQDELHHRDTKEEEPFESSSEEEFGGEDHQSLNSIVDVEDLGKIMDHVKKEKREKEQQEEKSGLFRNMGRNEDGE	104	347	458	111
12866	HUMAN26385	Q96HA1	1	57	MSPAAAAAGAGERRRPIASVRDGRGRGCGGPARAVLLGLSLVGLLLYLVPAAAALAW	56	0	59	59
12868	HUMAN26391	O00144	145	194	RNDPHALCMEAPENATAGPAEPHKGLGMLPVAPRPARPPGDLGPGAGGSG	49	223	292	69
12869	HUMAN26391	O00144	1	35	MAVAPLRGALLLWQLLAAGGAALEIGRFDPERGRG	34	17	78	61
12870	HUMAN26391	O00144	547	591	AGRARAKACRAPGSYGRGTHCHYKAPTVVLHMTKTDPSLENPTHL	44	676	743	67
12873	HUMAN26392	Q9UIG0	145	209	EEATEKKSDGACDSPSSDKENSSQIAQDHQKKETVVKEDEGRRESINDRARRSPRKLPTSLKKGE	64	238	311	73
12875	HUMAN26392	Q9UIG0	787	869	ENDKKRAEKQKRKEMEAKNKENGKVENGLGKTDRKKEIVKFEPQVDTEAEDMISAVKSRRLLAIQAKKEREIQEREMKVKLER	82	1295	1453	158
12876	HUMAN26392	Q9UIG0	935	976	YRFNHHCKDHTVSGDEDYCPRSKKANLGKNASMNTQHGTATE	41	1526	1610	84
12877	HUMAN26393	Q9BQE9	54	202	SKEKEKSKSNSSAAREPNGFPSDASANSSLLLEFQDENSNQSSVSDVYQLKVDSSTNSSPSPQQSESLSPAHTSDFRTDDSQPPTLGQEILEEPSLPSSEVADEPPTLTKEEPVPLETQVVEEEEDSGAPPLKRFCVDQPTVPQTASES	148	89	309	220
12880	HUMAN26401	Q9NP71	1	43	MAGALAGLAAGLQVPRVAPSPDSDSDTDSEDPSLRRSAGGLLR	42	68	189	121
12881	HUMAN26404	Q96LL9	116	226	SDEDLRGPGVRPSRTPAPDPGSPRTPPPTSRTHDGSRASPGANRTMFNFDAFYQAHYGEQLERERRLRARREALRKRQEYRSMKGLRWEDTRDTAAIFLIFSIFIIIGFYI	110	182	312	130
12882	HUMAN26412	O15551	188	220	EKKYTATKVVYSAPRSTGPGASLGTGYDRKDYV	32	215	256	41
12883	HUMAN26415	Q6UE05	227	265	EAQEVEPQEVSGSSLLPSLSASSDSESGTVLPEQETPRE	38	250	293	43
12885	HUMAN26420	Q15056	1	34	MADFDTYDDRAYSSFGGGRGSRGSAGGHGSRSQK	33	42	135	93
12886	HUMAN26421	Q9GZY6	145	243	KTTETGAQQEGIGGLCRGDLSLSLALKTGPTSGLCPSASPEEDEESEDYQNSASIHQWRESRKVMGQLQREASPGPVGSPDEEDGEPDYVNGEVAATEA	98	212	327	115
12887	HUMAN26421	Q9GZY6	1	133	MSSGTELLWPGAALLVLLGVAASLCVRCSRPGAKRSEKIYQQRSLREDQQSFTGSRTYSLVGQAWPGPLADMAPTRKDKLLQFYPSLEDPASSRYQNFSKGSRHGSEEAYIDPIAMEYYNWGRFSKPPEDDDA	132	22	201	179
12888	HUMAN26422	P35250	1	33	MEVEAVCGGAGEVEAQDSDPAPAFSKAPGSAGH	32	113	205	92
12889	HUMAN26427	Q9UDT6	150	216	TAEGSGSDAHSVESLTAQNLSLHSGTATPPLTSRVIPLRESVLNSSVKTGNESGSNLSDSGSVKRGE	66	422	566	144
12892	HUMAN26427	Q9UDT6	957	1046	LTGLDKEKSLSDQRRYSLIDRSSAPELLRLQHQLMSTEDALRDALDQAQQVEKLMEAMRSCPDKAQTIGNSGSANGIHQQDKAQKQEDKH	89	2007	2235	228
12893	HUMAN26429	P78347	191	348	PKKHVGGRVMVTDADRSILSPGGSCGPIKVKTEPTEDSGISLEMAAVTVKEESEDPDYYQYNIQAGPSETDDVDEKQPLSKPLQGSHHSSEGNEGTEMEVPAEDSTQHVPSETSEDPEVEVTIEDDDYSPPSKRPKANELPQPPVPEPANAGKRKVRE	157	191	362	171
12894	HUMAN26429	P78347	655	718	PGMASKINTKALQSPKRPRSPGSNSKVPEIEVTVEGPNNNNPQTSAVRTPTQTNGSNVPFKPRG	63	709	781	72
12895	HUMAN26429	P78347	815	846	IKESTSSKSPPRKINSSPNVNTTASGVEDLNI	31	882	930	48
12896	HUMAN26429	P78347	951	998	NQLVDQSESEGPVIQESAEPSQLEVPATEEIKETDGSSQIKQEPDPTW	47	1041	1114	73
12897	HUMAN26430	P14598	285	390	QDVSQAQRQIKRGAPPRRSSIRNAHSIHQRSRKRLSQDAYRRNSVRFLQQRRRQARPGPQSPGSPLEEERQTQRSKPQPAVPPRPSADLILNRCSESTKRKLASAV	105	417	620	203
12898	HUMAN26439	Q6EKJ0	188	320	SQLGGPGMVTDAERSIVSPSESCGPINVKTEPMEDSGISLKAEAVSVKKESEDPNYYQYNMQGSHPSSTSNEVIEMELPMEDSTPLVPSEEPNEDPEAEVKIEGNTNSSSVTNSAAGVEDLNIVQVTVPDNEK	132	191	326	135
12900	HUMAN26444	A6NIY4	1	182	MDRTETRFRKRGQITEKITTSRQPQPQNEQSPQRSTSGYPLQEVVDDEVLGPSAPGVDPSPPCRSLGWKRKREWSDESAEEPEKELAPEPEETWVVEMLCGLKMKLKQQRVSPILPEHHKGFNSQLAPGVDPSPPHRSFCWKRKMEWWDESEESLEEEPRKVLAPEPEEIWVAEMLCGLKMK	181	0	183	183
12901	HUMAN26444	A6NIY4	317	352	GRSMNPRARKNRSRIPLLRKRRFQLGRSMNLRARKN	35	317	353	36
12902	HUMAN26445	O00291	1	37	MDRMASSMKQVPNPLPKVLSRRGVGAGLEAAERESFE	36	12	61	49
12903	HUMAN26445	O00291	294	416	NPPNFLRASALSEHISPVVVIPAEASSPDSEPVLEKDDLMDMDASQQNLFDNKFDDIFGSSFSSDPFNFNSQNGVNKDEKDHLIERLYREISGLKAQLENMKTESQRVVLQLKGHVSELEADL	122	420	658	238
12904	HUMAN26448	Q6NTF9	237	364	AERRAAQSRKLNPVPGSYPTQSCHPHLSPSHPVSQTQHASGQKLASWPSCTPGHMPTLPPYQPASGLCYVQNHFGPNPTSSSVYPASAGTSLGIQPPTPVNSPGTVYSGALGTPGAAGSKESSRVPMP	127	325	523	198
12906	HUMAN26469	Q9BT76	260	300	GGPGAAADRLLHGQALHDPPHPTQRGRHTAGGLQAWPGPPP	40	270	313	43
12907	HUMAN26473	Q8IYE0	921	955	LPLPKPYGALAPFKPSEPGANMRHIRKPVIKPVEI	34	1485	1578	93
12908	HUMAN26474	Q14314	92	206	LKKSCQDCKLQADDNGDPGRNGLLLPSTGAPGEVGDNRVRELESEVNKLSSELKNAKEEINVLHGRLEKLNLVNMNNIENYVDSKVANLTFVVNSLDGKCSKCPSQEQIQSRPVQ	114	197	381	184
12913	HUMAN26481	Q86UL8	1013	1128	NSPTSAPSSEKQSPMAQQSPLAQQSPLAQPSPATPNSPIAQPAPPQPLQLQGHENSYRSEVKARQDVKPDIRQPPFTDYRQPPLDYRQPPGGDYQQPPPLDYRQPPLLDYRQHSPD	115	1806	2051	245
12915	HUMAN26481	Q86UL8	192	301	PAPLLLNVTDQILPGATPSAEGKRKRNKSVSNMEKASIEPPEEEEEERPVVNGNGVVVTPESSEHEDKSAGASGEMPSQPYPAPVYSQPEELKEQMDDTKPTKPEDNEEP	109	235	361	126
12916	HUMAN26481	Q86UL8	554	598	TSQSVPDITDRPPHSLHSMPTDGQLDGTYPPPVHDDNVSMASSGA	44	887	955	68
12917	HUMAN26481	Q86UL8	688	763	WKTPKPIMDRWENQGSPQTSLSAPAIPQNLPFPPALHRSSFPDSTEAFDPRKPDPYELYEKSRAIYESRQQVPPRT	75	1160	1398	238
12918	HUMAN26481	Q86UL8	869	906	CPENGRSPGSVSTHHSSPRSDYATYTNSNHAAPSSNAS	37	1592	1651	59
12919	HUMAN26488	Q99985	714	751	QQHQQGDESQKMRGDYGKLKALINSRKSRNRRNQLPES	37	860	906	46
12920	HUMAN26490	P14210	1	34	MWVTKLLPALLLQHVLLHLLLLPIAIPYAEGQRK	33	85	128	43
12922	HUMAN26496	O15041	736	775	DRKRKKLKMSPSKWKYANPQEKKLRSKPEHYRLPRHTLDS	39	838	881	43
12923	HUMAN26497	Q14563	729	771	DRKQRRQRPGHTPGNSNKWKHLQENKKGRNRRTHEFERAPRSV	42	1073	1153	80
12924	HUMAN26498	O95025	1	38	MNANKDERLKARSQDFHLFPALMMLSMTMLFLPVTGTL	37	14	85	71
12925	HUMAN26498	O95025	737	777	REKRRQRNKGGPKWKHMQEMKKKRNRRHHRDLDELPRAVAT	40	837	889	52
12926	HUMAN26499	Q14832	834	879	VVTHRLHLNRFSVSGTGTTYSQSSASTYVPTVCNGREVLDSTTSSL	45	1253	1492	239
12928	HUMAN26503	Q9Y222	1	130	MSTVEEDSDTVTVETVNSVTLTQDTEGNLILHCPQNEADEIDSEDSIEPPHKRLCLSSEDDQSIDDSTPCISVVALPLSENDQSFEVTMTATTEVADDEVTEGTVTQIQILQNEQLDEISPLGNEEVSAV	129	51	218	167
12929	HUMAN26503	Q9Y222	414	491	KNNPTLLENKSGSGVPNSNTNSSVQHVQIRVARLEDNTAISSSPMAALQIPVQITHVSSADSPATVDSETITLNSGTL	77	506	602	96
12930	HUMAN26503	Q9Y222	502	690	LQPTGTPGTYLLQTSSSQGLPLTLTASPTVTLTAAAPASPEQIIVHALSPEHLLNTSDNVTVQCHTPRVIIQTVATEDITSSISQAELTVDSDIQSSDFPEPPDALEADTFPDEIHHPKMTVEPSFNDAHVSKFSDQNSTELMNSVMVRTEEEISDTDLKQEESPSDLASAYVTEGLESPTIEEQVDQT	188	612	833	221
12931	HUMAN26503	Q9Y222	710	760	DVIDTESVLPLTTLTDPILQHHQEESNIIGSSLGSPVSEDSKDVEDLVNCH	50	852	904	52
12932	HUMAN26509	P21439	1	36	MDLEAAKNGTAWRPTSAEGDFELGISSKQKRKKTKT	35	261	458	197
12934	HUMAN26510	P08183	1	31	MDLEGDRNGGAKKKNFFKLNNKSEKDKKEKK	30	10	233	223
12935	HUMAN26510	P08183	632	691	GNEVELENAADESKSEIDALEMSSNDSRSSLIRKRSTRRSVRGSQAQDRKLSTKEALDES	59	1369	1603	234
12937	HUMAN26514	Q9UBU7	1	42	MNSGAMRIHSKGHFQGGIQVKNEKNRPSLKSLKTDNRPEKSK	41	7	58	51
12938	HUMAN26514	Q9UBU7	97	142	QTLGRISPVPSPESAYTAETTSPHPSHDGSSFKSPDTVCLSRGKLL	45	112	163	51
12939	HUMAN26515	Q9P0K1	1	41	MQAAVAVSVPFLLLCVLGTCPPARCGQAGDASLMELEKRKE	40	180	275	95
12940	HUMAN26515	Q9P0K1	202	233	SEFQQVNITPSKFILKPRPKRSKRQLRRYPRN	31	460	499	39
12941	HUMAN26515	Q9P0K1	766	906	QRQLPQGDYVKKPGDGDSFYSDIPPGVSTNSASSSKKRSNGLSHSWSERIPDTKHISDICENGRPRSNSWQGNLGGNKKKIRGKRFRPRSNSTETLSPAKSPSSSTGSIASSRKYPYPMPPLPDEDKKVNRQSARLWETSI	140	1083	1321	238
12942	HUMAN26518	P30626	1	30	MAYPGHPGAGGGYYPGGYGGAPGGPAFPGQ	29	35	181	146
12944	HUMAN26525	A5D8W1	911	941	IALKKLPIRGGALQRVKAVKIVDAPKKSIPT	30	1590	1621	31
12945	HUMAN26528	A4D1E9	351	387	NDALHKKQLLNLWISDTMSSTEPPSKHAVTTSKMDII	36	771	957	186
12946	HUMAN26529	P56749	201	244	SLPSPFWQPLYSHPPSMHTYSQPYSARSRLSAIEIDIPVVSHTT	43	216	443	227
12948	HUMAN26531	Q9UP38	1	113	MAEEEAPKKSRAAGGGASWELCAGALSARLAEEGSGDAGGRRRPPVDPRRLARQLLLLLWLLEAPLLLGVRAQAAGQGPGQGPGPGQQPPPPPQQQQSGQQYNGERGISVPDH	112	4	165	161
12949	HUMAN26531	Q9UP38	223	269	AGELCVGQNTSDKGTPTPSLLPEFWTSNPQHGGGGHRGGFPGGAGAS	46	297	409	112
12950	HUMAN26537	A4D1F6	1	82	MSEKEGMSEVLEDTISQFRKESRSQSMKEPGFIKETSNLINEASDYLEGKSSNQIYETHPRQNTLESTSSSGRKSKRNEEQK	81	7	149	142
12951	HUMAN26539	Q9P2G1	179	218	DTPCDCAEKQHHKDLALNLESQMVFSRDPEAEEIEAEYAA	39	344	385	41
12952	HUMAN26539	Q9P2G1	290	326	TPPPSGYNAWDTLPSPRTPRTTRSSVTSPDEISLSPG	36	456	493	37
12953	HUMAN26541	Q8WUU5	36	129	RGGAGSGGAGSGAAGGTGGSGGGGFGAATFASTSATPPQSNGGGGGKQSKQEIHRRSARLRNTKYKSAPAAEKKVSTKGKGRRHIFKLKNPIKA	93	114	293	179
12954	HUMAN26542	Q9UQF0	451	538	FLGPLAAIILLLLFGPCIFNLLVNFVSSRIEAVKLQMEPKMQSKTKIYRRPLDRPASPRSDVNDIKGTPPEEISAAQPLLRPNSAGSS	87	633	726	93
12955	HUMAN26543	O43933	1067	1225	GLQDGSSSSDSDLSLSSMVFLNHSSGSDDSAGDGECGLDQSLVSLEMSEILPDESKFNMYRLYFGSSYESELGNGTSSDLSSQCLSAPSSMTQDLPGVPGKDQLFSQPPVLRTASQEGCQELTQEQRDQLRADISIIKGRYRSQSGEDESMNQPGPIKT	158	1408	1599	191
12956	HUMAN26543	O43933	183	240	RAKENTFSKADAEYKKLHSYGRDQKGMMKELQTKQLQSNTVGITESNENESEIPVDSS	57	330	403	73
12957	HUMAN26543	O43933	343	378	QQQSKTKQNVLSPEKEKQMSEPLDQKKIRSDHNEED	35	543	585	42
12958	HUMAN26544	Q5RL73	129	305	EETRKKLQMRKAYVVKTTENKDHYVTKKKLVTEHKDTEDFRQDFHSEMSGFCKAALNTSAGNSNPYLPYSCELPLCYFSSKCMCSSGGPVDRAPDSSKDGRNHHKTMGHYNHNDSLRKTQINSLKNSVACPGAQKAITSSEAVDRFMPRTTQLQERKRRREDDRKLGTFLQTNPTGN	176	188	416	228
12960	HUMAN26547	Q5K651	80	155	EDSIQTSKMGKPSKNAPKDQTVSQKERRETSKQKQKGKENPDMANPSAMSTTAKGSKSLKVELIEDKIDYTKERQP	75	185	303	118
12961	HUMAN26548	Q8IVG5	77	160	SKSPESDNHDPGQLDNSKPSKTEHQKNPKHTKKEEENSMSSNIDYDPREIRDIKQEESILMKENVLDEVANAKHKKKGKLKPEQ	83	155	321	166
12962	HUMAN26550	Q96JG6	1	46	MQKIKSLMTRQGLKSPQESLSDLGAIESLRVPGKEEFRELREQPSD	45	153	348	195
12967	HUMAN26595	Q8IWU2	1375	1415	ELGPCGGEACGPDLSGPAPASGSPYLSRCINSESSTDEEGG	40	1769	1820	51
12968	HUMAN26595	Q8IWU2	1426	1459	DPFMSKTTSNLLSSKPSLQTSKYFSPPPPARSTE	33	1832	1871	39
12969	HUMAN26595	Q8IWU2	1	101	MPGPPALRRRLLLLLLVLLIAGSAGAAPLPQTGAGEAPPAAEVSSSFVILCVCSLIILIVLIANCVSCCKDPEIDFKEFEDNFDDEIDFTPPAEDTPSVQS	100	19	139	120
12971	HUMAN26596	Q7RTS1	140	189	PGLEGPGPKLYQHYQQQQQVAGGALGATEAQPQGHLQRYSTQIHSFREGT	49	142	205	63
12972	HUMAN26596	Q7RTS1	1	83	MKTKNRPPRRRAPVQDTEATPGEGTPDGSLPNPGPEPAKGLRSRPARAAARAPGEGRRRRPGPSGPGGRRDSSIQRRLESNER	82	0	86	86
12974	HUMAN26600	O95415	1	67	MDHKPLLQERPPAYNLEAGQGDYACGPHGYGAIPAAPPPPPYPYLVTGIPTHHPRVYNIHSRTVTRY	66	22	137	115
12975	HUMAN26602	Q9UHR4	230	357	VDAIKVPEKIMNMIEEIKTPASTPVSGTPQASPMIERSNVVRKDYDTLSKCSPKMPPAPSGRAYTSPLIDMFNNPATAAPNSQRVNNSTGTSEDPSLQRSVSVATGLNMMKKQKVKTIFPHTAGSNKT	127	248	441	193
12976	HUMAN26603	P47972	83	216	AIRELTGKLARCEGLAGGKARGAGATGKDTMGDLPRDPGHVVEQLSRSLQTLKDRLESLEHQLRANVSNAGLPGDFREVLQQRLGELERQLLRKVAELEDEKSLLHNETSAHRQKTESTLNALLQRVTELERGN	133	211	389	178
12977	HUMAN26605	Q9Y4A5	179	212	IPENTVPPPEMVGMITTIAVKVNPEREDSETRTH	33	708	933	225
12978	HUMAN26605	Q9Y4A5	2024	2085	QQPDSDMDPNSSGEGVNSVSSSIKRGLSVDSAQEVKRFRTATGAISAVFGRSQSLPGADSLL	61	7201	7440	239
12979	HUMAN26605	Q9Y4A5	2545	2582	EPRERENSESKEEDVEIDIELAPGDQTSTPKTKELSEK	37	9441	9508	67
12981	HUMAN26605	Q9Y4A5	473	538	PQSELGAVEAALPGVPTAPAAPGPAPSPAPVPAPPPPPPPPPPATPVTPAPVPPFEKQGEKDKEDK	65	1644	1876	232
12983	HUMAN26606	Q9HCE7	266	307	RIPSPSGTIPGGDAAFLYEFLLQGHTSEPRDLNSVNCDELGP	41	1010	1075	65
12984	HUMAN26612	Q13442	128	181	HLAGKTEQAKADLARLAIIRKQREEAARKKEEERKAKDDATLSGKRMQSLSLNK	53	256	320	64
12985	HUMAN26612	Q13442	1	118	MPKGGRKGGHKGRARQYTSPEEIDAQLQAEKQKAREEEEQKEGGDGAAGDPKKEKKSLDSDESEDEEDDYQQKRKGVEGLIDIENPNRVAQTTKKVTQLDLDGPKELSRREREEIEKQ	117	40	247	207
12986	HUMAN26625	Q5FWF6	65	193	NWDEQWILDLPRTGNRKASGSACPGSEARHKMKKLTPKQKFSEDLESYKISVVMQESAEKLSEKLHKCKEFVDSCRLTFPTSGDEYSRGFLQNLNLIQDQNAQTRWKQGRYDEDGKPFNQRSLLLGHER	128	122	270	148
12987	HUMAN26633	Q8TCP9	1	30	MTPESRDTTDLSPGGTQEMEGIVIVKVEEE	29	13	133	120
12988	HUMAN26639	Q6NSZ9	126	340	EAKAVPCHRQGEQEETALCRGAWEPGIQLGPVEVKPEWGMPPGEGVQGPDPGTEEQLSQDPGDETRAFQEQALPVLQAGPGLPAVNPRDQEMAAGFFTAGSQGLGPFKDMALAFPEEEWRHVTPAQIDCFGEYVEPQDCRVSPGGGSKEKEAKPPQEDLKGALVALTSERFGEASLQGPGLGRVCEQEPGGPAGSAPGLPPPQHGAIPLPDEVKT	214	151	376	225
12989	HUMAN26651	Q8NFK1	225	279	KSSSSKYFLTSESTRRHKKATDSLPVVETKEQFQEAVPGRSLAQEKQRPVGPRDA	54	274	358	84
12990	HUMAN26655	Q9Y5A6	128	275	DEPGHQVSTPPNEQKPVWEKISSSGTAKESPSSMQPQPLETSHKYESWGPLYIQESGEEQEFAQDPRKVRDCRLSTQHEESADEQKGSEAEGLKGDIISVIIANKPEASLERQCVNLENEKGTKPPLQEAGSKKGRESVPTKPTPGER	147	289	460	171
12991	HUMAN26658	Q7L5N1	1	35	MAAAAAAAAATNGTGGSSGMEVDAAVVPSVMACGV	34	10	186	176
12992	HUMAN26664	Q8N129	192	248	AETACLQETWTGKEITDGEEKTEGEEEQEEEEEEEEEEGGDKMTKTGSHPKLDREDL	56	290	436	146
12993	HUMAN26664	Q8N129	1	32	MGPVRLGILLFLFLAVHEAWAGMLKEEDDDTE	31	32	106	74
12994	HUMAN26671	Q8WVR3	479	551	SVSHPPPEARPLSRKSSPSSPAVRDLVERHQASLGRSQSFSHQQPSRSHLMRSGSVMERRAITPPVASPVGRP	72	731	833	102
12995	HUMAN26673	Q96RP7	1	60	MGPLSPARTLRLWGPRSLGVALGVFMTIGFALQLLGGPFQRRLPGLQLRQPSAPSLRPAL	59	34	122	88
12997	HUMAN26679	Q6DKI7	197	235	KHRPAPRLQPSRTSPQAPRARAWAPSQASQAALHVPYAT	38	209	251	42
12998	HUMAN26683	Q9UKJ1	145	264	TKLSITQAVTTTTQRPSSMTTTWRLSSTTTTTGLRVTQGKRRSDSWHISLETAVGVAVAVTVLGIMILGLICLLRWRRRKGQQRTKATTPAREPFQNTEEPYENIRNEGQNTDPKLNPKD	119	336	479	143
13000	HUMAN26684	Q9H0M4	431	637	GSNSNGERKDLQLSGLNSPGSCLEKKEKEEELEKEEGEKTDPILPIRKRVKIQTQKTKPRGLGGDAGTADGRGRTLQRKIMKRSLGRKSTAPPAPRMGRKEGQGNSDSDQPGPKKKFKAPQSKALAASFSEGKEVRTVPKNLGLSACKGACPSSAKEEPRHREPLTQEAGSVPLEDEASSDLDLEQLMEDVGRELGQSGELQHSNSD	206	493	727	234
13002	HUMAN26685	Q7L2J0	497	545	LPPQTLEGDPGAEGEEGTTTVRKRSCFPASLTASRGPIAAPQVPLDGAD	48	769	927	158
13004	HUMAN26687	Q8IZ16	173	206	YRRQERHRRHHVRCHAAPRPNPAQSLKLDAQSPL	33	292	331	39
13006	HUMAN26689	Q9Y3Q8	355	395	NAALEQENGLLRALASPEQLAQLPSSGVPRLGPPAPNGPSV	40	472	517	45
13009	HUMAN26696	O75427	1	31	MAAAVAAPLAAGGEEAAATTSVPGSPGLPGR	30	0	35	35
13011	HUMAN26700	Q15113	281	311	GQGPGPKRGTEPKVKLPPKSQPPEKTEESPS	30	409	571	162
13012	HUMAN26701	O75425	138	184	PAYPLELQGQPDPAPRPGPPAGTPPPTARHFQEHPRQQLATSSFLLF	46	225	272	47
13013	HUMAN26702	Q9UP52	1	132	MERLWGLFQRAQQLSPRSSQTVYQRVEGPRKGHLEEEEEDGEEGAETLAHFCPMELRGPEPLGSRPRQPNLIPWAAAGRRAAPYLVLTALLIFTGAFLLGYVAFRGSCQACGDSVLVVSEDVNYEPDLDFHQ	131	0	157	157
13016	HUMAN26706	O75420	966	1010	KASQQRQQQQEAWLSSASLQTAFQANHSTKLGPGEGSKAKRRALM	44	2071	2191	120
13019	HUMAN26711	Q9BXP2	643	720	TDPAFSEPADSTREGSSPALSTLFPPPRAPGSPRALNPQDYVATVADALKMNKNVVLARASGALPPERLSRGSGGTSQ	77	1599	1780	181
13023	HUMAN26716	Q9BXP5	540	598	SEPGTPPLPTSLPSQNPILKNITDYLIEEVSAEEEELLGSSGGAPPEEPPKEGNPAEIN	58	1690	1882	192
13024	HUMAN26719	P22303	1	35	MRPPQCLLHTPSLASPLLLLLLWLLGGGVGAEGRE	34	97	195	98
13027	HUMAN26724	Q9BRZ2	376	458	QKDGGKDGAGTQGGEESQSRREDEPKTERQGGVQPQAGDGAQTPKEEKAQTTREEGAQTLEEDRAQTPHEDGGPQPHRGGRPN	82	614	726	112
13029	HUMAN26729	Q8N8M0	1	50	MKLEASCGTATSEVPKPEKKTARDAEPSSETRPQEVEAEPRSGSGPEAEA	49	23	103	80
13030	HUMAN26732	O60568	1	32	MTSSGPGPRFLLLLPLLLPPAASASDRPRGRD	31	30	100	70
13031	HUMAN26734	O43257	1	77	MVEKKTSVRSQDPGQRRVLDRAARQRRINRQLEALENDNFQDDPHAGLPQLGKRLPQFDDDADTGKKKKKTRGDHFK	76	117	360	243
13032	HUMAN26735	P56746	186	228	GSDEDPAASARRPYQAPVSVMPVATSDQEGDSSFGKYGRNAYV	42	202	285	83
13034	HUMAN26744	Q9BUA6	1	43	MLLRLVSNSWPQVILPPRPPKVLGLQAPRRARKRAEGTASSNV	42	0	89	89
13035	HUMAN26749	P0CI01	1	187	MDRTETRFRKRGQITGKITTSRQPHPQNEQSPQRSTSGYPLQEVVDDEMLGPSAPGVDPSPPCRSLGWKRKREWSDESEEEPEKELAPEPEETWVVEMLCGLKMKLKQQRVSSILPEHHKDFNSQLAPGVDPSPPHRSFCWKRKMEWWDESEESLEEEPRKVLAPEPEEIWVAEMLCGLKMKLKRRR	186	0	196	196
13036	HUMAN26749	P0CI01	316	351	LYRSTNPRARKNRSRIPLLRKHRFQLYRSMNSRARK	35	432	468	36
13038	HUMAN26751	Q96SN7	1	73	MSAELNVPIDPSAPACPEPGHKGMDYRDWVRRSYLELVTSNHHSVQALSWRKLYLSRAKLKASSRTSALLSGF	72	20	109	89
13041	HUMAN26762	Q495Y8	317	352	YRSTNPRARKNRSRIPLLRKRRFQLYRSMNSRARKN	35	467	503	36
13042	HUMAN26766	B0FP48	215	263	VLLTVLLAVLIYTCFNSCRSTSLSGPEEAGSVRRYTTHLAFSTPAEGAS	48	293	349	56
13043	HUMAN26767	A6NHP3	1	187	MDRTETRFRKRGQITGKITTSRQPHPQNEQSPQRSTSGYPLQEVVDDEMLGPSAPGVDPSPPCRSLGWKRKREWSDESEEEPEKELAPEPEETWVVEMLCGLKMKLKQQRVSSILPEHHKDFNSQLAPGVDPSPPHRSFCWKRKMEWWDESEESLEEEPRKVLAPEPEEIWVAEMLCGLKMKLKRRR	186	0	187	187
13044	HUMAN26767	A6NHP3	318	351	RSTNPRARKNRSRIPLLRKRRFQLYRSMNSRARK	33	317	351	34
13045	HUMAN26773	Q8N6Y2	1	47	MRVVTIVILLCFCKAAELRKASPGSVRSRVNHGRAGGGRRGSNPVKR	46	4	72	68
13046	HUMAN26774	Q8N2F6	32	88	RRGDRELGIRSSKSAGALEEGTSEGQLCGRSARPQTGGTWESQWSKTSQPEDLTDGS	56	217	343	126
13047	HUMAN26776	Q6IQ20	1	61	MDENESNQSLMTSSQYPKEAVRKRQNSARNSGASDSSRFSRKSFKLDYRLEEDVTKSKKGK	60	185	369	184
13048	HUMAN26779	Q99543	289	324	AKKEAEKKAKAEAKRKEQEAKEKQRQAELEAARLAK	35	820	867	47
13049	HUMAN26788	Q8IZD2	170	270	KERAVLLQRRKRENMSDGDTSATESGDEVPVELYTAFQHTPTSITLTASRVSKVNDKRRKKSGEKEQHISKCKKAFREGSRKSSRVKGSAPEIDPSSDGSN	100	190	302	112
13051	HUMAN26795	Q96PZ0	1	101	MEMTEMTGVSLKRGALVVEDNDSGVPVEETKKQKLSECSLTKGQDGLQNDFLSISEDVPRPPDTVSTGKGGKNSEAQLEDEEEEEEDGLSEECEEEESESF	100	204	449	245
13052	HUMAN26796	Q6NUQ1	1	50	MLPAGEIGASPAAPCCSESGDERKNLEEKSDINVTVLIGSKQVSEGTDNG	49	2	161	159
13053	HUMAN26802	Q6ZTQ4	839	885	EEDELSGKAWAEDAGLGSRNEGGKLGNPKNRNPAFMNRAYPKPHPGK	46	939	1036	97
13054	HUMAN26807	P48736	1	33	MELENYKQPVVLREDNCRRRRRMKPRSAAASLS	32	23	161	138
13056	HUMAN26809	O60381	121	197	PQSPLMQCSFYNRSSPVHIIATSKSLHSYARPPPVSSSSKSEPAFPHHHWKEETPVRHERANSESESGIFCMSSLSD	76	211	299	88
13057	HUMAN26809	O60381	1	106	MVWEVKTNQMPNAVQKLLLVMDKRASGMNDSLELLQCNENLPSSPGYNSCDEHMELDDLPELQAVQSDPTQSGMYQLSSDVSHQEYPRSSWNQNTSDIPETTYREN	105	73	197	124
13058	HUMAN26809	O60381	344	433	NFDDSGVFDTFKSYDFTPMDSSAVYVLSSMARQRRASLSCGGPGGQDFARSGFSKNCGSPGSSQLSSNSLYAKAVKNHSSGTVSATSPNK	89	464	561	97
13059	HUMAN26811	Q9UP83	1	54	MGWVGGRRRDSASPPGRSRSAADDINPAPANMEGGGGSVAVAGLGARGSGAAAA	53	141	326	185
13060	HUMAN26812	Q99680	1	35	MCFSPILEINMQSESNITVRDDIDDINTNMYQPLS	34	46	90	44
13061	HUMAN26812	Q99680	245	307	RFSTGQKKKARKKKTISLTTQHEATDMSQSSGGRNVVFGVRTSVSVIIALRRAVKRHRERRER	62	340	421	81
13062	HUMAN26815	Q9UHQ4	40	89	VWGKIATFWNKAFLTIIILLIVLFLDAVREVRKYSSVHTIEKSSTSRPDA	49	171	228	57
13063	HUMAN26818	O43511	593	645	KSGQLRATKNGIISDAVSTNNAFEPDEDIEDLEELDIPTKEIEIQVDWNSELP	52	727	793	66
13064	HUMAN26818	O43511	735	780	SQEGQGSILETITLIQDCKDTLELIETELTEEELDVQDEAMRTLAS	45	887	933	46
13066	HUMAN26819	Q75N03	1	69	MDHTDNELQGTNSSGSLGGLDVRRRIPIKLISKQANKAKPAPRTQRTINRMPAKAPPGDEEGFDYNEEE	68	25	158	133
13067	HUMAN26821	P40879	602	634	KDSDEELDNNQIEVLDQPINTTDLPFHIDWNDD	32	1282	1324	42
13069	HUMAN26826	Q92823	1193	1261	NKGGKYPVKEKEDAHADPEIQPMKEDDGTFGEYSDAEDHKPLKKGSRTPSDRTVKKEDSDDSLVDYGEG	68	1758	1861	103
13070	HUMAN26827	Q9NP80	133	186	SQILRKVSDSGWLKQKNIKQAIKSLKKYSDKSAEKSPFPEEKSHIIDKEEDIGK	53	148	248	100
13071	HUMAN26827	Q9NP80	217	353	RKEKMSQQKENEHFRDKSELEDKKVEEGKLRSPDPGILAYKPGSESVHTVDKPTSPSAIPDVLQVSTKQSIANFLSRPTEGVQALVGGYIGGLVPKLKYDSKSQSEEQEEPAKTDQAVSKDRNAEEKKRLSLQREKI	136	284	490	206
13072	HUMAN26828	Q7Z6K1	211	250	NSESIHQSLETQEVLEVTTSHLANPNFTSNSMEIKSAQEN	39	371	435	64
13073	HUMAN26828	Q7Z6K1	279	316	ENSKPSVNSFISAQKETTEMEDTDIEDSLYKDVDYGTE	37	463	505	42
13074	HUMAN26828	Q7Z6K1	90	197	NQGKDPSKKKSQKKNLEDEKEVCPKAKSEESFVLNETKKNIVNTDVPHQHPELLHSSSLVKPPAPKTGSIQNNMLTLNLVKQHTGKPESTLETSVNQDTGRGGFHTCF	107	184	335	151
13075	HUMAN26829	Q9UBS3	82	223	RRKEYDTLGHSAFTSGKGQRGSGSSFEQSFNFNFDDLFKDFGFFGQNQNTGSKKRFENHFQTRQDGGSSRQRHHFQEFSFGGGLFDDMFEDMEKMFSFSGFDSTNQHTVQTENRFHGSSKHCRTVTQRRGNMVTTYTDCSGQ	141	111	306	195
13076	HUMAN26835	Q9NRM2	1	32	MAASKTQGAVARMQEDRDGSCSTVGGVGYGDS	31	84	251	167
13077	HUMAN26835	Q9NRM2	414	450	ESDLTAQEQNENVPIISEDTSKLYALKQSSILNQLLL	36	913	1010	97
13078	HUMAN26836	O00458	1	75	MPKNKKRNTPHRGSSAGGGGSGAAAATAATAGGQHRNVQPFSDEDASIETMSHCSGYSDPSSFAEDGPEVLDEEG	74	17	202	185
13079	HUMAN26836	O00458	419	451	RFERHLYNSAAFKARTKARSKCRDKRADVGEFF	32	682	719	37
13080	HUMAN26842	P60893	192	275	ALILLATQLVYLKLIFFVHDRRKMKPVQFVAAVSQNWTFHGPGASGQAAANWLAGFGRGPTPPTLLGIRQNANTTGRRRLLVLD	83	218	302	84
13081	HUMAN26844	Q16821	1	59	MEPSEVPSQISKDNFLEVPNLSDSLCEDEEVTFQPGFSPQPSRRGSDSSEDIYLDTPSS	58	18	82	64
13083	HUMAN26852	Q9UGI8	201	230	QGPKQMNIPGGDRSTPAAVGAMEDKSAEHK	29	452	603	151
13084	HUMAN26855	P51636	1	43	MGLETEKADVQLFMDDDSYSHHSGLEYADPEKFADSDQDRDPH	42	0	45	45
13085	HUMAN26857	Q03135	1	54	MSGGKYVDSEGHLYTVPIREQGNIYKPNNKAMADELSEKQVYDAHTKEIDLVNR	53	12	95	83
13086	HUMAN26864	Q9NRC1	1	37	MAEAATGFLEQLKSCIVWSWTYLWTVWFFIVLFLVYI	36	24	110	86
13087	HUMAN26869	P13569	1443	1480	PSDRVKLFPHRNSSKCKSKPQIAALKEETEEEVQDTRL	37	1798	1846	48
13088	HUMAN26869	P13569	638	839	PDFSSKLMGCDSFDQFSAERRNSILTETLHRFSLEGDAPVSWTETKKQSFKQTGEFGEKRKNSILNPINSIRKFSIVQKTPLQMNGIEEDSDEPLERRLSLVPDSEQGEAILPRISVISTGPTLQARRRQSVLNLMTHSVNQGQNIHRKTTASTRKVSLAPQANLTELDIYSRRLSQETGLEISEEINEEDLKECFFDDMES	201	888	1130	242
13090	HUMAN26871	Q8WZ74	1	35	MATDGASCEPDLSRAPEDAAGAAAEAAKKEFDVDT	34	90	254	164
13093	HUMAN26877	O95859	252	305	RREPGTDQMMSLKNDNSQHLSCPSVELLKPSLSRIFEHTSMANSFNTHFEMEEL	53	304	373	69
13095	HUMAN26881	A4D0V7	517	560	KKTQPHPLEWNSFTEDKNIEKPQVPFDAIENKKAAVPQIKNENK	43	639	717	78
13096	HUMAN26881	A4D0V7	964	996	KEYNFIKMKRSRNHIMGRYFSNQSKLQQGTVTN	32	1187	1226	39
13097	HUMAN26885	Q92520	1	59	MRVAGAAKLVVAVAVFLLTFYVISQVFEIKMDASLGNLFARSALDTAARSTKPPRYKCG	58	1	69	68
13100	HUMAN26889	A0PJY2	407	475	KGFCRNFDLKKHVRKLHDSSLGLARTPAGEPGTEPPPPLPQQPPMTLPPLQPPLPTPGPLQPGLHQGHQ	68	506	609	103
13101	HUMAN26891	Q8WVZ7	310	376	VENGTEPLQVLMSNELPETLSPSEEETNNEVSPAGTSDKVIHVEENPTSQNNDIQPHSVVEDVHPSP	66	319	390	71
13102	HUMAN26894	Q9BZW2	163	233	AEVEATQMTYFNGSTNHGLEIDESVNGHEINERKEKTKPVPGYNNDTGKISSKVELEKNSGMRTKYRTKKG	70	389	593	204
13104	HUMAN26901	Q8WXK1	1	30	MDTNDDPDEDHLTSYDIQLSIQESIEASKT	29	43	85	42
13107	HUMAN26904	Q2M3T9	447	481	REIKTADGCSGVSPSPGSLMTLCLLLLASYRSIQL	34	459	529	70
13108	HUMAN26906	B2RXF0	184	235	RQRRRQQQQQQQQQQQQRRGALPVPPGARVPTAAGARRRRPRGPRGAGGAPS	51	279	337	58
13109	HUMAN26906	B2RXF0	1	48	MAGSDVDSEGPARRGGAARRPGAPGGPGSEAAAGCPEPLSTAEAPAES	47	66	134	68
13111	HUMAN26907	O15354	572	611	IQKSSTVTSDDNDNEYTTELELSPFSTIRREMSTFASVGT	39	697	743	46
13112	HUMAN26909	Q9NUX5	297	327	LTANQHSDVICQSEPDDSFPSSGSVSLYEVE	30	580	640	60
13113	HUMAN26912	O00222	1	33	MVCEGKRSASCPCFFLLTAKFYWILTMMQRTHS	32	0	44	44
13116	HUMAN26915	Q96CN9	396	513	ERILQLDLENKTLALAASSRSPLDSHGEESSLDVNVLKDKMEKLKRLLQVAARKSQVTLDVEKLCDLEIMPSSEAADGEKATALYYQQELKQLKEEFERYKMRAQVVLKSKNTKDGNL	117	910	1120	210
13117	HUMAN26915	Q96CN9	567	670	LERCQLDFRDRTLKLEEELHKQRDRALAVLTEKDLELEQLRSVALASGLPGRRSPVGGGGPGDPADTSSSDSLTQALQLAAANEPTFFLYAEQLARKEVEITSL	103	1203	1439	236
13118	HUMAN26923	Q9HBW1	1	41	MKLLWQVTVHHHTWNAILLPFVYLTAQVWILCAAIAAAASA	40	4	59	55
13119	HUMAN26923	Q9HBW1	481	561	TGYQPAYTTSTTVLIQTTRVPKQVAVPATDTTDKMQTSLDEVMKTTKIIIGCFVAVTLLAAAMLIVFYKLRKRHQQRSTVT	80	531	612	81
13125	HUMAN26930	Q9Y5L2	32	63	ESPSPGTSWTTRSQLANTEPTKGLPDHPSRSM	31	52	89	37
13126	HUMAN26931	Q6P1Q9	105	166	PSQNQNHLKDWFLENKSEVCECRNNEDGPGLIMEEQHKCSSKSLEHKTQTPPVEENVTQKIS	61	199	262	63
13127	HUMAN26935	Q6NXP2	179	280	SITTKDPRIKFTHCLVPKMPTNSTETTPENSLLSSPQPSEPLVLLAAEQTSGSFSQLSGKPQLTADRNNDTAIEIDNCSSYKIPSPVASPINLNIPMRAALS	101	184	287	103
13128	HUMAN26937	Q96KD3	204	301	TTKDPRILVTHCLVPKNCSSPSGDSKLVQKKLQASQPSESLIQLMTKGESEALSQIFADLHQQNQLSFRSSRKVETNKNSSGKDSSREDSIPCTCDLR	97	204	318	114
13130	HUMAN26942	Q96JN2	1	89	MQAMEGEVLLPALYEEEEEEEEEEEEVEEEEEQVQKGGSVGSLSVNKHRGLSLTETELEELRAQVLQLVAELEETRELAGQHEDDSLEL	88	131	247	116
13134	HUMAN26946	A0A1B0GUX0	40	85	KQKAKAAARLPLKLPTLHPKAPLSPPPAPKSAPSKVPSPVPEAPFQ	45	90	170	80
13135	HUMAN26950	A0A1B0GUL7	1	43	MLARRKPMLPALTINPTIAEGPSPTSEGASEANLVDLQKKLEE	42	0	84	84
13136	HUMAN26951	Q86UF1	1	43	MARRPRAPAASGEEFSFVSPLVKYLLFFFNMLFWVISMVMVAV	42	11	164	153
13137	HUMAN26952	Q99835	1	65	MAAARPARGPELPLLGLLLLLLLGDPGRGAASSGNATGPGPRSAGGSARRSAAVTGPPPPLSHCG	64	17	187	170
13140	HUMAN26957	Q9ULQ0	1	45	MEDPAAPGTGGPPANGNGNGGGKGKQAAPKGREAFRSQRRESEGS	44	111	221	110
13141	HUMAN26957	Q9ULQ0	301	432	PPLAEDSIQVVKSMRAASPPSYTLDLGESQLAPPPSKLRGRRGSRRQLLTKQDSLDIYNERDLFKTEEPATEEEEESAGDGERTLDGELDLLEQDPLVPPPPSQAPLSAERVAFPKGLPWAPKVRQKDIEHF	131	503	714	211
13142	HUMAN26959	Q16656	1	100	MEEHGVTQTEHMATIEAHAVAQQVQQVHVATYTEHSMLSADEDSPSSPEDTSYDDSDILNSTAADEVTAHLAAAGPVGMAAAAAVATGKKRKRPHVFESN	99	82	259	177
13143	HUMAN26960	P62256	153	183	ALKEQEEGTGDSSSESSMSDFSEDEAQDMEL	30	389	560	171
13144	HUMAN26962	Q86WB0	1	68	MAAPCEGQAFAVGVEKNWGAVVRSPEGTPQKIRQLIDEGIAPEEGGVDAKDTSATSQSVNGSPQAEQP	67	7	88	81
13145	HUMAN26962	Q86WB0	287	421	IESSMTDLDASFGLTSSPIPGLEGRPERLPLVPESPRRMMTRSQDATFSPGSEQAEKSPGPIVSRTRSWDSSSPVDRPEPEAASPTTRTRPVTRSMGTGDTPGLEVPSSPLRKAKRARLCSSSSSDTSSRSFFDP	134	349	523	174
13146	HUMAN26964	Q6PID8	1	43	MSAAQGWDRNRRRGGGAAGAGGGGSGAGGGSGGSGGRGTGQLN	42	201	386	185
13149	HUMAN26973	Q9BYV8	318	373	QGPADHPSRLNQANSSGRESKVPGARSAQNLPGGGPASHSNPRSLSSGHLQGKPWK	55	480	594	114
13150	HUMAN26973	Q9BYV8	82	137	EVTAEEIQRLEDNDSAASDPDAETTARTNGKGNPGEQSPSPEQFINNAGAGDSSRS	55	166	245	79
13151	HUMAN26978	Q96PP4	134	173	QHKPTENLWLPRMPQKKKLRSKLKPIFPLILSDDPTSKRE	39	151	193	42
13152	HUMAN26978	Q96PP4	182	232	NDFKSEGKYSKVYALRTQKKMYPQLTFAPVHERDMRKDASKKSASERPISK	50	201	252	51
13153	HUMAN26979	Q8TD94	1	196	MSAAVACLDYFAAECLVSMSAGAVVHRRPPDPEGAGGAAGSEVGAAPPESALPGPGPPGPASVPQLPQVPAPSPGAGGAAPHLLAASVWADLRGSSGEGSWENSGEAPRASSGFSDPIPCSVQTPCSELAPASGAAAVCAPESSSDAPAVPSAPAAPGAPAASGGFSGGALGAGPAPAADQAPRRRSVTPAAKRHQ	195	0	220	220
13154	HUMAN26979	Q8TD94	262	323	KQFSRSDHLTKHARRHPTYHPDMIEYRGRRRTPRIDPPLTSEVESSASGSGPGPAPSFTTCL	61	285	357	72
13156	HUMAN26982	Q9HCM2	1	33	MKAMPWNWTCLLSHLLMVGMGSSTLLTRQPAPL	32	2	41	39
13159	HUMAN26988	Q96M69	1	99	MATSERALLRTRAASLLRGLGRSRTGARSLQFRAEKERQPCWSFPMGQKTKGSSNIASSYLLQQLMHRYQELDSDGDEDQGEGEAGSEESSESEMLNLE	98	0	131	131
13161	HUMAN26997	Q8NEM8	1	41	MSEDSEKEDYSDRTISDEDESDEDMFMKFVSEDLHRCALLT	40	19	64	45
13162	HUMAN27002	A4D1P6	242	338	LAMVCSQRNASLSQSPRVGFLSSLLPQSKKSPSRLSPAQGPPQPQSSAKKESFGGQGTKGKDPTSGAKDGKSLLSGLATGESGWSQHRQRRLQDHGK	96	631	843	212
13163	HUMAN27003	Q7Z7C7	205	278	RGPATLAEACREPACAEGSVKDSGVDSQGASCSLVSTPEEILFEDAFDVASFLDKSEVPSTSSSSSVLASCNPE	73	476	566	90
13164	HUMAN27006	Q92621	1921	1950	QDSLFASRTLFKSRRLQDSFASETNLDFRS	29	4175	4318	143
13165	HUMAN27010	Q9UKG4	163	258	DEQLVAGNSNTEEAEPISLDVKNSQPSLELIFVNEESNADLTTLMHNENLNGVPSITNPIKTANQHQGKKQHPSQEKPQVLTPSPRKQKLNRKYRS	95	431	635	204
13166	HUMAN27014	P08172	218	383	KKDKKEPVANQDPVSPSLVQGRIVKPNNNNMPSSDDGLEHNKIQNGKAPRDPVTENCVQGEEKESSNDSTSVSAVASNMRDDEITQDENTVSTSLGHSKDENSKQTCIRIGTKTPKSDSCTPTNTTVEVVGSSGQNGDEKQNIVARKIVKMTKQPAKKKPPPSREK	165	303	521	218
13168	HUMAN27018	Q70SY1	397	505	GYGPYPSATKMALPSQHSLQEPYTASVVRSRNLLIYEEHSPPEESSSPGSAGELGGWDRGSSLLRVSGLESRPDVDLPHFIISNETSLEKSVLLELQQHLVSAKLEGNE	108	499	635	136
13169	HUMAN27022	O15164	1013	1050	PEFRNESEDNKFSDDSDDDFVQPRKKRLKSIEERQLLK	37	1788	1962	174
13170	HUMAN27022	O15164	1	49	MEVAVEKAVAAAAAASAAASGGPSAAPSGENEAESRQGPDSERGGEAAR	48	33	137	104
13172	HUMAN27025	Q9HBG4	667	711	RKSQLQASRIQEDATENIEGDSSSPSSRSGQRTSADTHGALDDHG	44	1476	1687	211
13174	HUMAN27028	Q9HCM3	1859	1919	DEAGRREATHMLGHQEYSSSPLFQVPRTSGREPSAPSGNLPHRGLQGPGLGYPTSSTEDLQ	60	2124	2187	63
13176	HUMAN27029	Q96H79	250	300	LENTDNSSPSTEHSQGLEKQGVHAAGAAEAGPLASVPAQSAKKPCPVSCEK	50	260	337	77
13177	HUMAN27032	Q6ZU65	157	235	KKLIHTEDPFNDEHQERQEVEMLAKKFEMKYGGKPRKHRKDRLQDLIDIGFGYDETDPFIDNSEAYDELVPASLTTKYG	78	315	439	124
13178	HUMAN27032	Q6ZU65	19	123	EAEYPGPEREPEYPREPPRLEPQPYREPARAEPPAPREPAPRSDAQPPSREKPLPQREVSRAEPPMSLQREPPRPEPPPPFPPLPLQPPPPRESASRAEQPPRPP	104	25	247	222
13180	HUMAN27032	Q6ZU65	570	611	CAKLQTDEEREKNGSEEDDDEKPGKRVIGPRKKFHWDDTIRT	41	985	1047	62
13182	HUMAN27038	P0C7M8	1	88	MEPAREPPSRARPPPPLAARPAPAPAAPRPRSPAEAEARGPEGLLRRSGSGYEGSTSWKAALEDTTTRLLLGAIAVLLFAILVVMSIL	87	17	124	107
13185	HUMAN27042	Q9H0J9	232	270	DIKNKSSAPSRVPPLFVPQGTSERKDSSGSVSPNTLSQE	38	421	532	111
13186	HUMAN27044	Q6ZMT4	1	35	MAGAAAAVAAGAAAGAAAAAVSVAAPGRASAPPPP	34	0	91	91
13188	HUMAN27048	A4D1S5	185	214	LHLYGESALNGLPLDSSPVLMAQGPSEKTH	29	254	300	46
13189	HUMAN27049	Q9UHC7	1	57	MAEAATPGTTATTSGAGAAAATAAAASPTPIPTVTAPSLGAGGGGGGSDGSGGGWTK	56	2	147	145
13191	HUMAN27056	O95178	1	37	MSALTRLASFARVGGRLFRSGCARTAGDGGVRHAGGG	36	6	49	43
13192	HUMAN27059	P15056	102	152	SLGNGTDFSVSSSASMDTVTSSSSSSLSVLPSSLSVFQNPTDVARSNPKSP	50	195	279	84
13193	HUMAN27059	P15056	1	41	MAALSGGGGGGAEPGQALFNGDMEPEAGAGAGAAASSAADP	40	28	118	90
13195	HUMAN27063	Q53H12	262	292	PNEPEETPVQRPSLYRRILRRLASYWAQPQD	30	423	482	59
13196	HUMAN27065	A4D1U4	1	74	MVEQGDAAPLLRWAEGPAVSLPQAPQPQAGGWGRGGGGGARPAAEPPRRREPEEPAAPEVLLQPGRLELGDVEE	73	20	248	228
13198	HUMAN27066	P0C1S8	517	567	AQQAQSPQGYTHHGDTGVSGTHTGSRSTKRLVGGKSARSSSFTSGEREPLH	50	756	834	78
13199	HUMAN27075	Q9NY25	1	65	MNWHMIISGLIVVVLKVVGMTLFLLYFPQIFNKSNDGFTTTRSYGTVSQIFGSSSPSPNGFITTR	64	3	91	88
13201	HUMAN27078	Q2M2H8	1	37	MARKLSVLEVLLIIFCLIVVTIDILLLLLVLEETSDT	36	1	59	58
13202	HUMAN27147	Q9H1D0	678	765	DLNRQRIQRYAQAFHTRGSEDLDKDSVEKLELGCPFSPHLSLPMPSVSRSTSRSSANWERLRQGTLRRDLRGIINRGLEDGESWEYQI	87	1761	1972	211
13203	HUMAN27151	P23276	1	69	MEGGDQSEEEPRERSQAGGMGTLWSQESTPEERLPVEGSRPWAVARRVLTAILILGLLLCFSVLLFYNF	68	33	136	103
13204	HUMAN27159	Q8IV31	1	49	MVPMHLLGRLEKPLLLLCCASFLLGLALLGIKTDITPVAYFFLTLGGFF	48	20	69	49
13205	HUMAN27159	Q8IV31	62	184	GLRSQLQSMQTESPGPSGNARDNEAFEVPVYEEAVVGLESQCRPQELDQPPPYSTVVIPPAPEEEQPSHPEGSRRAKLEQRRMASEGSMAQEGSPGRAPINLRLRGPRAVSTAPDLQSLAAVP	122	83	220	137
13206	HUMAN27160	P42575	123	169	SGLQHVLPPLSCDYDLSLPFPVCESCPLYKKLRLSTDTVEHSLDNKD	46	222	341	119
13207	HUMAN27161	P35523	39	93	NGGLQHRLRKDAGPRHNVHPTQIYGHHKEQFSDREQDIGMPKKTGSSSTVDSKDE	54	47	205	158
13208	HUMAN27161	P35523	673	796	AAQEMARKLSELPYDGKARLAGEGLPGAPPGRPESFAFVDEDEDEDLSGKSELPPSLALHPSTTAPLSPEEPNGPLPGHKQQPEAPEPAGQRPSIFQSLLHCLLGRARPTKKKTTQDSTDLVDN	123	1033	1283	250
13212	HUMAN27178	Q86UF2	244	468	QKITFEDSKVHAEQVLNDKENHIKTLTGHLPMMKDQAAVLEEDTTDDDNLELEVNSQWENGANLDDPLKGALKKLIHAAKLNVSLKSLEGERNHIIIQLSEVDKTKEELTEHIKNLQTQQESLQSENIYFESENQKLQQKLKIMTEFYQEDEMKLYRKLTVEENYRIEEEEKLSKVEEKLSRATEQLETYRKLAKDLEEELERTVHFYQKQVISYEKRGHDNWLA	224	392	625	233
13213	HUMAN27178	Q86UF2	478	677	DLRKENAHNKQKLTETELKFELLEKDPNALDVSNTAFGREHAPNGPAPLGQRSSETRAFLSPQTLLEDPLGLSPVLPEGGGRGPRGPGNPLDHQITNERGEPSCDRLTDPHRAPSDTGSLSSPVEQDCKMMFPPPGQSYPDSALPPQREDRFYSNSERLSGSAEPRSFKMTSLDKMDGSMPSEMESSRNDAKDDLGNLNV	199	634	856	222
13214	HUMAN27178	Q86UF2	745	777	PPHAPFAMRNIYPPRGLPPYFHPRPGFYPNPAF	32	959	1008	49
13216	HUMAN27189	Q8IX94	713	777	PFMRRGPPFPPPPPGTMFGASRGYFPPRDFPGPPHAPFAMRNIYPPRGLPPYLHPRPGFYPNPTF	64	713	788	75
13219	HUMAN27193	P0CG41	704	777	PLFPVDTRGPFMRRGPPFPPPPPGTMFGASRGYFPPRDFPGPPHAPFAMRNIYPPRGLPPYLHPRPGFYPNPTF	73	704	809	105
13221	HUMAN27200	Q9UHC6	1221	1270	LSPMSSATDPWHLDHLDSASADFPYNPGQGQAIRNGVNRNSAIIGGVIAV	49	1347	1398	51
13222	HUMAN27200	Q9UHC6	1290	1331	KGTYHTNEAKGAESAESADAAIMNNDPNFTETIDESKKEWLI	41	1417	1464	47
13223	HUMAN27203	Q15910	183	216	DDDDDDDGDDPEEREEKQKDLEDHRDDKESRPPR	33	294	473	179
13224	HUMAN27205	P13667	1	55	MRPRKAFLLLLLLGLVQLLAVAGAEGPDEDSSNRENAIEDEEEEEEEDDDEEEDD	54	51	204	153
13225	HUMAN27208	Q6IV72	53	182	SKPDLITWMEQGRMLLISEQGCLDKTRRTTSPPTDEQLNMKNTGKLLCFDDEGTPRTKEEDCRLNGPQKQDLCAALRGKERKILLAQTATFQSPSLRETEILNKKVSITAYDPDKKDLRHKPRETPGRLE	129	54	192	138
13226	HUMAN27210	Q8TD17	1	40	MAEAAPAPTSEWDSECLTSLQPLPLPTPPAANEAHLQTAA	39	9	49	40
13227	HUMAN27210	Q8TD17	580	610	QTLKDHLRSGHNGGCGGDSDPSGQPPNPPGP	30	608	639	31
13228	HUMAN27211	Q9UDV7	1	89	MQFVSTRPQPQQLGIQGLGLDSGSWSWAQALPPEEVCHQEPALRGEMAEGMPPMQAQEWDMDARRPMPFQFPPFPDRAPVFPDRMMREP	88	0	96	96
13230	HUMAN27212	Q9UDV6	186	315	TEGEAELGTEMLGDLEEEGPGGAHPAGGVMIKQELQYTQEGPADLPGEFSCIAEEQAFLSPEQTELWGGQGSSVLLETGPGDSTLEEPVGSRVPSSSRTVGCPKQKSHRQVQLDQECGQGLKLKKDTSRP	129	255	490	235
13231	HUMAN27212	Q9UDV6	1	33	MAESAPARHRRKRRSTPLTSSTLPSQATEKSSY	32	47	96	49
13232	HUMAN27212	Q9UDV6	325	368	FRYKQQLATHLRSHSGWGSCTPEEPEESLRPRPRLKPQTKKAKL	43	508	583	75
13233	HUMAN27215	Q6ZMS7	1	38	MAEAAPARDPETDKHTEDQSPSTPLPQPAAEKNSYLYS	37	92	173	81
13234	HUMAN27217	Q9ULD5	1	204	MENQRSSPLSFPSVPQEETLRQAPAGLPRETLFQSRVLPPKEIPSLSPTIPRQGSLPQTSSAPKQETSGRMPHVLQKGPSLLCSAASEQETSLQGPLASQEGTQYPPPAAAEQEVSLLSHSPHHQEAPVHSPEAPEKDPLTLSPTVPETDMDPLLQSPVSQKDTPFQISSAVQKEQPLPTAEITRLAVWAAVQAVERKLEAQAM	203	56	282	226
13236	HUMAN27222	Q7Z7K2	551	595	SFSRKTHLVRHQLIHGEAAHAAPDAALAAPAWSAPPEVAPPPLFF	44	682	788	106
13237	HUMAN27224	O60290	1092	1169	SGRRFSHVYTCAQVPARSPASARLRKEEMGALYVEEPRTQKPPILPSREAAEVLKDCIMEPPERLLYPHTSQEAPGMS	77	1233	1339	106
13238	HUMAN27224	O60290	370	461	ASLGPAAAKPDLISKLERRAAPWIKDPNGPKWGKGRPPGNKKMVAVREADTQASAADSALLPGSPVEARASCCSSSICEEGDGPRRIKRTYR	91	484	596	112
13239	HUMAN27224	O60290	69	134	VQGQRSLLEHHPGKKQMGYMGEMEVQGPTRESGQSLPPQKKAYLSHLSTGSGHIEGDWAGRNRKLL	65	171	241	70
13240	HUMAN27233	Q96FA7	114	188	EYSLNSPSPLQSPRGLCVDPTRVAKSSGVEGRSQGEPLQSSSHSGAFLLAQREKGLLESMGLLASERSGGSLSTK	74	113	196	83
13241	HUMAN27243	Q8ND71	208	244	GSRFQDCVNEAASQEGDKPQGPRERQLQSTGPEQNPG	36	287	327	40
13242	HUMAN27251	Q3YBM2	236	270	SSQPLNEEGSEKRLLGENSVPPSPSREQTSTAIVL	34	267	306	39
13245	HUMAN27256	P29474	1173	1203	IRTQSFSLQERQLRGAVPWAFDPPGSDTNSP	30	1970	2004	34
13247	HUMAN27256	P29474	595	641	GPYNSSPRPEQHKSYKIRFNSISCSDPLVSSWRRKRKESSNTDSAGA	46	955	1057	102
13252	HUMAN27264	P04920	633	672	MLKKREEQGRLLPTGAGLEPKSAQDKALLQMVEAAGAAED	39	1891	1996	105
13253	HUMAN27266	Q9BVT8	176	211	GPPNPPCPPGSEPGPSGLEIGSLLLPLLLLLLLLLW	35	431	505	74
13256	HUMAN27271	Q14549	321	363	AGNVSSRSGEPVRNPKIVVPIPVHVNRFAVRSQHQQMEQGARP	42	495	538	43
13257	HUMAN27275	A6NCM1	334	381	PEQVRMELEMQMQENRKKEQEKSKEKGKDEKEKKKGKEEKAKKGEVDA	47	621	723	102
13258	HUMAN27278	Q9UG63	1	65	MPSDLAKKKAAKKKEAAKARQRPRKGHEENGDVVTEPQVAEKNEANGRETTEVDLLTKELEDFEM	64	117	269	152
13261	HUMAN27294	Q7Z4T8	32	89	VSSWQKKSQEPLSAWSPGKKVHQQIIYGSEQIPKPHVIVKRTDEDKAKSMLGTDFNHT	57	42	108	66
13262	HUMAN27295	Q8NCW6	31	97	SEVTQPLKNVPVKGSGPHGPSPKKFYPRFTRGPSRVLEPQFKANKIDDVIDSRVEDPEEGHLKFSSE	66	121	322	201
13263	HUMAN27297	Q8NEZ4	1140	1172	MPASNVPSSDCCESSLVAQIVTKVKELDPPKTY	32	1544	1582	38
13264	HUMAN27297	Q8NEZ4	165	218	NQPSNKKDIDDNSNGTYEKMQNSAPRKQRGQRKERSPQQNIVSCVSVSTQTASD	53	205	268	63
13265	HUMAN27297	Q8NEZ4	4021	4058	LSLVKEEPPEPVPSPIIPILPSTAGKSSESRRNDIKTE	37	6041	6096	55
13266	HUMAN27297	Q8NEZ4	4117	4189	SAPDVPSMGLVSSHRINPGLEYRQHLLLRGPPPGSANPPRLVSSYRLKQPNVPFPPTSNGLSGYKDSSHGIAE	72	6160	6269	109
13267	HUMAN27297	Q8NEZ4	4251	4345	QAKNSENKESIPSLPQSPMRETPSKAFHQYSNNISTLDVHCLPQLPEKASPPASPPIAFPPAFEAAQVEAKPDELKVTVKLKPRLRAVHGGFEDC	94	6346	6521	175
13271	HUMAN27302	Q6ZW49	830	861	LPPKLKQNEVANVQPSSKRARIEDVPPPTKKL	31	3470	3563	93
13272	HUMAN27304	P47898	1	38	MDLPVNLTSFSLSTPSPLETNHSLGKDDLRPSSPLLSV	37	10	58	48
13273	HUMAN27304	P47898	232	274	GSRKTNSVSPISEAVEVKDSAKQPQMVFTVRHATVTFQPEGDT	42	254	389	135
13274	HUMAN27305	O15503	1	78	MPRLHDHFWSCSCAHSARRRGPPRASAAGLAAKVGEMINVSVSGPSLLAAHGAPDADPAPRGRSAAMSGPEPGSPYPN	77	25	114	89
13277	HUMAN27314	Q15465	395	427	TDRGGDSGGGDRGGGGGRVALTAPGAADAPGAG	32	588	639	51
13278	HUMAN27318	Q9H0A6	32	85	RNLSVADHSKTQVQKKENKSLKRDTKAIIDTGLKKTTQCPKLEDSEKEYVLDPK	53	72	193	121
13280	HUMAN27328	Q15386	356	385	PASASCHDSASDSEEESEEADKPSSPEDGR	29	942	1037	95
13282	HUMAN27333	Q92932	1	30	MGPPLPLLLLLLLLLPPRVLPAAPSSVPRG	29	0	79	79
13283	HUMAN27333	Q92932	645	723	HRLKEKLSGLGGDPGADATAAYQELCRQRMATRPPDRPEGPHTSRISSVSSQFSDGPIPSPSARSSASSWSEEPVQSNM	78	710	789	79
13288	HUMAN27353	O15013	1223	1261	EKDKDKSRDSLAPGPEPQDEDQKDALPSGGAGSSLSQGD	38	1704	1758	54
13289	HUMAN27353	O15013	1277	1326	QKSDLSSSSGSLSLSHGSSSLEHRSEDSTIYDLLKDPVSLRSKARRAKKA	49	1786	1842	56
13292	HUMAN27355	P54296	1	104	MSLVTVPFYQKRHRHFDQSYRNIQTRYLLDEYASKKRASTQASSQKSLSQRSSSQRASSQTSLGGTICRVCAKRVSTQEDEEQENRSRYQSLVAAYGEAKRQRF	103	0	158	158
13294	HUMAN27358	O15123	1	32	MWQIVFFTLSCDLVLAAAYNNFRKSMDSIGKK	31	41	75	34
13295	HUMAN27358	O15123	225	277	SIIEELEKKIVTATVNNSVLQKQQHDLMETVNNLLTMMSTSNSAKDPTVAKEE	52	273	329	56
13296	HUMAN27361	Q6UX68	328	397	GCLRKSCGIAGGDKTERRDSPRATDLAGKRTESSGSCQGASYEPTILGKPPTPEQVPPEAGLGTQVAVED	69	399	477	78
13298	HUMAN27371	A8MUZ8	51	170	SKSYIILQLEQGKELWREGRVFLQDQNPNRESALKKTHMISMHPITRKDASTSMTMENSLILEDPFECNDSGEDCTRSSTITQCLLTHSGKKPYVSKQCGKSLRNLLSTEPHKQIHTKGK	119	52	242	190
13299	HUMAN27385	E9PI22	132	279	PVQIQYIIPSVDDFSLEFHAQDGDISDMRRENVPFSPAEEGKAAPLYQQPLMIPQANHMAGISPSFLVTPLCIPRCRAAFPQCYPLPPTPSPVGRPRPADSSFSLHGMELLCTSSLRPMPPSPSPGPQVYHRVHHRPPSRARRCLFRK	147	133	281	148
13300	HUMAN27385	E9PI22	1	74	MYGYRRLRSPRDSQTEPQNDNEGETSLATTQMNPPKRRQVEQGPSTGAKKPSISGAPHLNSYQSLELPQNQQDS	73	0	76	76
13301	HUMAN27399	P0CI00	51	171	SKSYIILQLEQGKELWWEGRVFLQDQNPDRESALKKKHMISMHPIIRKDTSTSMTMENSLILEDPFEYNDSGEDCTHSSTITQCLLTHSGKKPCVSKQCGKSLRNLLSPKPRKQIHTKGKS	120	52	173	121
13302	HUMAN27401	A6NCW0	1	56	MGDDSLYLGGEWQFNHFSKLTSSRPDAAFAEIQRTSLPEKSPLSSETRVDLCDDLA	55	0	157	157
13303	HUMAN27401	A6NCW0	379	530	ERHSESVSRGREPRALGAEDTDRRAKQGELKRDHPCLQAPELDEHLVERATQESTLDHWKFLQEQNKTKPEFNVGKVEGTLPPNALVIHQSKYKCGMKNHHPEQQSSLLNLSSTTRTDQESMNTGTLASLQGRTRRAKGKNKHSKRALLVCQ	151	627	841	214
13304	HUMAN27402	Q86YV5	1160	1206	AGPGPAPAPAPAPAPAAAAPPCSSAAPPAGGTLSPAAGPASPEGPRE	46	1588	1654	66
13306	HUMAN27403	Q96B33	186	292	DERCRRRRKGPSAGPRRSSVSTIQVEWPEPDLAPAIKYYSDGQHRPPPAQHRKPKPKPKVGFPMPRPRPKAYTNSVDVLDGEGWESQDAPSCSTHPCDSSLPCDSDL	106	218	376	158
13307	HUMAN27405	Q8IV48	1	59	MEDPQSKEPAGEAVALALLESPRPEGGEEPPRPSPEETQQCKFDGQETKGSKFITSSAS	58	16	99	83
13308	HUMAN27407	Q86XI6	1	58	MMAVDIEYRYNCMAPSLRQERFAFKISPKPSKPLRPCIQLSSKNEASGMVAPAVQEKK	57	76	204	128
13310	HUMAN27408	O95271	964	1026	CFKPQATVVSASLISPASTPSCLSAASSIDNLTGPLAELAVGGASNAGDGAAGTERKEGEVAG	62	1814	1980	166
13311	HUMAN27415	Q6UWB4	1	52	MLLFSVLLLLSLVTGTQLGPRTPLPEAGVAILGRARGAHRPQPPHPPSPVSE	51	0	76	76
13312	HUMAN27415	Q6UWB4	303	352	GRPFNAEKRRTSVKQKPMGSPVSGVPEPGSPRSWLLLCPLSHVLFRAILY	49	349	407	58
13313	HUMAN27418	Q8IWN7	115	147	GPGRPQERNPTAQQLRDVEGQREAPGTSSSRKS	32	147	188	41
13315	HUMAN27418	Q8IWN7	233	299	ARRSEAETLSGLTSRNKNGSWGPKTKPSVIHSRSPPGSTPRLPERPGPSNPPVGPAPGRHPQDTPAQ	66	275	367	92
13316	HUMAN27418	Q8IWN7	345	404	RASALTAASGEDPVLGEVDPLCCVWEGYPWGFSEPGVWGPRPCRVGCREVFGRGGQPGPK	59	416	490	74
13318	HUMAN27419	Q6P047	155	211	EGMDRDLWIHEQQVATLTEAEAQKRADVLLLKEALRLERENSLQKAFAAAAPAQPGQ	56	196	263	67
13319	HUMAN27419	Q6P047	221	294	LICQAVHTQMELLQELLQRQIQNTFAILDLKLQKKTLNLNAPTPIPPPITSHAGQEEALKPQRASKGKKAKARK	73	273	359	86
13321	HUMAN27426	Q5GH73	197	229	EGLTSRGPPMMGAGYVHGAARGGPGVRVSPTPG	32	207	246	39
13322	HUMAN27426	Q5GH73	1	120	MAAKSDGGGVGVGFAQLHNLDEAVGSGGEEDGEPGGGGCGGGGDGSEPGESSSMHICHCCNTSSCYWGCRSACLRSLLGRKPRRSAAADGGDQPLQPPAAPGAGRQPPTPSAARPEPPPP	119	0	129	129
13323	HUMAN27426	Q5GH73	510	558	SSCCAELLWGIPLPPDVEPMAPEIPGYRGTQVTPTRAVTEQQEDLTADT	48	529	585	56
13324	HUMAN27431	Q96KS9	130	171	MRLQDQQLARQLMRLRGDINKLKIEHTCRLHRRMLNDATYEL	41	162	204	42
13325	HUMAN27431	Q96KS9	1	112	MSVPQIHVEEVGAEEGAGAAAPPDDHLRSLKALTEKLRLETRRPSYLEWQARLEEHTWPFPRPAAEPQASLEEGERGGQEPLLPLREAGQHPPSARSASQGARPLSTGKLEG	111	11	144	133
13326	HUMAN27432	P51451	1	58	MGLVSSKKPDKEKPIKEKDKGQWSPLKVSAQDKDAPPLPPLVVFNHLTPPPPDEHLDE	57	0	92	92
13327	HUMAN27434	Q969S2	63	115	GPPGSSPTPEPPQKEVQKEGAADPKQVGEPSGQKTLDGSSRSAELVPQGEDDS	52	84	154	70
13329	HUMAN27443	P0C7H9	1	56	MEDDSLYLGGDWQFNHFSKLTSSRLDAAFAEIQRTSLSEKSPLSSETRFDLCDDLA	55	0	58	58
13330	HUMAN27443	P0C7H9	379	462	ERHSESVSRGREPRALGAEDTDRPATQGELKRDHPCLQVPELDEHLVERATQESTLDHWKFPQEQNKTKPEFNVRKVEGTLPPN	83	385	469	84
13331	HUMAN27443	P0C7H9	470	530	KYKCGMKNHHPEQQSSLLNLSSTKPTDQESMNTGTLASLQGSTRRSKGNNKHSKRSLLVCQ	60	476	537	61
13332	HUMAN27444	Q6R6M4	1	57	MEDDSLYLGGEWQFNHFSKLTSSRPDAAFAEIQRTSLPEKSPLSSEARVDLCDDLAP	56	0	58	58
13333	HUMAN27444	Q6R6M4	379	449	ERHSESVSRGREPRALGAEDTDRRATQGELKRDHPCLQAPELDERLVERATQESTLDHWKFPQEQNKTKPE	70	382	453	71
13334	HUMAN27444	Q6R6M4	470	530	KYKCGMKNHHPEQQSSLLNLSSTTRTDQESVNTGTLASLQGRTRRSKGKNKHSKRALLVCQ	60	473	534	61
13335	HUMAN27452	Q17RB8	1	43	MSSPAVARTSPGGSREMAPAPQGRGRFWEVGGGSGHRLERAAA	42	75	119	44
13336	HUMAN27452	Q17RB8	335	461	GLKESSWSSLPCTKNRPFDFHSVMEESQSLNEPSPKQSEEIPEVTSEPVKGSLNRAQSAQSINSTEMPAREDCLKRVSSEPVLSVQEKGVLLKRKLSLLEQDVIVNEDGRNKLKKQGETPNEVCMFS	126	444	595	151
13337	HUMAN27455	Q9P272	166	219	SQLFSESSQSGRKRQCGYPERGHPYHPPCSECSCSVCFKEQCGSKRSHSVGYEP	53	182	239	57
13338	HUMAN27455	Q9P272	259	404	STLRKQIERVRPLKNTEVWASSTVTVQPSRHSSLDFDHQEPFSTKGQSLDEEVFVESSSGKHLEWLRAPGTLKHLNGDHQGEMRRNGGGNFLDSTNTGVNCVDAGNIEDDNPSASKILRRISAVDSTDFNPDDTMSVEDPQTDVLD	145	278	445	167
13340	HUMAN27459	Q96LL4	134	167	HRRGDSKKKTSSRHKKLHLGLDVEASERDAFSCT	33	206	241	35
13341	HUMAN27459	Q96LL4	1	75	MAICPELAQTDKSALANLSDETETLKNSTDEVQTSSSFSSSGGRQSSPLTSGSKLEREKQTPSLEQGDTQSELLD	74	54	140	86
13342	HUMAN27461	Q13454	1	46	MGARGAPSRRRQAGRRLRYLPTGSFPFLLLLLLLCIQLGGGQKKKE	45	8	148	140
13343	HUMAN27465	Q9NP95	1	55	MAPLAEVGGFLGGLEGLGQQVGSHFLLPPAGERPPLLGERRSAAERSARGGPGAA	54	86	163	77
13344	HUMAN27466	Q86XE3	1	73	MAALRRLLWPPPRVSPPLCAHQPLLGPWGRPAVTTLGLPGRPFSSREDEERAVAEAAWRRRRRWGELSVAAAA	72	112	208	96
13345	HUMAN27466	Q86XE3	287	335	LYGYHSPTNSVLKTDAEELVSRSYWDTLRRNTSQALFSDLAERADDITS	48	484	584	100
13346	HUMAN27466	Q86XE3	89	131	PRAGSPATGRPSKSAATEPEDPPRGRGMLPIPVAAAKETVAIG	42	226	317	91
13347	HUMAN27468	Q9UIJ5	299	367	NQDPEQASTPAGLNSTAKNLENHQFPAKPLRESQSHLLTDSQSWTESSINPGKCKAGMSNPALTMENET	68	679	927	248
13348	HUMAN27473	Q8NEZ2	134	221	STAFPYLYSNPSGMSPYASQGFPFLPPYPPQEANRSITSLSVADTVSSSTTSHTTAKPAAPSFGVLSNLPLPIPTVDASIPTSQNGFG	87	214	403	189
13349	HUMAN27479	Q9Y216	547	660	KVQLNCTKVKSKQSEPSKHSGFSTSDNSIANTPQDYSGNMKSFPSRSPSQGDEDSALILTQDNLKSSDPDLSANSDQESGVEDLSCRSPSGGEHAPSEDSGKDRDSDEAVFLTA	113	822	1028	206
13350	HUMAN27481	Q15198	1	62	MKVWLLLGLLLVHEALEDVTGQHLPKNKRPKEPGENRIKPTNKKVKPKIPKMKDRDSANSAP	61	65	149	84
13354	HUMAN27504	Q8TDX6	1	54	MMMVRRGLLAWISRVVVLLVLLCCAISVLYMLACTPKGDEEQLALPRANSPTGK	53	23	112	89
13355	HUMAN27505	Q9NVR2	360	393	IDRNKHIHKKRKLAEGREKTMSSDDEDCSAKGRN	33	543	590	47
13356	HUMAN27510	P54219	2	43	LRTILDAPQRLLKEGRASRQLVLVVVFVALLLDNMLFTVVVP	41	5	131	126
13357	HUMAN27510	P54219	492	525	SQDCPMETRMYATQKPTKEFPLGEDSDEEPDHEE	33	837	885	48
13358	HUMAN27510	P54219	89	133	TVAVEESVPSGIAWMNDTASTIPPPATEAISAHKNNCLQGTGFLE	44	212	274	62
13361	HUMAN27514	Q9Y250	468	504	VNLLEQELQELRAQAALARDMGPPTFPEDVPALQREL	36	679	772	93
13362	HUMAN27515	O00451	1	33	MILANVFCLFFFLDETLRSLASPSSLQGPELHG	32	14	63	49
13363	HUMAN27515	O00451	358	464	GTDVNVSPKGPSFQATQAPRVEKTPSLPDDLSDSTSLGTSVITTCTSVQEQGLKANNSKELSMCFTELTTNIIPGSNKVIKPNSGPSRARPSAALTVLSVLMLKLAL	106	439	583	144
13365	HUMAN27520	Q86SE8	124	214	SDLTWEEEEEEEGEEEEEEEEDDEDEDADISLEEQSPVKQVKRLVPQKQASVAKKKKLEKEEEEIRASVRDKSPVKKAKATARAKKPGFKK	90	135	270	135
13366	HUMAN27521	O60258	184	216	PFPNHAEKQKQFEFVGSAPTRRTKRTRRPQPLT	32	324	358	34
13367	HUMAN27521	O60258	1	48	MGAARLLPNLTLCLQLLILCCQTQGENHPSPNFNQYVRDQGAMTDQLS	47	47	174	127
13369	HUMAN27524	Q86V87	178	240	KIVGRKKACGEPTALPKDTTSHGDKDCSHDGAPARPQLDGESCGAQALNSHMPAETEELDGGT	62	505	723	218
13370	HUMAN27524	Q86V87	487	536	PEPESYEDTLDLEEDPYFTDSFLDSGFQTPAKPRLAPATSYDGKTAVTEI	49	1242	1371	129
13372	HUMAN27526	O43593	688	832	GHCPCQADARVWAPGDAGQQKESTQKTPPTPQPSCNGDTHRTKSIKEETPDSAETPAEDRAGRGPLPCPSLCELLASTAVKLCLGHERIHMAFAPVTPALPSDDRITNILDSIIAQVVERKIQEKALGPGLRAGPGLRKGLGLPL	144	754	921	167
13373	HUMAN27530	Q8N145	1	32	MAGLRARGGPGPGLLALSALGFCLMLQVSAKR	31	144	204	60
13376	HUMAN27538	P05423	278	312	QPPTQDIKPIKTEVQGEDGQVVLIKQEKDREAKLA	34	706	806	100
13378	HUMAN27540	Q15043	248	327	KNEHHHGHSHYASESLPSKKDQEEGVMEKLQNGDLDHMIPQHCSSELDGKAPMVDEKVIVGSLSVQDLQASQSACYWLKG	79	519	746	227
13379	HUMAN27544	O60504	522	611	DDGPQLPTSPRLTAAARSARHPSSPSALRSPADPIDLGGQTSPRRTGFSFPTQEPRPQTQNLGTPGPALSHSRGPSHPLDLGTSSPNTSQ	89	982	1218	236
13381	HUMAN27554	Q8N163	119	220	QPLLKSPAPPLLHVAALGQKQGILGAQPQLIFQPHRIPPLFPQKPLSLFQTSHTLHLSHLNRFPARGPHGRLDQGRSDDYDSKKRKQRAGGEPWGAKKPRHD	101	166	291	125
13382	HUMAN27554	Q8N163	1	52	MSQFKRQRINPLPGGRNFSGTASTSLLGPPPGLLTPPVATELSQNARHLQGG	51	25	96	71
13384	HUMAN27554	Q8N163	763	801	RQEGLDGGLPEEVLFGNLDLLPPPGKSTKPGAAPTEHKA	38	901	953	52
13385	HUMAN27562	Q96S96	1	32	MGWTMRLVTAALLLGLMMVVTGDEDENSPCAH	31	57	113	56
13387	HUMAN27565	O14763	1	77	MEQRGQNAPAASGARKRHGPGPREARGARPGPRVPKTLVLVVAAVLLLVSAESALITQQDLAPQQRAAPQQKRSSPS	76	0	104	104
13388	HUMAN27568	Q9UBN6	1	82	MGLWGQSVPTASSARAGRYPGARTASGTRPWLLDPKILKFVVFIVAVLLPVRVDSATIPRQDEVPQQTVAPQQQRRSLKEEE	81	0	84	84
13389	HUMAN27569	O00220	1	119	MAPPPARVHLGAFLAVTPNPGSAASGTEAAAATPSKVWGSSAGRIEPRGGGRGALPTSMGQHGPSARARAGRAPGPRPAREASPRLRVHKTFKFVVVGVLLQVVPSSAATIKLHDQSIG	118	0	143	143
13390	HUMAN27569	O00220	289	357	PGAEDNAHNEILSNADSLSTFVSEQQMESQEPADLTGVTVQSPGEAQCLLGPAEAEGSQRRRLLVPANG	68	400	534	134
13391	HUMAN27570	Q8WUX9	390	453	DTTKEPLDLPDNPRNRHFTNSVPNPRISDAELEAELEKLSLSEGGLVPSSKSPKRQLEPTLKPL	63	645	845	200
13393	HUMAN27578	Q9NYZ2	1	32	MELRSGSVGSQAVARRMDGDSRDGGGGKDATG	31	57	146	89
13394	HUMAN27579	Q99801	1	129	MLRVPEPRPGEAKAEGAAPPTPSKPLTSFLIQDILRDGAQRQGGRTSSQRQRDPEPEPEPEPEGGRSRAGAQNDQLSTGPRAAPEEAETLAETEPERHLGSYLLDSENTSGALPRLPQTPKQPQKRSRA	128	0	194	194
13395	HUMAN27580	A6NCS4	1	134	MLLSPVTSTPFSVKDILRLERERSCPAASPHPRVRKSPENFQYLRMDAEPRGSEVHNAGGGGGDRKLDGSEPPGGPCEAVLEMDAERMGEPQPGLNAASPLGGGTRVPERGVGNSGDSVRGGRSEQPKARQRRK	133	59	207	148
13396	HUMAN27581	P52823	1	38	MLQNSAVLLVLVISASATHEAEQNDSVSPRKSRVAAQN	37	135	187	52
13397	HUMAN27581	P52823	203	247	AQTHPRADFNRRRTNEPQKLKVLLRNLRGEEDSPSHIKRTSHESA	44	351	427	76
13398	HUMAN27582	Q9UKQ2	690	775	SSREKQKKDQRPLSTTGTRPHKQKRKPQMVKAVQPQEMSQMKPHVYDLPVEGNEPPASFHKDTNALPPTVFKDNPVSTPKDSNPKA	85	819	986	167
13399	HUMAN27585	O15204	1	33	MLRGISQLPAVATMSWVLLPVLWLIVQTQAIAI	32	11	49	38
13400	HUMAN27588	P07197	1	107	MSYTLDSLGNPSAYRRVTETRSSFSRVSGSPSSGFRSQSWSRGSPSTVSSSYKRSMLAPRLAYSSAMLSSAESSLDFSQSSSLLNGGSGPGGDYKLSRSNEKEQLQG	106	107	301	194
13402	HUMAN27589	P07196	1	81	MSSFSYEPYYSTSYKRRYVETPRVHISSVRSGYSTARSAYSSYSAPVSSSLSVRRSYSSSSGSLMPSLENLDLSQVAAISN	80	183	299	116
13406	HUMAN27595	Q9HAK2	387	575	NQDIILKRAADIAEALYSVPRNPSQLPALSSSPAHSGMMGINSYGSQLGVSISESTQGNNQGYIRNTSSISPRGYSSSSTPQQSNYSTSSNSMNGYSNVPMANLGVPGSPGFLNGSPTGSPYGIMSSSPTVGSSSTSSILPFSSSVFPAVKQKSAFAPVIRPQGSPSPACSSGNGNGFRAMTGLVVPPM	188	418	647	229
13407	HUMAN27601	O60238	1	30	MSSHLVEPPPPLHNNNNNCEENEQSLPPPA	29	3	84	81
13408	HUMAN27601	O60238	44	130	SNGNDNGNGKNGGLEHVPSSSSIHNGDMEKILLDAQHESGQSSSRGSSHCDSPSPQEDGQIMFDVEMHTSRDHSSQSEEEVVEGEKE	86	110	238	128
13409	HUMAN27605	P35348	217	263	GLKSGLKTDKSDSEQVTLRIHRKNAPAGGSGMASAKTKTHFSVRLLK	46	252	320	68
13410	HUMAN27605	P35348	350	423	QSSKHALGYTLHPPSQAVEGQHKDMVRIPVGSRETFYRISKTDGVCEWKFFSSMPRGSARITVSKDQSSCTTAR	73	413	508	95
13411	HUMAN27610	Q14289	1	35	MSGVSEPLSRVKLGTLRRPEGPAEPMVVVPVDVEK	34	68	121	53
13413	HUMAN27615	Q6AZY7	1	51	MKVRSAGGDGDALCVTEEDLAGDDEDMPTFPCTQKGRPGPRCSRCQKNLSL	50	49	115	66
13415	HUMAN27616	Q86WR0	168	208	KREKEEMKKKREMDELRSYSSLMKVENMSSNQDGNDSDEFM	40	211	267	56
13417	HUMAN27619	Q6ZMJ2	1	121	MENKAMYLHTVSDCDTSSICEDSFDGRSLSKLNLCEDGPCHKRRASICCTQLGSLSALKHAVLGLYLLVFLILVGIFILAVSRPRSSPDDLKALTRNVNRLNESFRDLQLRLLQAPLQADL	120	18	149	131
13418	HUMAN27619	Q6ZMJ2	280	384	LNAVTEDLRLKDWEHSIALRNISLAKGPPGPKGDQGDEGKEGRPGIPGLPGLRGLPGERGTPGLPGPKGDDGKLGATGPMGMRGFKGDRGPKGEKGEKGDRAGDA	104	313	551	238
13419	HUMAN27620	Q68CJ6	1	41	MAETKDVFGQEPHPVEDDLYKERTRKRRKSDRDQRFRAFPS	40	52	103	51
13420	HUMAN27624	Q13519	71	176	QLSPAAPEHVAAALYQPRASEMQHLRRMPRVRSLFQEQEEPEPGMEEAGEMEQKQLQKRFGGFTGARKSARKLANQKRFSEFMRQYLVLSMQSSQRRRTLHQNGNV	105	118	336	218
13421	HUMAN27629	Q9NPG1	516	666	KKEIVNESRQVLQEPDFAQSLLRDPNTPIIRKSRGTSTQGTSTHASSTQLAMVDDQRSKAGSIHSKVSSYHGSLHRSRDGRYTPCSYRGMEERLPHGSMSRLTDHSRHSSSHRLNEQSRHSSIRDLSNNPMTHITHGTSMNRVIEEDGTSA	150	551	705	154
13422	HUMAN27630	O43909	1	62	MTGYTMLRNGGAGNGGQTCMLRWSNRIRLTWLSFTLFVILVFFPLIAHYYLTTLDEADEAGK	61	41	286	245
13423	HUMAN27634	Q6NT76	230	269	TNPGATLSMRPAPIPIEDPEWRQTPPPVSATSGTFRLRRG	39	355	458	103
13424	HUMAN27634	Q6NT76	52	155	RLDQEHSDKFGRRSSYGGSSYGNSTNNVPASSSTATASTQTQHSGMSPSPSNSYDTSPQPCTTNQNGRENNERLSTSNGKMSPTRYHANSMGQRSYSFEASEED	103	73	277	204
13426	HUMAN27635	Q9NQT8	1770	1826	ATGPVRRRSTGLRLGAPEARRSATLSGSATNLASLTAALAKADRSHKNPENRKSWAS	56	2591	2662	71
13427	HUMAN27635	Q9NQT8	546	596	KKKKKAEREDEDQDPSMKNENSSEQLDVDGDSSSEVSSEVNFNYEYAQMEV	50	674	728	54
13428	HUMAN27635	Q9NQT8	606	658	PMQSILNSLEQQHEEEKRSALERQRLMYEHELEQLRRRLSPEKQNCRSMDRFS	52	772	846	74
13429	HUMAN27654	P29084	1	71	MDPSLLRERELFKKRALSTPVVEKRSASSESSSSSSKKKKTKVEHGGSSGSKQNSDHSNGSFNLKALSGSS	70	65	177	112
13430	HUMAN27654	P29084	241	291	GISSMQESGPKKVAPIQRRKKPASQKKRRFKTHNEHLAGVLKDYSDITSSK	50	406	466	60
13434	HUMAN27665	Q9BXT5	2540	2624	IVNSSIKNSSCMTSPEPICIQNKIPTLQINKLQPTETESEDKYMKDTLNPNTVHTFGASGHITLNVNQGAEYSLSEQQNDKNSKV	84	3230	3319	89
13435	HUMAN27668	Q14191	1071	1107	PKKLLLPSSKTVSSGTKEHCYNQVPVELSTEKKSNLE	36	1431	1477	46
13436	HUMAN27668	Q14191	1360	1432	DSGLQPSCDVNKRRCFPGSEEICSSSKRSKEEVGINTETSSAERKRRLPVWFAKGSDTSKKLMDKTKRGGLFS	72	1751	1977	226
13438	HUMAN27676	Q6P4F1	1	74	MVRIQRRKLLASCLCVTATVFLLVTLQVMVELGKFERKEFKSSSLQDGHTKMEEAPTHLNSFLKKEGLTFNRKR	73	42	174	132
13440	HUMAN27680	Q9BV47	1	39	MCPGNWLWASMTFMARFSRSSSRSPVRTRGTLEEMPTVQ	38	1	82	81
13444	HUMAN27689	Q96PE1	1	32	MGAGGRRMRGAPARLLLPLLPWLLLLLAPEAR	31	1	71	70
13445	HUMAN27689	Q96PE1	951	1010	RGPLAQNPKAGNSRASLEAGEELRGSTRLRGSGPLLSDSGSLLATGSARVGTPGPPEDGD	59	1475	1553	78
13448	HUMAN27696	P13945	1	32	MAPWPHENSSLAPWPDLPTLAPNTANTSGLPG	31	89	129	40
13449	HUMAN27696	P13945	243	285	GRFPPEESPPAPSRSLAPAPVGTCAPPEGVPACGRRPARLLPL	42	352	421	69
13450	HUMAN27696	P13945	368	408	PPEPCAAARPALFPSGVPAARSSPAQPRLCQRLDGASWGVS	40	505	608	103
13451	HUMAN27697	Q13541	66	118	PVTKTPPRDLPTIPGVTSPSSDEPPMEASQSHLRNSPEDKRAGGEESQFEMDI	52	76	135	59
13453	HUMAN27698	Q9UBL3	269	322	DNQKQSSAVSTSGNLNGGIAAGSSGKGRGAKRKQQDGGTTGTTKKARSDPLFSA	53	626	746	120
13455	HUMAN27704	O94830	1	32	MSSVQSQQEQLSQSDPSPSPNSCSSFELIDMD	31	105	211	106
13456	HUMAN27704	O94830	367	406	SLGDIDSEKDSLNIVMDQGDTPTLEEDLKKLQLSEFFDIF	39	864	1043	179
13457	HUMAN27704	O94830	433	477	PRKKILNYFSTRKNSMGIKRPAPQPASGANIPKESEFCSSSNTRN	44	1106	1224	118
13458	HUMAN27704	O94830	569	647	KRMHLELREGLTRMSMDLKNNLLGSLRMAWKSFTRAPYPALQASETPEETEAEPESTSEKPSDVNTEETSVAVKEEVLP	78	1372	1549	177
13459	HUMAN27707	Q9BZ95	1287	1316	RPKSACASTNEEKAKNAKLKQKRRKIKTEP	29	1704	1736	32
13462	HUMAN27709	Q2VYF4	20	119	HFVHPTCSSYSPSCAFLHLPDSHLNKTCMKNYESKKYSDPSQPGNTVLHPGTRLIQKLHTSTCWLQEVPGKPQLEQATKHPQVTSPQATKETGMEIKEGK	99	25	129	104
13463	HUMAN27709	Q2VYF4	397	491	KPIEIPLSGEAPKTDILVELPTFTESKENMVDLAPQLKGTKDEDFIQPPPVTSSPITPSTPISLPKGPITSSEEPTLQAKSQMTAQNSKASSKGA	94	423	574	151
13464	HUMAN27713	Q6ZUL3	39	71	LGSKRLKPAKFGTEGKERVEQRTERQRTGSSKE	32	60	93	33
13466	HUMAN27717	P83105	1	35	MIRPQLRTAGLGRCLLPGLLLLLVPVLWAGAEKLH	34	24	137	113
13467	HUMAN27722	Q13443	1	36	MGSGARFPSGTLRVRWLLLLGLVGPVLGAARPGFQQ	35	4	53	49
13469	HUMAN27724	Q8TC27	654	687	QIRSKGFSIFPEEDMGSIMERASGKTENTWLLGF	33	760	803	43
13470	HUMAN27724	Q8TC27	712	787	AKEEEFPSSESKSEGSTQTYASQSSSEGSTQTYASQTRSESSSQADTSKSKSEDSAEAYTSRSKSQDSTQTQSSSN	75	827	910	83
13471	HUMAN27727	Q99965	667	700	PARLPERRYIENIYHSKPMRWPFFLFIPFFIIFC	33	780	827	47
13472	HUMAN27730	Q9NR00	1	31	MKAKRSHQAVIMSTSLRVSPSIHGYHFDTAS	30	19	58	39
13473	HUMAN27731	Q9H898	38	75	HASKVRLYYMLHPRDGGCPAKRLRSENGSDADMVDKNK	37	84	122	38
13474	HUMAN27731	Q9H898	87	142	AVVADSHYQGKIHAKRLKLLLGEKTPLKTTATPLSPLKPPRMDTAPVVASPYQRRD	55	133	219	86
13475	HUMAN27738	Q86UL3	1	33	MFLLLPFDSLIVNLLGISLTVLFTLLLVFIIVP	32	110	145	35
13476	HUMAN27738	Q86UL3	62	106	ERGAKEKNHQLYKPYTNGIIAKDPTSLEEEIKEIRRSGSSKALDN	44	179	276	97
13479	HUMAN27758	Q9UBT3	1	143	MVAAVLLGLSWLCSPLGALVLDFNNIRSSADLHGARKGSQCLSDTDCNTRKFCLQPRDEKPFCATCRGLRRRCQRDAMCCPGTLCVNDVCTTMEDATPILERQLDEQDGTHAEGTTGHPVQENQPKRKPSIKKSQGRKGQEGE	142	5	153	148
13481	HUMAN27764	Q05901	353	384	VDRYSSPEKEESQPVVKGKVLEKKKQKQLSDG	31	537	599	62
13482	HUMAN27765	Q15825	360	421	DKTRGTGSDAVPRGLARRPAKGKLASHGEPRHLKECFHCHKSNELATSKRRLSHQPLQWVVE	61	468	622	154
13483	HUMAN27766	Q9NVV9	86	145	PHDKKEDLLEPQEQLPPPPLPPPVSQVDAAIGLLMPPLQTPVNLSVFCDHNYTVEDTMHQ	59	106	214	108
13484	HUMAN27769	Q86VS8	192	261	KEEIAQRCHELDMQVAALQEEKSSLLAENQVLMERLNQSDSIEDPNSPAGRRHLQLQTQLEQLQEETFRL	69	532	663	131
13485	HUMAN27769	Q86VS8	388	489	KADKLDFEYKRLKEKVDSLQKEKDRLRTERDSLKETIEELRCVQAQEGQLTTQGLMPLGSQESSDSLAAEIVTPEIREKLIRLQHENKMLKLNQEGSDNEKI	101	842	1072	230
13487	HUMAN27771	P49354	1	60	MAATEGVGEAAQGGEPGQPAQPPPQPHPPPPQQQHKEEMAAEAGEAVASPMDDGFVSLDS	59	83	189	106
13488	HUMAN27772	Q9H5K3	1	56	MEKQPQNSRRGLAPREVPPAVGLLLIMALMNTLLYLCLDHFFIAPRQSTVDPTHCP	55	21	104	83
13492	HUMAN27781	P78527	2653	2744	RSSFDWLTGSSTDPLVDHTSPSSDSLLFAHKRSERLQRAPLKSVGPDFGKKRLGLPGDEVDNKVKGAAGRTDLLRLRRRFMRDQEKLSLMYA	91	5811	6034	223
13493	HUMAN27781	P78527	807	844	DETKNNWEVSALSRAAQKGFNKVVLKHLKKTKNLSSNE	37	1759	1836	77
13495	HUMAN27787	O43623	10	125	HFNASKKPNYSELDTHTVIISPYLYESYSMPVIPQPEILSSGAYSPITVWTTAAPFHAQLPNGLSPLSGYSSSLGRVSPPPPSDTSSKDHSGSESPISDEEERLQSKLSDPHAIEA	115	52	209	157
13496	HUMAN27788	Q8WWR9	1	45	MASVPSIGCLLARNQYYRKSSVSSVSSLTSSDSVNFIDDDKPQQG	44	0	54	54
13497	HUMAN27789	Q9NSN8	154	196	CACAPSDQSSGTSSPLCDSGLHLNYHPNNTDTLSCSSWPTSPG	42	621	676	55
13498	HUMAN27790	A1KZ92	1306	1358	GQFRAVTQESQKKRSAQYSYPVDKDMELSHLRSRQQDKIYVGEDARNVTVLAK	52	1665	1754	89
13499	HUMAN27795	Q6UXT8	21	59	SPHGAHGRPRGRRGARVTDKEPKPLLFLPAAGAGRTPSG	38	20	61	41
13500	HUMAN27796	Q8TDY2	1264	1317	VKHLENQIAKSPAIDSTRGDSSSLVAELQEKLQEEKAKFLEQLEEQEKRKNEEM	53	1947	2031	84
13501	HUMAN27796	Q8TDY2	1378	1494	LLEEKKKLEEEVSKLRSSSFVPSPYVATAPELYGACAPELPGESDRSAVETADEGRVDSAMETSMMSVQENIHMLSEEKQRIMLLERTLQLKEEENKRLNQRLMSQSMSSVSSRHSE	116	2109	2290	181
13502	HUMAN27796	Q8TDY2	221	300	DSLPEHEDSEKAEMKRSTELVLSPDMPRTTNESLLTSFPKSVEHVSPDTADAESGKEIRESCQSTVHQQDETTIDTKDGD	79	253	387	134
13503	HUMAN27796	Q8TDY2	548	580	RNRLFRGLDSWPPSFCTQKPRKFDCELPDISLK	32	636	672	36
13505	HUMAN27800	P48145	1	30	MDNASFSEPWPANASGPDPALSCSNASTLA	29	33	83	50
13506	HUMAN27801	P41145	1	53	MDSPIQIFRGEPGPTCAPSACLPPNSSAWFPGWAEPDSNGSAGSEDAQLEPAH	52	7	73	66
13507	HUMAN27801	P41145	351	380	RMERQSTSRVRNTVQDPAYLRDIDGMNKPV	29	386	433	47
13508	HUMAN27804	O76081	1	84	MPQLSQDNQECLQKHFSRPSIWTQFLPLFRAQRYNTDIHQITENEGDLRAVPDIKSFPPAQLPDSPAAPKLFGLLSSPLSSLAR	83	0	89	89
13509	HUMAN27804	O76081	93	244	PPPEAPRRRLDFSPLLPALPAARLSRGHEELPGRLSLLLGAALALPGRPSGGRPLRPPHPVAKPREEDATAGQSSPMPQMGSERMEMRKRQMPAAQDTPGAAPGQPGAGSRGSNACCFCWCCCCSCSCLTVRNQEDQRPTIASHELRADLPT	151	98	287	189
13510	HUMAN27810	Q9P015	1	62	MAGPLQGGGARALDLLRGLPRVSLANLKPNPGSKKPERRPRGRRRGRKCGRGHKGERQRGTR	61	46	244	198
13511	HUMAN27814	Q5GH76	175	245	DSATAAAASSCPQPGADCKTVVGGGSAAGEGEARPSTPQRQASNASKSNIAAANSGSNSSGATRASGKHRS	70	321	405	84
13512	HUMAN27814	Q5GH76	1	104	MAAKSDGRLKMKKSSDVAFTPLQNSDHSGSVQGLAPGLPSGSGAEDEEAAGGGCCPDGGGCSRCCCCCAGSGGSAGSGGSGGVAGPGGGGAGSAALCLRLGREQ	103	93	224	131
13513	HUMAN27814	Q5GH76	521	565	GQSPSCACEDPAAAFTLPPDVATSTLRSISNNRSVVSDRDQKFAE	44	695	754	59
13515	HUMAN27818	Q96RS0	51	192	SGNNSGDQATEEEEGGYSCGTAESHDSKGIGLDESELDSEAELMRSMGLPLQFGRITAHKDFEVSMNTRNKVKIKKKKHQKKYLDEIVQESWRKEYEEDDILASDDPSSIEQYENTRTYELQSKKDTETENPPVENTLSPKL	141	124	360	236
13516	HUMAN27819	P07948	1	63	MGCIKSKGKDSLSDDGVDLKTQPVRNTERTIYVRDPTSNKQQRPVPESQLLPGQRFQTKDPEE	62	122	193	71
13517	HUMAN27822	P00540	1	41	MPSPLALRPYLRSEFSPSVDARPCSSPSELPAKLLLGATLP	40	49	191	142
13518	HUMAN27823	Q6DJT9	1	30	MATVIPGDLSEVRDTQKVPSGKRKRGETKP	29	17	60	43
13519	HUMAN27830	P01210	1	61	MARFLTLCTWLLLLGPGLLATVRAECSQDCATCSYRLVRPADINFLACVMECEGKLPSLKI	60	72	138	66
13520	HUMAN27830	P01210	238	267	AEALPSDEEGESYSKEVPEMEKRYGGFMRF	29	344	392	48
13521	HUMAN27830	P01210	72	203	SKPELPQDGTSTLRENSKPEESHLLAKRYGGFMKRYGGFMKKMDELYPMEPEEEANGSEILAKRYGGFMKKDAEEDDSLANSSDLLKELLETGDNRERSHHQDGSDNEEEVSKRYGGFMRGLKRSPQLEDEA	131	148	310	162
13522	HUMAN27833	Q9NX62	1	57	MAPMGIRLSPLGVAVFCLLGLGVLYHLYSGFLAGRFSLFGLGGEPGGGAAGPAAAAD	56	64	158	94
13524	HUMAN27836	Q8TC76	291	339	LGMENFARANSDIISLNFRSASMISSDCEQSQDSNSDLRNDDSANDRVP	48	525	591	66
13525	HUMAN27837	Q14CS0	1	60	MAEGGGPEPGEQERRSSGPRPPSARDLQLALAELYEDEVKCKSSKSNRPKATVFKSPRTP	59	4	226	222
13527	HUMAN27843	O94900	303	499	GEEQKQVYKKKTEAAKKEYLKQLAAYRASLVSKSYSEPVDVKTSQPPQLINSKPSVFHGPSQAHSALYLSSHYHQQPGMNPHLTAMHPSLPRNIAPKPNNQMPVTVSIANMAVSPPPPLQISPPLHQHLNMQQHQPLTMQQPLGNQLPMQVQSALHSPTMQQGFTLQPDYQTIINPTSTAAQVVTQAMEYVRSGCRN	196	355	556	201
13528	HUMAN27845	P61019	181	210	EANGIKIGPQHAATNATHAGNQGGQQAGGG	29	498	591	93
13529	HUMAN27849	Q9P2D1	1545	1598	LNGRNNLVIDTPRVRKQTRLYSAVKEDELMEFSDLESDSEEKPCAKPRRPQDKS	53	1849	1906	57
13530	HUMAN27849	Q9P2D1	1826	1899	AKAIAAEQRGTDMLADGGDGGEFDREDEDPEYKPTRTPFKDEIDEFANSPSEDKEESMEIHATGKHSESNAELG	73	2160	2270	110
13533	HUMAN27850	Q8IUQ0	293	354	SDENDYTHTSYNAMHVKHTSSNLERECSPKLMKRSQSVVEAGTLKHEEKGENENTQPLLALD	61	356	441	85
13536	HUMAN27862	Q8NFJ8	312	381	QGQAISAASLPSSAAAAAAAAALHPALGAYEQAAGYPFSAGLPPAASCPEKCALFNSVSSSLCKQCTEKP	69	357	453	96
13538	HUMAN27865	Q15390	281	333	KFAYRYRSDSQDEVEKGIPKSESEATSERVLFGPHMLKPTGKMKALIENVSDS	52	389	466	77
13541	HUMAN27870	Q9UF47	136	199	CCGHCRPESSVPEEDFYVSPEDLEEQIKSDMEKDVDFPVFLQPTNANEKTQLIKEGSRSYCTDS	63	151	229	78
13543	HUMAN27872	P06850	1	60	MRLPLLVSAGVLLVALLPCPPCRALLSRGPVPGARQAPQHPQPLDFFQPPPQSEQPQQPQ	59	73	154	81
13544	HUMAN27872	P06850	80	157	NKSPAAPLSPASSLLAGGSGSRPSPEQATANFFRVLLQQLLLPRRSLDSPAALAERGARNALGGHQEAPERERRSEEP	77	174	297	123
13545	HUMAN27873	Q15050	164	269	ADPLEDQFAKRIQAKKERVAKNELNRLRNLARAHKMQLPSAAGLHPTGHQSKEELGRAMQVAKVSTASVGRFQERLPKEKVPRGSGKKRKFQPLFGDFAAEKKNQL	105	461	660	199
13547	HUMAN27874	Q8IWW8	1	40	MAAAARARVAYLLRQLQRAACQCPTHSHTYSQAPGLSPSG	39	143	358	215
13548	HUMAN27875	Q8TAG6	1	207	MMHQIYSCSDENIEVFTTVIPSKVSSPARRRAKSSQHLLTKNVVIESDLYTHQPLELLPHRGDRRDPGDRRRFGRLQTARPPTAHPAKASARPVGISEPKTSNLCGNRAYGKSLIPPVPRISVKTSASASLEATAMGTEKGAVLMRGSRHLKKMTEEYPALPQGAEASLPLTGSASCGVPGILRKMWTRHKKKSEYVGATNSAFEAD	206	0	239	239
13549	HUMAN27878	P10243	1	32	MAKRSRSEDEDDDLQYADHDYEVPQQKGLKKL	31	12	70	58
13550	HUMAN27879	Q96JH7	1	40	MSQPPPPPPPLPPPPPPPEAPQTPSSLASAAASGGLLKRR	39	27	109	82
13551	HUMAN27879	Q96JH7	699	773	TKTLHKEELNMSKTERTIQQNITEQASVMQKRKTEKLKQEQKGQPRTVSPSTIRDGPSSAPATPTKAPYSPTTSK	74	882	1002	120
13552	HUMAN27879	Q96JH7	855	884	AEGGQSAAAHSAHTVKQEDIAVTGKLSSKE	29	1096	1154	58
13554	HUMAN27880	Q96BR1	113	154	VRAFLQMDSPKHQSDPSEDEDERSSQKLHSTSQNINLGPSGN	41	152	219	67
13555	HUMAN27886	Q7RTU0	134	167	MRSRLYIGATGQFLKHSVSGEKTNHDNTPTDSQP	33	169	203	34
13556	HUMAN27886	Q7RTU0	1	56	MDRGRPAGSPLSASAEPAPLAAAIRDSRPGRTGPGPAGPGGGSRSGSGRPAAANAA	55	8	84	76
13557	HUMAN27888	Q92905	279	308	QLGRGSFMLGLETHDRKSEDKLAKATRDSC	29	711	832	121
13558	HUMAN27894	Q9Y6D6	1072	1118	TVRGREGSLTGTKDQAPDEFVGLGLVGGNVDWKQIASIQESIGETSS	46	3487	3676	189
13561	HUMAN27894	Q9Y6D6	634	687	PNSQTTLGQEKPSEQEMSEIKHPETINRYGSLNSLESTSSSGIGSYSTQMSGTD	53	2501	2745	244
13562	HUMAN27897	Q70Z35	1574	1606	QNTAKNLGVRDRTPQSAPRLYKLCEPPPPAGEE	32	2107	2143	36
13564	HUMAN27898	Q49A92	1	110	MSSPLASELSELAALRPGFRLSAPHARVAPRAATHARGRGRASHAGQPRLRSSCPGPSPGKRRVVPSGGAQPRVLPALSSRSHLFPMASHPQTRIQAYLEKNKIGPLFEE	109	0	115	115
13565	HUMAN27901	Q8IWU6	1	37	MKYSCCALVLAVLGTELLGSLCSTVRSPRFRGRIQQE	36	62	156	94
13566	HUMAN27901	Q8IWU6	510	543	GYRASRSQRKSQRQFLRNQGTPKYKPRFVHTRQT	33	892	945	53
13567	HUMAN27901	Q8IWU6	561	610	EEEELQVLQPRNIAKRHDEGHKGPRDLQASSGGNRGRMLADSSNAVGPPT	49	980	1073	93
13569	HUMAN27902	Q9H2Y9	1	110	MDEGTGLQPGAGEQLEAPATAEAVQERCEPETLRSKSLPVLSSASCRPSLSPTSGDANPAFGCVDSSGHQELKQGPNPLAPSPSAPSTSAGLGDCNHRVDLSKTFSVSSA	109	18	200	182
13570	HUMAN27902	Q9H2Y9	229	258	ASAPNDGLCQGGNSTATLEPPACPKDSGGN	29	356	410	54
13571	HUMAN27902	Q9H2Y9	374	412	PRHKKKKKKKFSVDAVSDDDVLKEKSNNSEQADKKVSSM	38	563	715	152
13572	HUMAN27902	Q9H2Y9	763	848	KEDGLQRRRQREFPLSTVSERVGHPDNARTRSCPAFSTQGEFHEETGLQKGIQCAAQTYPGPFPEAISSSADPGLEESPAALEPPS	85	1108	1230	122
13573	HUMAN27903	Q9GZV8	107	191	VPREVPPFLSSSHEYAGASSEDLGHQIIGGDNESGPCCGPDTLIPPPPADASLLPEGLRTSQLLPCSPSKQSEDGPKPSNQEGKS	84	143	262	119
13574	HUMAN27904	Q15596	1	37	MSGMGENTSDPSRAETRKRKECPDQLGPSPKRNTEKR	36	1	39	38
13575	HUMAN27905	Q15629	326	374	HSAFQAPAVKKKPTVTKGRSSKKGTENGVNGTLTSNVADSPRNKKEKSS	48	447	527	80
13576	HUMAN27909	Q99502	1	108	MEMQDLTSPHSRLSGSSESPSGPKLGNSHINSNSMTPNGTEVKTEPMSSSETASTTADGSLNNFSGSAIGSSSFSPRPTHQFSPPQIYPSNRPYPHILPTPSSQTMAA	107	120	265	145
13577	HUMAN27909	Q99502	243	319	SNTSPTTPSTNATYQLQEPPSGITSQAVTDPTAEYSTIHSPSTPIKDSDSDRLRRGSDGKSRGRGRRNNNPSPPPDS	76	412	494	82
13578	HUMAN27911	O60682	1	114	MSTGSVSDPEEMELRGLQREYPVPASKRPPLRGVERSYASPSDNSSAEEEDPDGEEERCALGTAGSAEGCKRKRPRVAGGGGAGGSAGGGGKKPLPAKGSAAECKQSQRNAANA	113	89	237	148
13579	HUMAN27912	O75762	1076	1119	SETEDDDSHCSFQDRFKKEQMEQRNSRWNTVLRAVKAKTHHLEP	43	2214	2329	115
13580	HUMAN27913	Q92953	1	30	MAEKAPPGLNRKTSRSTLSLPPEPVDIIRS	29	0	30	30
13582	HUMAN27914	P54274	1	65	MAEDVSSAAPSPRGCADGRDADPTEEQMAETERNDEEQFECQELLECQVQVGAPEEEEEEEEDAG	64	50	133	83
13584	HUMAN27916	P0DMQ9	1	161	MSVLSPEIKCETSKFTRSSFGSCLIFESSWKKAVLETQKIKKEYTTAFGLEELKECIKMPYLPGLQSCQKSVSSTPLEVPKRLPRADAEVSAVRLKKTKETCSVAPLWEKSKGSGFSDPLTGAPSQYLERLSKIAILEYDTIRQETTTKSKKSKKRDLRDR	160	36	210	174
13585	HUMAN27919	Q9NUL3	376	433	KASTNLQDQLEKTGENKGWSGPKPGFPEPTNNTPKGILHLSPDVYQEMEASRHKVISG	57	829	941	112
13586	HUMAN27919	Q9NUL3	441	494	PKDMNQPSSSFFSISPTSNSSATIARELLMNGTSSTAEAIGLKGSSPTPPCSPV	53	949	1065	116
13587	HUMAN27919	Q9NUL3	515	570	ALKQFSEQGLDPIDGAMNIEKGSLEKQAKHLREKADNNQAPPGSIAQDCKKSNSAV	55	1129	1191	62
13588	HUMAN27925	Q9BUB7	1	71	MLFLALGSPWAVELPLCGRRTALCAAAALRGPRASVSRASSSSGPSGPVAGWSTGPSGAARLLRRPGRAQI	70	37	181	144
13589	HUMAN27927	Q9HDC5	372	404	TKVEIANSRTAHARAKADAADQAALAARQECDI	32	518	551	33
13591	HUMAN27929	O43692	1	31	MIAISAVSSALLFSLLCEASTVVLLNSTDSS	30	78	129	51
13592	HUMAN27930	Q9H336	245	287	SDRYYPPREEETNEIERQQSQVHDTHVRTRSDDSSRNEVISAQ	42	288	368	80
13594	HUMAN27935	P61925	1	76	MTDVETTYADFIASGRTGRRNAIHDILVSSASGNSNELALKLAGLDINKTEGEEDAQRSSTEQSGEAQGEAAKSES	75	62	148	86
13596	HUMAN27938	P13232	118	148	TGQVKGRKPAALGEAQPTKSLEENKSLKEQK	30	158	212	54
13597	HUMAN27942	Q9Y5J3	1	62	MKRAHPEYSSSDSELDETIEVEKESADENGNLSSALGSMSPTTSSQILARKRRRGIIEKRRR	61	148	220	72
13598	HUMAN27943	Q9Y2Q9	1	75	MAALCRTRAVAAESHFLRVFLFFRPFRGVGTESGSESGSSNAKEPKTRAGGFASALERHSELLQKVEPLQKGSPK	74	39	154	115
13599	HUMAN27948	P55327	1	70	MDCREMDLYEDYQSPFDFDAGVNKSYLYLSPSGNSSPPGSPTLQKFGLLRTDPVPEEGEDVAATISATET	69	26	111	85
13601	HUMAN27953	Q96DT7	278	342	TPADGGSVDLPPVGHDELSRGTRNYKKTLLLRHHVSTEHKLHEANAQESEIPSEEGYCDFNSRPN	64	372	495	123
13603	HUMAN27953	Q96DT7	792	871	SVGIRHGSRRYGVCVDCADKSQPGGQEGVDQGQDTEFPRDEEYEENEVGEADEELVDDGEDQNDPSRWDESGEVCMSLDD	79	1119	1225	106
13605	HUMAN27965	Q8TCF1	94	155	SDHECEKLEIPKPRMAATQKLVKDIIDSKTGETASKRWKGAKNSETAAKVALMKLKMHADGD	61	333	477	144
13606	HUMAN27968	Q96CF2	174	233	EELNKKMTNIRLPNVPSSSLPAQPNRKPGMSSTARRSRAASSQRAEEEDDDIKQLAAWAT	59	372	477	105
13607	HUMAN27969	P57768	1	104	MATPYVPVPMPIGNSASSFTTNRNQRSSSFGSVSTSSNSSKGQLEDSNMGNFKQTSVPDQMDNTSSVCSSPLIRTKFTGTASSIEYSTRPRDTEEQNPETVNWE	103	0	125	125
13608	HUMAN27969	P57768	247	344	KQKEMESLKKLLSEKQLHIDTLENRIRTLSLEPEESLDVSETEGEQILKVESSALEVDQDVLDEESRADNKPCLSFSEPENAVSEIEVAEVAYDAEED	97	270	390	120
13610	HUMAN27972	Q15329	1	53	MAAAEPASSGQQAPAGQGQGQRPPPQPPQAQAPQPPPPPQLGGAGGGSSRHEK	52	77	183	106
13612	HUMAN27974	Q8N0T1	1	38	MAKNKLRGPKSRNVFHIASQKNFKAKNKAKPVTTNLKK	37	60	100	40
13613	HUMAN27974	Q8N0T1	66	100	KSISLEPLQKELIPQQRHESKPVNVDEATRLMALL	34	128	165	37
13614	HUMAN27982	Q96QS6	1	45	MGCGASRKVVPGPPALAWAKHEGQNQAGVGGAGPGPEAAAQAAQR	44	3	165	162
13615	HUMAN27982	Q96QS6	326	385	GSSMKNLQRAISRNLMQRASPHSQSPGSAQSSKSHYSHKSRHMWSKRNLRIVESPLSALL	59	549	701	152
13616	HUMAN27984	Q9H0M0	415	454	ESVRNFEQWQSQRNQLQGAMQQFNQRYLYSASMLAAENDP	39	838	943	105
13617	HUMAN27989	Q96DB5	1	38	MALAARLWRLLPFRRGAAPGSRLPAGTSGSRGHCGPCR	37	14	78	64
13619	HUMAN27994	Q9NQW8	685	779	KASLARLLKLKREQAAQKKENSEGGEEEGKENEDKQKENEDKQKENEDKGKENEDKDKGREPEEKPLDRPECTASPIAVEEEPHSVRRTVLPRGT	94	901	1065	164
13620	HUMAN27995	Q8NA66	79	109	PRLPKLFKQEEQRELNEGKEESQHQQPDDSN	30	91	141	50
13621	HUMAN27999	P51512	1	32	MILLTFSTGRRLDFVHHSGVFFLQTLLWILCA	31	11	70	59
13622	HUMAN27999	P51512	294	337	DKIPPPTRPLPTVPPHRSIPPADPRKNDRPKPPRPPTGRPSYPG	43	367	421	54
13625	HUMAN28008	Q6YI46	1	128	MRSPGGILLQALPRLLQHAALPGLAELPARWALPRGAGGDGPADRLPRGGGASAAAAAAAASGALLGAYLERHGPPEASELPEPGGALAGGPGSGGGGVVVGVAEVRNWRCCCLGSTCWCRSLVLVCV	127	17	228	211
13626	HUMAN28008	Q6YI46	348	380	KSSLVKGNQPNTSGSSFYNKRTLTFSGGGINVV	32	506	541	35
13627	HUMAN28009	Q8N987	157	210	TEEQTRQERQGPAKPEVLSIQWPGKRSSRRVQRHNSFSPNSPQFNVSGPGLLEE	53	365	467	102
13628	HUMAN28010	P0DMB2	1	74	METKKLIGKPLQPARPVRHLTSPPGAVFPFNFQNEYPCNTQCIQSGVSRCKTNGMQAFSQGLNEQQQQQSPVKK	73	32	114	82
13629	HUMAN28011	Q8N4L2	1	50	MAADGVDERSPLLSASHSGNVTPTAPPYLQESSPRAELPPPYTAIASPDA	49	72	227	155
13630	HUMAN28016	Q8TE54	531	564	NACNQPLDDISKCEQNTLLNSLSNGNCNEEASQS	33	801	840	39
13631	HUMAN28025	A1XBS5	227	289	APDYSSRLDIVRANSKSPLQRSLSAKCVSGTGQVSTCRLRKDQQAEDDEDDELDVTEEENFLK	62	424	646	222
13632	HUMAN28030	Q8IXT5	241	280	VKEGDVLRRSEEHSPPRGINDRHFRKRSHSKSPRRTRSRS	39	322	371	49
13634	HUMAN28030	Q8IXT5	89	151	DRVGRGRPGSGTSGVDSLSNFIESVKEEASNSGYGSSINQDAGFHTNGTGHGNLRPRKTRPLK	62	126	231	105
13635	HUMAN28035	P55040	1	71	MTLNNVTMRQGTVGMQPQQQRWSIPADGRHLMVQKEPHQYSHRNRHSATPEDHCRRSWSSDSTDSVISSES	70	45	143	98
13637	HUMAN28036	Q9Y620	834	863	EEVHTGDSLEKFIVSRDCQLGPHHQKSNSL	29	2184	2400	216
13638	HUMAN28038	O95073	117	256	VRDRNHIQSANLDEEAQAGTSSLQVMLDHHPVAITVEVKQEEDIKPPPPLVLNSQQSDTLEQREEHELVHVMERSLSPSLSSVDMRMTSSPSSIPRRDDFFRHESGEHFRSLLGYDPQILQMLKEEHQIILENQKNFGLY	139	126	316	190
13639	HUMAN28038	O95073	270	299	LEEELLRAKIEVEKLKAIRLRHDLPEYNSL	29	329	359	30
13642	HUMAN28039	Q69YN4	579	616	SLPNHSEPDHDTDAGLERTNPEYENEVEASMDMDLLES	37	1761	1846	85
13643	HUMAN28041	Q7Z388	1	42	MAEEEGPPVELRQRKKPKSSENKESAKEEKISDIPIPERAPK	41	141	320	179
13644	HUMAN28046	O96020	1	96	MSRRSSRLQAKQQPQPSQTESPQEAQIIQAKKRKTTQDVKKRREEVTKKHQYEIRNCWPPVLSGGISPCIIIETPHKEIGTSDFSRFTNYRFKNLF	95	60	197	137
13645	HUMAN28048	Q330K2	1	53	MAASAHGSVWGPLRLGIPGLCCRRPPLGLYARMRRLPGPEVSGRSVAAASGPG	52	86	242	156
13647	HUMAN28052	Q9H8W4	215	249	DMATCQPARSDSYSQSLKSPLNDMSDDDDDDDSSD	34	355	463	108
13648	HUMAN28053	Q96NL8	19	60	PDLLRRGMVEQPKGCGGGTHSSDRNQAKAKETLRSTETFKKE	41	68	156	88
13649	HUMAN28054	Q6KF10	1	90	MDTPRVLLSAVFLISFLWDLPGFQQASISSSSSSAELGSTKGMRSRKEGKMQRAPRDSDAGREGQEPQPRPQDEPRAQQPRAQEPPGRGP	89	114	243	129
13650	HUMAN28054	Q6KF10	289	351	LFAEMREQLGSAEAAGPGAGAEGSWPPPSGAPDARPWLPSPGRRRRRTAFASRHGKRHGKKSR	62	514	624	110
13652	HUMAN28060	P48651	392	473	AFTTFLCLYGMIWYAEHYGHREKTYSECEDGTYSPEISWHHRKGTKGSEDSPPKHAGNNESHSSRRRNRHSKSKVTNGVGKK	81	918	1119	201
13653	HUMAN28064	Q86VY4	1	200	MSGRSRGRKSSRAKNRGKGRAKARVRPAPDDAPRDPDPSQYQSLGEDTQAAQVQAGAGWGGLEAAASAQLLRLGEEAACRLPLDCGLALRARAAGDHGQAAARPGPGKAASLSERLAADTVFVGTAGTVGRPKNAPRVGNRRGPAGKKAPETCSTAGRGPQVIAGGRQKKGAAGENTSVSAGEEKKEERDAGSGPPATEG	199	0	207	207
13654	HUMAN28064	Q86VY4	387	417	ARVEKGKEKEGRQGPGKQPMETTQPGVSQSN	30	396	441	45
13655	HUMAN28065	Q86UE4	1	49	MAARSWQDELAQQAEEGSARLREMLSVGLGFLRTELGLDLGLEPKRYPG	48	0	54	54
13657	HUMAN28066	Q86VI4	1	89	MTSRTRVTWPSPPRPLPVPAAAAVAFGAKGTDPAEARSSRGIEEAGPRAHGRAGREPERRRSRQQRRGGLQARRSTLLKTCARARATAP	88	22	112	90
13658	HUMAN28067	O00339	1	48	MEKMLAGCFLLILGQIVLLPAEARERSRGRSISRGRHARTHPQTALLE	47	5	59	54
13662	HUMAN28073	Q99575	362	394	PLPTPSQEKSQTELPDEKIGKKRKRKDDGENAK	32	946	1024	78
13663	HUMAN28073	Q99575	721	799	AYEEPSVASSPNGKESDLRRSEVPCAPMPKKTHQPSDEVGTSIEHPREAEEVMDAGCQESAGPERITDQEASENHVAAT	78	1627	1779	152
13664	HUMAN28073	Q99575	897	942	ESKHSDPFRSKILKQKEKKKREKRQKPGRASSDGPAGEEPVAGQEA	45	1989	2175	186
13665	HUMAN28074	Q9H841	1	42	MAAVAPAGPGDSASAALDELSLNFTYGAPGAGNGSLSGDWYR	41	5	50	45
13666	HUMAN28077	Q9ULS6	428	477	RSCDFGDGMKEVPSVNLRDYYAHKVKSLMASLTNMSRSSPSELSLNDSLR	49	563	613	50
13667	HUMAN28080	Q7Z7G8	1245	1318	NLNLSPTSPETMAGPVPTSPVRSSIGTAPPDTSTCSPSADIGTTTEGDSIQAGEESPFSDSVTLEQTTSNIGGT	73	2089	2281	192
13668	HUMAN28080	Q7Z7G8	1762	1799	KAAEISKQEQKKVDIFDGGMAETSSRYSGAQDSGIGSD	37	3054	3176	122
13669	HUMAN28080	Q7Z7G8	1858	1889	KSKSQEQKNNEKTDKSSLNLPEVDSDVAKPNQ	31	3331	3393	62
13670	HUMAN28080	Q7Z7G8	2077	2107	AHSEETSAMSNTMVNKDDLPVSKYYRGKLSK	30	4119	4156	37
13671	HUMAN28080	Q7Z7G8	294	340	EGEIEDLTCHNKDMLGNITGSEDETRIDMQYPAQHKGQELYSQQDEE	46	504	567	63
13672	HUMAN28080	Q7Z7G8	95	134	GIQDDHESCGSNSTNRSTAESTKSSIKPRRMQQAAPTDPD	39	120	185	65
13673	HUMAN28080	Q7Z7G8	971	1048	RTSRHMQQQPVVAVPLVMPVCRRKEDEVSIGSAPLAKQQSYQASEYASSPVKTKTVTESRPLSVPVKAMLNISESCRS	77	1555	1708	153
13674	HUMAN28082	Q8NE09	1145	1264	NIMSVLERRQEYNKQKKKLAVLEDEKSGKDGIKQYANTSVPAIKTALLSDSFLGLQPYGRQPTWCYSKYIEALEQERILLKIQEELEKKLFAGLQPLTNFKASSSTMSLKKNMSAHSSQK	119	2540	2788	248
13675	HUMAN28082	Q8NE09	203	289	QTKDWFALAKQSQQTVSTFSLPCCVPYNKLKSPAISSVSENFIFDDGVHPRTKKDPSKTNKLISEFEEEEGEEEEVSVSLQDTPSQA	86	1052	1298	246
13676	HUMAN28082	Q8NE09	359	397	SIHGKNFLSELVQTTKERSEEIEQTSLSSKNESAGPESR	38	1403	1526	123
13677	HUMAN28082	Q8NE09	535	658	RKDIDPFPQMATLLPLRPKSCIPQIPEIQKEEFSLSQPPKSPNKSPEVKTATQKPWKRELLYPGSSKDDVIEKGSKYMSESSKVIHLTSFTDISECLKPQLDRRYAYTEEPRVKTVSDVGALGG	123	1738	1957	219
13679	HUMAN28083	Q4G163	578	617	ALRSVQAQARIPGSQREQGSTLSPWGEVLTPLASSSVTHL	39	756	806	50
13680	HUMAN28083	Q4G163	678	708	SEECSRGAAKPRNRKDALPGSAQSKRNLKRL	30	878	915	37
13681	HUMAN28089	Q9NV58	22	125	PVSILTSILDMSLHRQMGSDRDLQSSASSVSLPSVKKAPKKRRISIGSLFRRKKDNKRKSRELNGGVDGIASIESIHSEMCTDKNSIFSTNTSSDNGLTSISKQ	103	93	272	179
13682	HUMAN28089	Q9NV58	400	438	NRYEGKDVSKHKRNLAIAGGVTLSVIVSPVVAAVTVGIG	38	553	592	39
13684	HUMAN28091	Q8N9S9	384	440	AAENTEMQIEVPEQSKSKKYHIQQSQQKDYSSFLSRKSKIKIAKDDCVFGNIKEEDL	56	568	779	211
13686	HUMAN28097	Q9Y5V0	1	35	MARGQQKIQSQQKNAKKQAGQKKKQGHDQKAAAKA	34	33	94	61
13687	HUMAN28100	Q6ISB3	192	241	YDVPSLATHSAYLKDDQRSTPDSTYSESFKDAATEKFRSASVGAEEYMYD	49	373	445	72
13688	HUMAN28100	Q6ISB3	80	110	LSVSKASDSQEDQEKRNCLGTSEAQSNLSGG	30	234	276	42
13690	HUMAN28108	O95071	1860	1911	ASAGDPGHPNHPLHASQNSARRERMTAREEASLRTLEGRRRATLLSARQGMM	51	4481	4702	221
13692	HUMAN28108	O95071	2318	2364	ANKGTHTSLMQRLRNRGERDREREREREMRRSSGLRAGSRRDRDRDF	46	6107	6276	169
13693	HUMAN28108	O95071	2454	2499	RENGADSILDLGLVDSSEKVQQENRKRHGSSRSVVDMDLDDTDDGD	45	6544	6732	188
13694	HUMAN28108	O95071	583	645	KNMEKASKTTEAKPESKQEPVKTEMGPPPSPASTCSDASSIASSASMPYKRRRSTPAPKEEEK	62	1425	1593	168
13695	HUMAN28108	O95071	81	168	LGKPDNNDGSKLNSNSGAGRTSRPGRTSDSPWFLSGSETLGRLAGNTLGSRWSSGVGGSGGGSSGRSSAGARDSRRQTRVIRTGRDRG	87	287	484	197
13697	HUMAN28109	Q14990	1	58	MAALSCLLDSVRRDIKKVDRELRQLRCIDEFSTRCLCDLYMHPYCCCDLHPYPYCLCY	57	0	58	58
13698	HUMAN28109	Q14990	203	250	YPCTSPCSPCSPCSPCNPCSPCNPCSPYDPCNPCYPCGSRFSCRKMIL	47	208	325	117
13699	HUMAN28109	Q14990	67	121	LCDLYPCCLCDYKLYCLRPSLRSLERKAIRAIEDEKRELAKLRRTTNRILASSCC	54	66	124	58
13701	HUMAN28110	Q13118	437	480	RFMRSDHLTKHARRHLSAKKLPNWQMEVSKLNDIALPPTPAPTQ	43	615	667	52
13702	HUMAN28113	Q8WXS3	1	180	MGCGGSRADAIEPRYYESWTRETESTWLTYTDSDAPPSAAAPDSGPEAGGLHSVLEAEKSKIKAPTDSVSDEGLFSASKMAPLAVFSHGMLEDGLPSNGVPRSTAPGGIPNPEKKTNCETQCPNPQSLSSGPLTQKQNGLQTTEAKRDAKRMPAKEVTINVTDSIQQMDRSRRITKNCVN	179	14	228	214
13704	HUMAN28117	Q96CG8	1	98	MRPQGPAASPQRLRGLLLLLLLQLPAPSSASEIPKGKQKAQLRQREVVDLYNGMCLQGPAGVPGRDGSPGANGIPGTPGIPGRDGFKGEKGECLRESF	97	43	198	155
13706	HUMAN28129	Q8WW38	1	195	MSRRKQSKPRQIKRPLEDAIEDEEEECPSEETDIISKGDFPLEESFSTEFGPENLSCEEVEYFCNKGDDEGIQETAESDGDTQSEKPGQPGVETDDWDGPGELEVFQKDGERKIQSRQQLPVGTTWGPFPGKMDLNNNSLKTKAQVPMVLTAGPKWLLDVTWQGVEDNKNNCIVYSKGGQLWCTTTKAISEGEEL	194	0	228	228
13707	HUMAN28129	Q8WW38	204	264	SRLQAASQMTLTEGMYPARLLDSIQLLPQQAAMASILPTAIVNKDIFPCKSCGIWYRSERN	60	236	323	87
13708	HUMAN28130	Q8N573	148	203	VSSVESSPSLSPVSPLSPTSSEAEFDKTTNPDVHPTEATPSSTFTGIRPARVVSST	55	316	436	120
13709	HUMAN28130	Q8N573	1	95	MTKDKNSPGLKKKSQSVDINAPGFNPLAGAGKQTPQASKPPAPKTPIIEEEQNNAANTQKHPSRRSELKRFYTIDTGQKKTLDKKDGRRMSFQKP	94	29	239	210
13712	HUMAN28135	Q15389	1	35	MTVFLSFAFLAAILTHIGCSNQRRSPENSGRRYNR	34	37	103	66
13713	HUMAN28135	Q15389	238	280	NRATTNNSVLQKQQLELMDTVHNLVNLCTKEGVLLKGGKREEE	42	319	368	49
13714	HUMAN28136	Q6UXX9	190	243	IAESRRCKMTMRHCPGGKRTPKAKEKRNKKKKRKLIERAQEQHSVFLATDRANQ	53	299	409	110
13716	HUMAN28144	P34981	224	260	PSDPKENSKTWKNDSTHQNTNLNVNTSNRCFNSTVSS	36	311	365	54
13717	HUMAN28144	P34981	338	398	KQKPTEKPANYSVALNYSVIKESDHFSTELDDITVTDTYLSATKVSFDDTCLASEVSFSQS	60	442	572	130
13718	HUMAN28155	Q6PIU1	1	32	MPSSGRALLDSPLDSGSLTSLDSSVFCSEGEG	31	15	63	48
13722	HUMAN28170	Q4LEZ3	1	53	MGPGDFRRCRERISQGLQGLPGRAELWFPPRPACDFFGDGRSTDIQEEALAAS	52	0	56	56
13723	HUMAN28170	Q4LEZ3	66	155	AFQWAVQRAISRRVQEAAAAAAAREEQSWTGVEATLARLRAELVEMHFQNHQLARTLLDLNMKVQQLKKEYELEITSDSQSPKDDAANPE	89	68	168	100
13724	HUMAN28173	Q16394	1	48	MQAKKRYFILLSAGSCLALLFYFGGLQFRASRSHSRREEHSGRNGLHH	47	4	116	112
13725	HUMAN28174	Q8N8I0	1	69	MAVEALHCGLNPRGIDHPAHAEGIKLQIEGEGVESQSIKNKNFQKVPDQKGTPKRLQAEAETAKSATVK	68	21	172	151
13726	HUMAN28177	Q9Y6Z7	1	128	MNGFASLLRRNQFILLVLFLLQIQSLGLDIDSRPTAEVCATHTISPGPKGDDGEKGDPGEEGKHGKVGRMGPKGIKGELGDMGDQGNIGKTGPIGKKGDKGEKGLLGIPGEKGKAGTVCDCGRYRKFV	127	35	207	172
13727	HUMAN28179	P48745	1	30	MQSVQSTSFCLRKQCLCLTFLLLHLLGQVA	29	4	39	35
13729	HUMAN28185	Q8TB45	1	41	MEEGGSTGSAGSDSSTSGSGGAQQRELERMAEVLVTGEQLR	40	90	165	75
13730	HUMAN28185	Q8TB45	229	261	ELLNEKSPSSQETHDSPFCLRKQSHDNRKSTSF	32	390	427	37
13732	HUMAN28189	Q96DY7	526	597	MDKIKTFNILNDFSPVEPNSSSLMETNPLEWPERHVLQNLETFEKTKQKMRTGSLPHSSEQLLGHKEGPRDS	71	663	759	96
13734	HUMAN28191	Q13884	206	240	PVSEIGWETPPPESPRLGGSTSDPPSSQSFSFHRD	34	401	463	62
13735	HUMAN28192	Q92819	1	80	MHCERFLCILRIIGTTLFGVSLLLGITAAYIVGYQFIQTDNYYFSFGLYGAFLASHLIIQSLFAFLEHRKMKKSLETPIK	79	33	143	110
13736	HUMAN28193	Q9Y6X8	696	725	HQPMADDHGYDAVARKATKPMAESPKNGGD	29	1014	1058	44
13737	HUMAN28193	Q9Y6X8	749	837	VKVGSEPAKDCLPAKPSEATSDRSEGSSRDGQGSDENEESSVVDYVEVTVGEEDAISDRSDSWSQAAAEGVSELAESDSDCVPAEAGQA	88	1084	1183	99
13738	HUMAN28194	Q9BUN8	215	251	GGVSGFGVPPASMRRAADQNGGGGRHNWGQGFRLGDQ	36	431	542	111
13740	HUMAN28196	Q86UY5	297	401	MGLKSPRLVAPVPPGAAPANGRLSSSSGSASDRTSSNPFSGRSAGSHPGTRSVSASSGPCSPAAPHPPPPPRFQPHQGPWGAPSPQAHLSPRPHDGPPAAVYSNL	104	353	495	142
13741	HUMAN28197	Q96K31	182	254	SAALASSQKQHSFTSSDKTIKSFFPHSGKDCLLCFPETLPESSLFSVEANSSNSQKNEKALTNIQNCMAEKRE	72	293	456	163
13742	HUMAN28198	Q9UKY1	595	666	DEELNRLRAQTKLTRREIDAWFTEKKKSKALKEEKMEIDESNAGSSKEEAGETSPADESGAPKSGSTGKICK	71	731	852	121
13743	HUMAN28198	Q9UKY1	718	774	GNLKWYYYYQSANSSSMNGLSSLRKRGRGRPKGRGRGRPRGRPRGSKRINNWDRGPS	56	904	977	73
13744	HUMAN28198	Q9UKY1	824	873	RSELGIELFEENEEEDEVIDDQEEDEEETDDSDTWEPPRHVKRKLSKSDD	49	1028	1122	94
13746	HUMAN28199	Q6PL18	732	780	NKTLDSDISCPLLESDLAYSDDDVPSVYENGLSQKSSHKAKDNFNFLHL	48	1007	1064	57
13747	HUMAN28207	Q658Y4	316	371	SVNRLKSTLDPQKMLLSWDGGESRSPVQEASSATDTDTNSQEDPADTASVSSLSLS	55	816	963	147
13748	HUMAN28207	Q658Y4	663	716	SQLADRKLSDASDERGEPDLASGSDVNGSTESFEMVIEEATIDSATKQTSGATT	53	1634	1830	196
13750	HUMAN28208	Q2WGJ9	1	77	MFGLKVKKKRNKAEKGLILANKAAKDSQGDTEALQEEPSHQEGPRGDLVHDDASIFPVPSASPKRRSKLLTKIHDGE	76	24	120	96
13751	HUMAN28208	Q2WGJ9	412	457	ESKFSKALKELKLPSKDKDSKSSKGKDKADKTEDGKSQQASNKTNS	45	492	548	56
13752	HUMAN28208	Q2WGJ9	516	550	GSHHGSKKSAESAEEDLLPLLHEGQGDVAHDVPIP	34	611	673	62
13753	HUMAN28209	Q6PI78	1	65	MSRLLPLLRSRTARSLRPGPAAAAAPRPPSWCCCGRGLLALAPPGGLPGGPRRLGTHPKKEPMEA	64	6	111	105
13754	HUMAN28211	Q8WU17	592	664	EDDIKDNSNVSNNNGFIPPNETPEEAVREAAAESDRELNEDDSTDCDDDVQRERNGVIQHTGAAAEEFNDDTD	72	644	771	127
13755	HUMAN28222	Q14534	61	121	SQFALFSDILSGLPFIGFFWAKSPPESENKEQLEARRRRKGTNISETSLIGTAACTSTSSQ	60	222	314	92
13756	HUMAN28229	Q96RU8	1	87	MRVGPVRSAMSGASQPRGPALLFPATRGVPAKRLLDADDAAAVAAKCPRLSECSSPPDYLSPPGSPCSPQPPPAAPGAGGGSGSAPG	86	0	116	116
13757	HUMAN28230	Q96KN1	275	310	PAEPEEGDSNVARTTPPPGRPPAPSSEEEDGEAVAH	35	311	362	51
13758	HUMAN28230	Q96KN1	43	75	EDVEPQPPPQGPDGGGLPDGGDGPPPPQPQPYD	32	44	95	51
13759	HUMAN28231	Q06416	1	137	MAGHLASDFAFSPPPGGGGDGPWGAEPGWVDPLTWLSFQGPPGGPGIGPGVGPGSEVWGIPPCPPPYELCGGMAYCGPQVGVGLVPQGGLETSQPESEAGVGVESNSNGASPEPCTVPPGAVKLEKEKLEQNPEKSQ	136	0	138	138
13761	HUMAN28240	P40145	1207	1251	RQKQLLNENNNTGIIKGHYNRRTLLSPSGTEPGAQAEGTDKSDLP	44	2862	2985	123
13764	HUMAN28244	O43525	1	100	MGLKARRAAGAAGGGGDGGGGGGGAANPAGGDAAAAGDEERKVGLAPGDVEQVTLALGAGADKDGTLLLEGGGRDEGQRRTPQGIGLLAKTPLSRPVKRN	99	0	167	167
13768	HUMAN28253	P01266	2730	2768	DGAKGGQSAESEEEELTAGSGLREDLLSLQEPGSKTYSK	38	3468	3524	56
13769	HUMAN28259	Q92597	319	390	SMTRLMRSRTASGSSVTSLDGTRSRSHTSEGTRSRSHTSEGTRSRSHTSEGAHLDITPNSGAAGNSAGPKSM	71	613	729	116
13770	HUMAN28262	Q11201	1	46	MVTLRKRTLKVLTFLVLFIFLTSFFLNYSHTMVATTWFPKQMVLEL	45	8	69	61
13775	HUMAN28273	Q9NPC2	252	374	EDERRDAEERASLAGNRNSMVIHIPEEPRPSRPRYKADVPDLQSVCSCTCYRSQDYGGRSVAPQNSFSAKLAPHYFHSISYKIEEISPSTLKNSLFPSPISSISPGLHSFTDHQRLMKRRKSV	122	484	690	206
13776	HUMAN28291	Q99678	1	31	MPSVSPAGPSAGAVPNATAVTTVRTNASGLE	30	70	106	36
13777	HUMAN28291	Q99678	314	358	QHGEREPSSGDVVSMHRSSKGSGRHHILSAGPHALTQALANGPEA	44	412	473	61
13779	HUMAN28297	O14514	1	36	MRGQAAAPGPVWILAPLLLLLLLLGRRARAAAGADA	35	29	72	43
13780	HUMAN28298	Q7LC44	1	204	MELDHRTSGGLHAYPGPRGGQVAKPNVILQIGKCRAEMLEHVRRTHRHLLAEVSKQVERELKGLHRSVGKLESNLDGYVPTSDSQRWKKSIKACLCRCQETIANLERWVKREMHVWREVFYRLERWADRLESTGGKYPVGSESARHTVSVGVGGPESYCHEADGYDYTVSPYAITPPPAAGELPGQEPAEAQQYQPWVPGEDGQ	203	80	306	226
13781	HUMAN28298	Q7LC44	362	396	AAEPAGPHLPVEDEAETLTPAPNSESVASDRTQPE	34	463	504	41
13782	HUMAN28299	O75564	446	482	EAEGGRPPAATSPAEVVWSSEKTPKADQDGRGDPGEG	36	479	520	41
13783	HUMAN28302	Q17RY6	1	37	MALLALLLVVALPRVWTDANLTARQRDPEDSQRTDEG	36	53	93	40
13784	HUMAN28317	P19099	1	33	MALRAKAEVCVAAPWLSLQRARALGTRAARAPR	32	25	158	133
13786	HUMAN28337	Q8TCX5	595	670	RLPSLGDRRPVLLGPRGLLRSQREHGCKTPASTWASPRPLLNWSRKAQQGKTGGCPQPCAPVKPAPPSSLKHPGWP	75	1183	1409	226
13788	HUMAN28338	Q8NHW3	319	353	GRGGPGSAGGAGFPREPSPPQAGPGGAKGTADFFL	34	399	443	44
13790	HUMAN28343	A6NGR9	1	90	MAGGVWGRSRAREAPVGALTLTALTEGIRARQGQPQGPPSAGPQPKSWEVKPEAEPQTQALTAPSEAEPGRGATVPEAGSEPCSLNSALE	89	0	107	107
13791	HUMAN28343	A6NGR9	688	719	PRPARPPPVFADSPFQRRSVAGRWGCSGPRRA	31	775	813	38
13792	HUMAN28346	Q53EQ6	189	220	EAGPPAPSPAPGPPVKEEPALPSGAGPLPDRA	31	267	318	51
13793	HUMAN28346	Q53EQ6	1	52	MYPAGPPAGPVPRRGRRPLPGPPAPAPAPVPAARPPPPAPGPRPRVAVKMAF	51	5	122	117
13794	HUMAN28346	Q53EQ6	538	583	DGGPPEGCREEVGPALPPAAPPAPASLPSAMGGGEDEEEATDYGGT	45	666	736	70
13795	HUMAN28351	O75123	495	536	DFNSTTNVKNNQRVHQEGLSLSKAPIHLGERSVDKGEHTGNL	41	494	536	42
13796	HUMAN28355	P0CW27	1	75	MAPKKKRGPSAGSQPGGAAAAGAEQPLSERAQYLQREHALLSEQLDTCEESVDQVLRENAFLDREALRLREENRL	74	0	75	75
13800	HUMAN28360	Q14160	820	861	ENAVTITPLRPEDDYSPRERRGGGLRLPLLPPESPGPLRQRH	41	1637	1883	246
13804	HUMAN28364	Q9NSY0	1	35	MAAPEPAPRRAREREREREDESEDESDILEESPCG	34	43	84	41
13805	HUMAN28364	Q9NSY0	387	418	ATRPLGLPRVLAPPPEEVQKAKTPTPEPFDSE	31	557	596	39
13806	HUMAN28366	P58107	2586	2636	PQLQDAWRGPREPGPAGRGDGDSGRSQREGQGEGETQEAAAAAAAAAARRQ	50	4234	4379	145
13808	HUMAN28366	P58107	3649	3696	PGARPQLQDAWRGPREPGPAGRGDGDSGRSQREGQGEGETQEAAAATA	47	5747	5810	63
13809	HUMAN28366	P58107	4187	4232	PQLQDAWRGPREPGPAGRGDGDSGRSQREGQGEGETQEAAAATAAA	45	6577	6625	48
13810	HUMAN28366	P58107	4720	4765	GARPQLQDAWRGPREPGPAGRGDGDSGRSQREGQGEGETQEAAAAA	45	7112	7158	46
13811	HUMAN28367	Q15149	2741	2785	QHRAALAHSEEVTASQVAATKTLPNGRDALDGPAAEAEPEHSFDG	44	4950	5021	71
13813	HUMAN28371	Q7Z429	1	50	MSHEKSFLVSGDNYPPPNPGYPGGPQPPMPPYAQPPYPGAPYPQPPFQPS	49	61	169	108
13814	HUMAN28371	Q7Z429	93	145	PYPQGGYPQGPYPQSPFPPNPYGQPQVFPGQDPDSPQHGNYQEEGPPSYYDNQ	52	258	370	112
13816	HUMAN28379	P08574	1	83	MAAAAASLRGVVLGPRGAGLPGARARGLLCSARPGQLPLRTPQAVALSSKSGLSRGRKVMLSALGMLAAGGAGLAMALHSAVS	82	106	316	210
13817	HUMAN28380	Q9H0F6	121	167	VEGQNGSKSNSPPALGPEACPVSLPSPPEASTLKGPPPEADLPRSPG	46	194	269	75
13818	HUMAN28380	Q9H0F6	305	350	EAPATGPSPQHPQKMDGELGRLFPPSLGLPPGPQPAASSLPSPLQP	45	419	558	139
13820	HUMAN28383	A6NE52	1362	1437	PSQTSVVSGAPTRASVIPSGTSWSASGIFGRLSQVSEVPLMVVSPAEPHSLAPELQAQRMLAPKRSWGTPQLRLRV	75	1823	1919	96
13821	HUMAN28383	A6NE52	882	941	QSGRGSQQWSAGTLRVERETRDVCAVPQAAHCLARAEVSTAAQTVPTALSPQDLGALGQH	59	1028	1097	69
13823	HUMAN28388	Q7RTU7	1	86	MSFATLRPAPPGRYLYPEVSPLSEDEDRGSDSSGSDEKPCRVHAARCGLQGARRRAGGRRAGGGGPGGRPGREPRQRHTANARERD	85	106	234	128
13824	HUMAN28389	Q00613	107	139	GQEQLLENIKRKVTSVSTLKSEDIKIRQDSVTK	32	185	218	33
13827	HUMAN28394	Q9HAB3	222	268	PSVPTGELGSGLQVGAPGAEEEVEESSPLQEPPSQAAGTTPGPDPKA	46	406	512	106
13829	HUMAN28399	Q10570	406	454	SAVREAADKEEPPSKKKRVDATAGWSAAGKSVPQDEVDEIEVYGSEAQS	48	1277	1504	227
13830	HUMAN28399	Q10570	715	776	GGARDELGGRSGPEAEGLGSETSPTVDDEEEMLYGDSGSLFSPSKEEARRSSQPPADRDPAP	61	2454	2659	205
13831	HUMAN28399	Q10570	895	925	VPHNINFREKKPKPSKKKAEGGGAEEGAGAR	30	2983	3129	146
13832	HUMAN28400	Q6P5W5	233	264	VGREAHSDHSHRHRGASSRDPVPLISSSNSSS	31	305	400	95
13833	HUMAN28400	Q6P5W5	426	488	RDPEDLEDGPCGHSSHSHGGHSHGVSLQLAPSELRQPKPPHEGSRADLVAEESPELLNPEPRR	62	641	793	152
13834	HUMAN28403	Q96HA7	458	528	ELSVAEDEDEEEEAEEAAATAESEALEAGEVELSEGEDDTDGLTPQLEEDEELQGHLGRRKGSKWNRRNDM	70	795	966	171
13837	HUMAN28407	Q96AC6	712	838	GQVCACRSPPTRARPPAPLARRSPRGRRISGRQSAPSSSPTEWVKWSWGQPGAAGSRAPPGRLLPSAPTLRSPGPPAPLRRPLAVLHAPVPTTARARLSRPQRACPSSPGSRPCPWGLRPGLCWQRR	126	962	1141	179
13839	HUMAN28408	O75593	1	32	MGPCSGSRLGPPEAESPSQPPKRRKKRYLRHD	31	166	221	55
13841	HUMAN28412	O94761	359	448	KQKHYVRGRALRSRLLRKQAWKQKWRKKGECFGGGGATVTTKESCFLNEQFDHWAAQCPRPASEEDTDAVGPEPLVPSPQPVPEVPSLDP	89	746	966	220
13843	HUMAN28412	O94761	857	892	CTRPPSEQEGAVGGERPVPKYPPQEAEQLSHQAAPG	35	1625	1750	125
13844	HUMAN28415	Q50LG9	366	406	RQQPQQPAQPPPPAARPAGSEPRPEAGSMAFRALGVATQTA	40	479	544	65
13845	HUMAN28415	Q50LG9	428	466	RRRRRKKARGPPGEGALFVNDYLDGPCTFAQLEELRDER	38	565	610	45
13846	HUMAN28416	Q6P1X6	1	36	MWPPCGTLRTLALARSRGARACSGDGGVSYTQGQSP	35	1	83	82
13847	HUMAN28421	Q9BRH9	68	206	EQGKELWVLNLLGAEEPDILKSCQKDSEVGTKKELSILNQKFSEEVKTPEFVSRRLLRDNAQAAEFREAWGREGKLKERVGNSAGQSLNKPNIHKRVLTEATVGRERSLGERTQECSAFDRNLNLDQNVVRLQRNKTGE	138	133	275	142
13848	HUMAN28424	P62917	212	257	GGGNHQHIGKPSTIRRDAPAGRKVGLIAARRTGRLRGTKTVQEKEN	45	450	525	75
13849	HUMAN28425	Q6ZMY9	60	177	PALISLLEQGEEPGALILQVAEQSVAKASLCTDSRMEAGIMESPLQRKLSRQAGLPGTVWGCLPWGHPVGGHPAPPHPHGGPEDGSDKPTHPRAREHSASPRVLQEDLGRPVGSSAPR	117	115	247	132
13850	HUMAN28432	P15622	75	185	ERGEDPWVLDRKGAKKSQGLWSDYSDNLKYDHTTACTQQDSLSCPWECETKGESQNTDLSPKPLISEQTVILGKTPLGRIDQENNETKQSFCLSPNSVDHREVQVLSQSMP	110	152	274	122
13851	HUMAN28434	Q9H7E9	152	222	LPRKRQLMHSLFGDYRAQMEAEWREALRALRAAAYSAQVQPVDGATRKKSQRVCRPRSIWRAKATLDMPDE	70	270	369	99
13852	HUMAN28434	Q9H7E9	1	104	MAALGHLAGEAAAAPGPGTPCASRGARLPGPVSSARNPSTVCLCPEQPTCSNADSRAHPLGDEGGTASKKQKNKKKTRNRASVANGGEKASEKLAPEEVPLSAE	103	5	209	204
13854	HUMAN28436	Q12950	1	102	MNLPRAERLRSTPQRSLRDSDGEDGKIDVLGEEEDEDEEEAASQQFLEQSLQPGLQVARWGGVALPREHIEGGGGPSDPSEFGTEFRAPPRSAAASEDARQP	101	0	110	110
13855	HUMAN28437	Q9BRT8	1	38	MLPAVGSADEEEDPAEEDCPELVPIETTQSEEEEKSGL	37	0	104	104
13857	HUMAN28447	Q8NF50	1234	1287	VADTRRYRTSGSDEEQEGAGAINQNVALAIAGNNFNLKTSGIVLSSLPYKQYNM	53	1574	1678	104
13858	HUMAN28447	Q8NF50	1347	1418	DKVSTQVLQKSRDVKARLEEALLRGEGARGEMMRRRAPGNDRFPGLNENLRWKKEQTHWRQANEKLDKTKAE	71	1737	1835	98
13859	HUMAN28447	Q8NF50	16	51	INRYSSAEIRKQFTLPPNLGQYHRQSISTSGFPSLQ	35	22	79	57
13860	HUMAN28447	Q8NF50	2070	2099	KPIFRVESQKRDSFHRSSFRKCETQLSQGS	29	2532	2564	32
13861	HUMAN28447	Q8NF50	420	456	EVTDVDSVVGRSSVGERRTLAQSRRLSERALSLEENG	36	542	611	69
13863	HUMAN28451	Q9NQL9	276	348	GDLVSAVEVLLSSRSSVTGAERTSAEPESLALPSNGHIFEHTLSSYPISSSKWSVGSAFRVPDTLRFSADSSN	72	432	519	87
13864	HUMAN28451	Q9NQL9	397	472	LQQQYQLRSQYVSPFPSNSTSVFRSSPVLPARATEDPRISIPDDGCPFVSKQSIYTEDDYDERSDSSDSRTLNTSS	75	571	663	92
13865	HUMAN28454	P51531	1290	1323	EVERLTCEEEEEKIFGRGSRQRRDVDYSDALTEK	33	2612	2651	39
13866	HUMAN28454	P51531	1332	1404	GNLEEMEEEVRLKKRKRRRNVDKDPAKEDVEKAKKRRGRPPAEKLSPNPPKLTKQMNAIIDTVINYKDRCNVE	72	2703	2920	217
13867	HUMAN28454	P51531	1509	1590	EEESEDESNEEEEEEDEEESESEAKSVKVKIKLNKKDDKGRDKGKGKKRPNRGKAKPVVSDFDSDEEQDEREQSEGSGTDDE	81	3078	3323	245
13869	HUMAN28460	Q8TDN2	1	40	MLKQSERRRSWSYRPWNTTENEGSQHRRSICSLGARSGSQ	39	6	74	68
13870	HUMAN28460	Q8TDN2	50	92	NYNYYIEEDEDGEEEDQWKDDLAEEDQQAGEVTTAKPEGPSDP	42	86	174	88
13872	HUMAN28462	P48380	1	35	MQTSETGSDTGSTVTLQTSVASQAAVPTQVVQQVP	34	303	448	145
13873	HUMAN28462	P48380	264	324	RLQEDMQYMAMRQQPMQQKQRYKPMQKVDGVADGFTGSGQQTGTSVEQTVIAQSQHHQQFL	60	803	880	77
13874	HUMAN28462	P48380	658	749	GDLNAVSPGNLDKDEGSEVESEMDEELDDSSEPQAKREKTELSQAFPVGCMQPVLETGVQPSLLNPIHSEHIVTSTQTIRQCSATGNTYTAV	91	1274	1438	164
13875	HUMAN28467	P43005	473	524	MDVSSEVNIVNPFALESTILDNEDSDTKKSYVNGGFAVDKSDTISFTQTSQF	51	1492	1650	158
13877	HUMAN28471	Q8IY26	1	95	MPSPRRSMEGRPLGVSASSSSSSPGSPAHGGGGGGSRFEFQSLLSSRATAVDPTCARLRASESPVHRRGSFPLAAAGPSQSPAPPLPEEDRMDLN	94	16	179	163
13878	HUMAN28472	Q7L3B6	114	157	EEALVQREKMCLWSTDAISKDVFNKSFINQDKRKDTEDEDKSES	43	127	176	49
13879	HUMAN28472	Q7L3B6	1	87	MEQPWPPPGPWSLPRAEGEAEEESDFDVFPSSPRCPQLPGGGAQMYSHGIELACQKQKEFVKSSVACKWNLAEAQQKLGSLALHNSE	86	0	101	101
13880	HUMAN28472	Q7L3B6	307	337	DYLQYSISTALCSLNSVVHKEDDEPKMMDTV	30	365	447	82
13881	HUMAN28476	O60674	1	34	MGMACLTMTEMEGTSTSSIYQNGDISGNANSMKQ	33	51	90	39
13882	HUMAN28477	Q9Y581	53	170	FRFEEETPFSRLIAQASEKVEAYSPYQFESPQTASPARGRGTNPVSTSWEEAVNSWEMQSLPEYKDKKGYSPLGKTREFSSSHNINVYIHENAKFQKKRRNKIKTLSNLFWGHHPQRK	117	59	185	126
13883	HUMAN28478	Q14641	47	118	EKTFTTTPGGWLLESGRPKEMVSTSNNKDGQALGTTSEFIPNLSPELKKPLSEGQPSLKKIILSRKKRSGRH	71	46	118	72
13884	HUMAN28479	P04090	54	162	KRSLSQEDAPQTPRPVAEIVPSFINKDTETINMMSEFVANLPQELKLTLSEMQPALPQLQQHVPVLKDSSLLFEEFKKLIRNRQSEAADSSPSELKYLGLDTHSRKKRQ	108	86	225	139
13885	HUMAN28481	P04808	54	163	KRSLSQEDAPQTPRPVAEIVPSFINKDTETIIIMLEFIANLPPELKAALSERQPSLPELQQYVPALKDSNLSFEEFKKLIRNRQSEAADSNPSELKYLGLDTHSQKKRRP	109	53	163	110
13887	HUMAN28485	Q4ADV7	1352	1423	QVQPDAFQPITMGKTPEQTSPRAEESRGSSSHGSIPQGEVGSSNMVSRKEEDTAQAEEEEPFQDGTYDCSVS	71	3666	3908	242
13888	HUMAN28485	Q4ADV7	439	468	QTQNPRSSSTHSEHKPSREKSPFADGGLES	29	1280	1347	67
13889	HUMAN28485	Q4ADV7	987	1053	SGESETPPSTPTAQEPSSSGGFEFFRNRSISLSQSAENVPASKFSLQKTLSMPSGPSGKRWSKDSDC	66	2729	2942	213
13891	HUMAN28488	Q5HYC2	1	72	MSVPGTPGAMEPAGEEERPPPAAEGEDDEEEVAAAAQTSGPAHGRSASSLEDADDQEEEMEAMVIGGGCCKE	71	8	100	92
13892	HUMAN28488	Q5HYC2	217	260	EDEKGTACTSTRRRSTPRSLAGLTSGVFESIMVQVLRQEEQLRA	43	279	324	45
13894	HUMAN28490	Q16655	1	40	MPREDAHFIYGYPKKGHGHSYTTAEEAAGIGILTVILGVL	39	21	61	40
13895	HUMAN28490	Q16655	49	118	RRRNGYRALMDKSLHVGTQCALTRRCPQEGFDHRDSKVSLQEKNCEPVVPNAPPAYEKLSAEQSPPPYSP	69	69	157	88
13896	HUMAN28492	O95760	1	33	MKPKMKYSTNKISTAKWKNTASKALCFKLGKSQ	32	0	36	36
13897	HUMAN28492	O95760	53	94	IKKEACYFRRETTKRPSLKTGRKHKRHLVLAACQQQSTVECF	41	56	110	54
13898	HUMAN28495	Q96PU4	156	202	DGQSRGKTPLKNGSSCKRTNGNIKHKSKENTNKLDSVPSTSNSDCVA	46	248	323	75
13899	HUMAN28495	Q96PU4	399	434	VVKAGERLKMSKKKAKMPSASTESRRDWGRGMACVG	35	530	567	37
13900	HUMAN28495	Q96PU4	624	687	GIERSRRLCLRLQYPAGYPSDKEGKKPKGQSKKQPSGTTKRPISDDDCPSASKVYKASDSAEAI	63	757	914	157
13901	HUMAN28495	Q96PU4	77	117	PDHLPGTSTQIEAKPCSNSPPKVKKAPRVGPSNQPSTSARA	40	106	210	104
13903	HUMAN28498	Q96GE9	1	40	MGSRLSQPFESYITAPPGTAAAPAKPAPPATPGAPTSPAE	39	0	65	65
13904	HUMAN28499	P23468	1291	1332	KRKRAESDSRKSSIPNNKEIPSHHPTDPVELRRLNFQTPGMA	41	2108	2270	162
13905	HUMAN28502	P17643	505	537	RSMDEANQPLLTDQYQCYAEEYEKLQNPNQSVV	32	655	701	46
13906	HUMAN28508	O95813	1	140	MHLLLFQLLVLLPLGKTTRHQDGRQNQSSLSPVLLPRNQRELPTGNHEEAEEKPDLFVAVPHLVATSPAGEGQRQREKMLSRFGRFWKKPEREMHPSRDSDSEPFPPGTQSLIQPIDGMKMEKSPLREEAKKFWHHFMFR	139	51	219	168
13907	HUMAN28511	Q5VTQ0	1	129	MDAVLACRLRGRGNRVAALRPRPRPGGSAGPSPFALLCAGLSPEPRAGVGSEFPAWFLGGSSQRRNMALLGSRAELEADEDVFEDALETISISSHSDMATSSLHFASCDTQQAPRQRGASTVSSSSSTK	128	8	239	231
13908	HUMAN28514	O75475	431	530	EGDSVITQVLNKSLAEQRQHEEANKTKDQGKKGPNKKLEKEQTGSKTLNGGSDAQDGNQPQHNGESNEDSKDNHEASTKKKPSSEERETEISLKDSTLDN	99	884	1075	191
13910	HUMAN28516	Q6TFL3	1046	1082	LLREEQAQMLLNEQAQQLQELNYKLELHSSEEADKNQ	36	1472	1509	37
13911	HUMAN28516	Q6TFL3	1142	1202	CVANHMRAVENTLHKVRDQISLSWSAASRNDFTLQLPKLHLETFAMEGLKGGPEVVACQAM	60	1590	1655	65
13912	HUMAN28516	Q6TFL3	1216	1326	RIMTLEKEMTSHRSHIAALKSELHTACLRENASLQSIGSRDHSNLSIPSRAPLPADTTGIGDFLPLKAELDTTYTFLKETFINTVPHALTSSHSSPVTMSANANRPTQIGL	110	1668	1836	168
13913	HUMAN28516	Q6TFL3	1	52	MNLNTSSNTGDTQRLKIASLDVKQILKNETELDITDNLRKKLHWAKKEKLEI	51	82	185	103
13915	HUMAN28518	Q6ZN30	52	83	RERETQRDREPKRARDLTLRDSCTDNSMQFGT	31	86	183	97
13917	HUMAN28518	Q6ZN30	966	1022	SSLQSSSSIHSSRESDAGSDEGILLDDIDGASDSGESAHKAEAPALPGSLGAEVSGS	56	2520	2620	100
13918	HUMAN28521	Q9NXG0	1	112	MAARSPPSPHPSPPARQLGPRSPRVGRGAEVHAMRSEASGFAGAAREVVADESDKIWVGEEGSGGRRGPGGAAPAHAPLLSAPMGSRRLEGISVEEAMVTRTQLLEEELSSL	111	0	120	120
13920	HUMAN28522	Q99962	248	289	SSQPRREYQPKPRMSLEFPTGDSTQPNGGLSHTGTPKPSGVQ	41	304	487	183
13921	HUMAN28524	Q8N6G6	1038	1100	LLASWEAQDSAERNTTSEEDPGAEQVLLHLPFTMVTEQRRLDDILGNLSQQPEELRDLYSKHL	62	1410	1486	76
13922	HUMAN28524	Q8N6G6	1112	1175	HLEHQDTLLKPSERRTSPVTLSPHKHVSGFSSSLRTSSTGDAGGGSRRPHRKPTILRKISAAQQ	63	1497	1627	130
13923	HUMAN28524	Q8N6G6	974	1017	PRSEEEVLAGRKGGPKEALQTHKHQNGIFSNGSKAEKRGLAANP	43	1324	1374	50
13926	HUMAN28529	Q99541	96	137	ILNQPSTQIVANAKGAVTGAKDAVTTTVTGAKDSVASTITGV	41	194	254	60
13931	HUMAN28573	Q9H8G2	1	128	MTGKKSSREKRRKRSSQEAAAALAAPDIVPALASGSSGSTSGCGSAGGCGSVSCCGNANFSGSVTGGGSGGSCWGGSSVERSERRKRRSTDSSSVSGSLQQETKYILPTLEKELFLAEHSDLEEGGLD	127	9	158	149
13932	HUMAN28575	Q9Y263	480	529	GSSGSSNTLPTADPFTGAGRYVPGSASMGTTMAGVDPFTGNSAYRSAASK	49	1235	1342	107
13934	HUMAN28578	Q9H756	228	264	SKFPSSVTEDLYIHFQPISNSIFNSSSNNLTRNSEHE	36	300	411	111
13935	HUMAN28578	Q9H756	304	341	NHHRLEEHEAETYEDGFTGNPSSLSQIPETNSEETTVI	37	450	492	42
13936	HUMAN28579	Q02763	773	812	KRANVQRRMAQAFQNVREEPAVQFNSGTLALNRKVKNNPD	39	891	933	42
13938	HUMAN28586	O95786	191	239	GIKDVETEDLEDKMETSDIQIFYQEDPECQNLSENSCPPSEVSDTNLYS	48	366	526	160
13939	HUMAN28587	Q9NS56	186	249	RERNASVYSPSGPVNRRTTTPPDSGVLFEGLGISTRPRDVEIPQFMRQIAVRRPTTADERSLRK	63	301	369	68
13940	HUMAN28587	Q9NS56	1	100	MGSQPPLGSPLSREEGEAPPPAPASEGRRRSRRVRLRGSCRHRPSFLGCRELAASAPARPAPASSEIMASAAKEFKMDNFSPKAGTSKLQQTVPADASPD	99	64	189	125
13941	HUMAN28587	Q9NS56	380	478	SYEEGSHSDSSVITISPDEAETQELDINVATVSQAPWDDETPGPSYSSSEQVHVTMSSLLNTSDSSDEELVTGGATSQIQGVQTNDDLNNDSDDSSDNC	98	542	702	160
13943	HUMAN28593	Q8IZX4	1099	1180	TEVLSTDTDSISAEDSDFEEMGKNIENMLQNKKTSSQLSREWEEQERKELRRMLLVAGSAASGNNHRDDVTASMTSLKSSAT	81	1563	1692	129
13946	HUMAN28593	Q8IZX4	268	354	GKNVPSVWRSARRKRKKHRELIQEEQIQEVECSVESEVSQKSLWNYDYAPPPPPEQCLADDEITMMVPVESKFSQSTGDVDKVTDTK	86	564	684	120
13948	HUMAN28593	Q8IZX4	536	578	KEEATSNSPSKESKKESSLKKSRILLGKTGVIREEPQQNMSQP	42	933	998	65
13949	HUMAN28594	Q68D42	99	153	SDLESGKGSSDELAKKAGLRGKPPPQSQGEVSVASSINSPTPTEEGECQSLVQNG	54	98	159	61
13950	HUMAN28595	Q7Z2E3	119	174	KNPGLETHRKRKRSGNSDSIERDAAQEAEAGTGLEPGSNSGQCSVPLKKGKDAPIK	55	154	306	152
13951	HUMAN28596	P31689	350	397	KEVEETDEMDQVELVDFDPNQERRRHYNGEAYEDDEHHPRGGVQCQTS	47	683	799	116
13952	HUMAN28598	P15291	61	124	QGGSNSAAAIGQSSGELRTGGARPPPPLGASSQPRPGGDSSPVVDSGPGPASNLTSVPVPHTTA	63	68	153	85
13953	HUMAN28604	Q9NZZ3	170	219	LGDELLADEDSSYLDEAASAPAIPEGVPTDTKNKDGVLVDEFGLPQIPAS	49	429	631	202
13955	HUMAN28606	O14520	283	342	EPLKLEDSVAYEDHGITVLPKMGSHEPTISPLTPVSVSPANRSSVHPAPPLHESMALEHF	59	549	655	106
13957	HUMAN28611	A2A2Z9	225	358	HISSQDMFGQTAEDYAFCCDLRSIQQQILEHKNKMLKNHLRNDNQETAAMKPENLKKRKKRKKLKKRKEGAKAEHNLKVASEEKQERLERSENKQPQDSQSYGKKKDEMFGNFMLKRDIAMLKEELYAIKNDSL	133	238	383	145
13958	HUMAN28617	Q712K3	193	238	KTKVPSNDNSSDLLYDDLYDDDIDDEDEEEEDADCYDDDDSGNEES	45	373	530	157
13960	HUMAN28619	Q5T6F0	1	38	MARKVVSRKRKAPASPGAGSDAQGPQFGWDHSLHKRKR	37	26	127	101
13962	HUMAN28621	Q5T7B8	68	216	DKAVSIPERHLQTSSLRIKSQELRSGPRRQLNFDSPADNKDRNASNDGFEMCSLSDFSANEQKSTYLKVLEHMLPDDSQYHTKTGILNATAGDSYVQTEISTSLFSPNYLSAILGDCDIPIIQRISHVSGYNYGIPHSCIRQNTSEKQN	148	109	315	206
13963	HUMAN28623	Q6NSJ0	1	70	MLQNPQEKSQAYPRRRRPGCYAYRQNPEAIAAAAMYTFLPDNFSPAKPKPSKDLKPLLGSAVLGLLLVLA	69	10	119	109
13964	HUMAN28628	Q8IW50	1	131	MMEEIDRFQVPTAHSEMQPLDPAAASISDGDCDAREGESVAMNYKPSPLQVKLEKQRELARKGSLKNGSMGSPVNQQPKKNNVMARTRLVVPNKGYSSLDQSPDEKPLVALDTDSDDDFDMSRYSSSGYSS	130	2	149	147
13965	HUMAN28631	Q6UWT2	35	76	HSRSADVDSLSESSPNSSPGPCPEKAPPPQKPSHEGSYLLQP	41	34	76	42
13966	HUMAN28632	P26992	304	372	EEPRHLTTEAQAAETTTSTTSSLAPPPTTKICDPGELGSGGGPSAPFLVSVPITLALAAAAATASSLLI	68	437	509	72
13967	HUMAN28637	A6NKF2	1	95	MEALQKQQAARLAQGVGPLAPACPLLPPQPPLPDHRTLQAPEGALGNVGAEEEEDAEEDEEKREEAGAEEEAAEESRPGAQGPSSPSSQPPGLHP	94	0	127	127
13968	HUMAN28642	Q14626	318	422	GTIPKEIPAWGQLHTQPEVEPQVDSPAPPRPSLQPHPRLLDHRDSVEQVAVLASLGILSFLGLVAGALALGLWLRLRRGGKDGSPKPGFLASVIPVDRRPGAPNL	104	416	558	142
13969	HUMAN28644	B7Z3J9	56	87	SSGLGPTPQRSGRGFPRRSPTAAAQPASALKI	31	125	157	32
13970	HUMAN28646	O00585	93	134	TPSPQKPAQGCRKDRGASKTGKKGKGSKGCKRTERSQTPKGP	41	93	139	46
13972	HUMAN28648	A6NFA0	122	258	NNQISLTSLGPSQGSSCLEALSTSSVSFKHSQDLGSPKSKELSLASVTPTLSQLMDQKSLTQSAARSAGADSVQDSWADHFQRGQRSQVPAVSQVMGSLSSNFEKPGIPLSQQERTKNNSKFVLENQEAPEVGLDNK	136	146	341	195
13973	HUMAN28648	A6NFA0	269	338	EMKDRRHEESILLSKAETVTQDRTKNIEKSPTVTKDHVWGATTQKTTEDPEAQPPSTEEEGLIFCDAPSA	69	352	424	72
13974	HUMAN28648	A6NFA0	37	68	KLSLVPNRSCCRCHRRVQQKSGDRTSRARRTS	31	37	93	56
13975	HUMAN28649	Q9UPV7	1	74	MGVLMSKRQTVEQVQKVSLAVSAFKDGLRDRPSIRRTGELPGSRRGTVEGSVQEVQEEKEAEAGTSVVQEESSA	73	67	167	100
13977	HUMAN28653	P55072	767	806	GFGSFRFPSGNQGGAGPSQGSGGGTGGSVYTEDNDDDLYG	39	2423	2622	199
13978	HUMAN28656	Q9UJZ1	1	30	MLARAARGTGALLLRGSLLASGRAPRRASS	29	76	274	198
13979	HUMAN28656	Q9UJZ1	322	356	APVPGTPDSLSSGSSRDVQGTDASLDEELDRVKMS	34	990	1236	246
13984	HUMAN28663	Q15569	1	44	MAGERPPLRGPGPGPGEVPGEGPPGPGGTGGGPGRGRPSSYRAL	43	174	234	60
13986	HUMAN28663	Q15569	588	626	TPAVARYRNLNCEAGSLLCHRGHHAKPPTPSLQLPGARS	38	919	970	51
13987	HUMAN28664	P21854	17	147	LKKSISSRLGQDPGADDDGEITYENVQVPAVLGVPSSLASSVLGDKAAVKSEQPTASWRAVTSPAVGRILPCRTTCLRYLLLGLLLTCLLLGVTAICLGVRYLQVSQQLQQTNRVLEVTNSSLRQQLRLKI	130	21	172	151
13988	HUMAN28667	Q8WV48	1	64	MAGAVSLLGVVGLLLVSALSGVLGDRANPDLRAHPGNAAHPGSGATEPRRRPPLKDQRERTRAG	63	60	166	106
13989	HUMAN28667	Q8WV48	87	283	GKDETAVLHEEASKQQPLQSEQQLAQLTQQLAQTEQHLNNLMAQLDPLFERVTTLAGAQQELLNMKLWTIHELLQDSKPDKDMEASEPGEGSGGESAGGGDKVSETGTFLISPHTEASRPLPEDFCLKEDEEEIGDSQAWEEPTNWSTETWNLATSWEVGRGLRRRCSQAVAKGPSHSLGWEGGTTAEGRLKQSLFS	196	190	402	212
13990	HUMAN28670	Q16790	1	137	MAPLCPSPWLPLLIPAPAPGLTVQLLLSLLLLVPVHPQRLPRMQEDSPLGGGSSGEDDPLGEEDLPSEEDSPREEDPPGEEDLPGEEDLPGEEDLPEVKPKSEEEGSLKLEDLPTVEAPGDPQEPQNNAHRDKEGDD	136	82	257	175
13991	HUMAN28673	Q9Y490	2322	2358	KLEQLKPRAKPKEADESLNFEEQILEAAKSIAAATSA	36	3391	3438	47
13992	HUMAN28674	O43889	1	116	MELELDAGDQDLLAFLLEESGDLGTAPDEAVRAPLDWALPLSEVPSDWEVDDLLCSLLSPPASLNILSSSNPCLVHHDHTYSLPRETVSMDLESESCRKEGTQMTPQHMEELAEQE	115	10	189	179
13993	HUMAN28674	O43889	244	336	PAMYSSDTRGSLPAEHGVLSRQLRALPSEDPYQLELPALQSEVPKDSTHQWLDGSDCVLQAPGNTSCLLHYMPQAPSAEPPLEWPFPDLFSEP	92	321	421	100
13994	HUMAN28675	Q9HCG7	1	76	MGTQDPGNMGTGVPASEQISCAKEDPQVYCPEETGGTKDVQVTDCKSPEDSRPPKETDCCNPEDSGQLMVSYEGKA	75	171	286	115
13995	HUMAN28675	Q9HCG7	896	927	KKASWPKVKQGTGLRTGPMFGPKEAMANLSPE	31	2358	2478	120
13996	HUMAN28677	Q92546	173	202	EAVAPSSPFLEEDEGGKKDSWLAELAGERL	29	389	429	40
13997	HUMAN28682	Q9BX68	1	50	MAAAVVLAAGLRAARRAVAATGVRGGQVRGAAGVTDGNEVAKAQQATPGG	49	115	216	101
13998	HUMAN28688	Q6UXD1	1	115	MLGLLGSTALVGWITGAAVAVLLLLLLLATCLFHGRQDCDVERNRTAAGGNRVRRAQPWPFRRRGHLGIFHHHRHPGHVSHVPNVGLHHHHHPRHTPHHLHHHHHPHRHHPRHAR	114	0	149	149
14001	HUMAN28702	Q02548	125	317	DNDTVPSVSSINRIIRTKVQQPPNQPVPASSHSIVSTGSVTQVSSVSTDSAGSSYSISGILGITSPSADTNKRKRDEGIQESPVPNGHSLPGRDFLRKQMRGDLFTQQQLEVLDRVFERQHYSDIFTTTEPIKPEQTTEYSAMASLAGGLDDMKANLASPTPADIGSSVPGPQSYPIVTGRDLASTTLPGYPP	192	159	395	236
14003	HUMAN28703	Q8N3Z6	288	318	VPKMLDHSCLFRHSWDKQCDRCHMLGHYTDA	30	455	486	31
14005	HUMAN28713	Q5SYB0	1347	1395	PQPETEEEDRDLEAHPMAPLTSPPSAGSPVVLPWRPARAHSCTTAPLSR	48	2253	2344	91
14006	HUMAN28713	Q5SYB0	1	48	MEELETSLFQTRKAHRIEQMVARWLRRSRDSSARAKVAAADGPARNPT	47	0	57	57
14008	HUMAN28718	Q5QP82	1	60	MFPFGPHSPGGDGSAGAGAEEPTPHEGQAAATGPPSPLHPGADATHPPPPARSPRRPGAP	59	0	101	101
14010	HUMAN28721	P30837	1	30	MLRFLAPRLLSLQGRTARYSSAAALPSPIL	29	86	167	81
14011	HUMAN28722	Q8WX77	1	34	MPRLSLLLPLLLLLLLPLLPPLSPSLGIRDVGGR	33	12	51	39
14012	HUMAN28723	A0A1B0GW59	1	198	LKKKELTLKDVECKFSKMKTAYEEVTTELEEFKEAFAGAVKANNSMSKKLMKSDKKIAVISTKLFTEKQRMKYFLSTLPTRPEPELPCVENLNSIELNRKYIPKTAIRIPTSNPQTSNNCKNFLTEMELDRVEQIITGTKKSFAMLSTCSRLLSFVESTAPRKHRRALPIMRSLVPNRRTTVASTESRTNRPGGVRSP	197	115	313	198
14013	HUMAN28724	Q8IVF6	225	347	RISSQDMFGQTAEDYALCSDLRSIRQQILEHKNKMLKNHLRNDNQETAAMKPANLKKRKERAKAEHNLKVASEEKQERLQRSENKQPQDSQSYGKKKDAMYGNFMLKKDIAMLKEELYAIKND	122	310	458	148
14014	HUMAN28724	Q8IVF6	379	408	MITKTVARYSQQLNDLKAENARLNSELEKE	29	490	520	30
14015	HUMAN28726	Q9BZ76	1199	1251	PMARCAAGAASGSPARELAPRLAGGAGRSGPADEGEPLVNADRRDSAVIGGVI	52	1688	1761	73
14017	HUMAN28730	Q3SYB3	1	106	MNLPRAERLRSTPQRSLRDSDGEDGKIDVLGEEEDEDEVEDEEEAASQQFLEQSLQPGLQVARWGGVALPREHIEGGGGPSDPSEFGTKFRAPPRSAAASEDARQP	105	0	110	110
14018	HUMAN28730	Q3SYB3	249	402	AYPNTAPGRRPYALLHPHPLRYLLLSAPVYAGAPKKAEGAALATPAPFPCCSPHLVLSLGRRARVWRRHREADASLSALRVLCKGSGERVQGLRRVCPRPRGATATCSSDHQACCIPRPLPLCCKCPPPPLLGQFCSNSSSIRRRTAPTAALPP	153	253	442	189
14019	HUMAN28731	Q4V339	1	38	MLPAVGSVDEEEDPAEEDCPELVPIETTQSEEEEKSGL	37	0	54	54
14020	HUMAN28733	Q96NU0	1199	1246	PMARCAAGAASGSPARELAPRLAGGAGRSGPVDEGEPLVNADRRDSAV	47	1391	1441	50
14025	HUMAN28740	Q4UJ75	566	597	MITETAFRYQQELNDLKAENTRLNAELLKEKE	31	909	941	32
14026	HUMAN28743	Q5RIA9	1	38	MLPAVGSVDEEEDPAEEDCPELVPIETTQSEEEEKSGL	37	24	211	187
14028	HUMAN28745	Q8WXT5	1	106	MNLPRAERPRSTPQRSLRDSDGEDGKIDVLGEEEDEDEVEDEEEEARQQFLEQSLQPGLQVARWGGVALPREHIEGGGGPSDPSEFGTKFRAPPRSAAASEDARQP	105	0	106	106
14030	HUMAN28748	Q5TYW1	61	213	EKGEEPWSLEDEFLNQRYPGYFKVDHIKGIREKQEKPLWQEIFISDADKTLSKEGQKVLEKPFNLEIAPELSEKISCKCDSHRMNLPVASQLIISERKYSRKKTEYMNVCEKLQLDIKHEKAHAEEKSYEHGENAKAFSYKKDQHWKFQTLEE	152	65	222	157
14034	HUMAN28756	Q8N6L7	102	170	EESLEVEKQSCPAEREASGIPPPLYTETGLEFQDGNDSHPEAPPSYRESIAGLVVTAISEDAQRRGQEC	68	130	220	90
14036	HUMAN28760	Q16595	1	88	MWTLGRRAVAGLLASPSPAQAQTLTRVPRPAELAPLCGRRGLRTDIDATCTPRRASSNQRGLNQIWNVKKQSVYLMNLRKSGTLGHPG	87	7	144	137
14039	HUMAN28764	Q02410	481	511	VRMMQAQEAVSRIKMAQKLAKSRKKAPEGES	30	893	934	41
14041	HUMAN28774	Q9UHN6	34	103	PLRPPPPPKSQASAKFTSIRREDRATFAFSPEEQQAQRESQKQKRHKNTFICFAITSFSFFIALAIILGI	69	36	118	82
14042	HUMAN28778	Q96MD7	1	35	MSSQKGNVARSRPQKHQNTFSFKNDKFDKSVQTKK	34	38	79	41
14043	HUMAN28785	O76080	40	156	RQQNSGRMSPMGTASGSNSPTSDSASVQRADTSLNNCEGAAGSTSEKSRNVPVAALPVTQQMTEMSISREDKITTPKTEVSEPVVTQPSPSVSQPSTSQSEEKAPELPKPKKNRCFM	116	151	387	236
14045	HUMAN28789	P04083	1	34	MAMVSEFLKQAWFIENEEQEYVQTVKSSKGGPGS	33	30	143	113
14047	HUMAN28791	Q9BX84	1983	2022	NDYSPERINSTFGLEIKIESAEEPPARETGRNSPEDDMQL	39	2163	2215	52
14048	HUMAN28791	Q9BX84	544	600	KYKHQRHSSGNRNESAESTLHSQFIRTAQPYKFKEKSIVLHKSRKKSKEQNVSDDPE	56	584	667	83
14049	HUMAN28791	Q9BX84	772	820	PQSQDFQFMWYYSDQNASSSKESASVKEYDLERGHDEKLDENQHFGLES	48	843	897	54
14050	HUMAN28792	Q8IXQ3	1	143	MAKRRAAEPVTFHVPWKRLLLCDFAEQPPPPPLWIRPPGVAHAGQLLGVPEQHRKRKIDAGTMAEPSASPSKRRDSGDNSAPSGQEREDHGLETGDPPLPPPPVLPGPGEELPGARLPGGGGDDGAGRAGPPRGDWGVASRQH	142	0	175	175
14051	HUMAN28793	Q8N4J0	1	56	MQRRRRPPPPTSRLPEGCGGGGGGSEEVEVQFSAGRWGSAAAVSAAAAAATRSTEE	55	84	294	210
14052	HUMAN28797	Q92824	1785	1819	PNKSYSSYKSSYRESTSFEEDQVIEYRDRDYDEDD	34	2632	2676	44
14053	HUMAN28800	Q02742	1	38	MLRTLLRRRLFSYPTKYYFMVLVLSLITFSVLRIHQKP	37	8	66	58
14054	HUMAN28801	Q8WUY3	2558	2632	NSHSKPETCEERESIAELELYVGSKETGLQGTQLASFPDTCQPASLNERKGLSAEKMSSKSDTRSSFESPAQDQS	74	2830	2930	100
14056	HUMAN28801	Q8WUY3	3059	3088	SEAAKTSCLYNDPEMSSMEKDIDLKLKEKP	29	3464	3495	31
14058	HUMAN28804	Q96RL7	1017	1046	SEEKSAPVSTTETEDKGDVIKKLALKLSTN	29	2610	2717	107
14062	HUMAN28812	Q04727	1	31	MIRDLSKMYPQTRHPAPHQPAQPFKFTISES	30	19	68	49
14064	HUMAN28814	Q04724	50	108	LASEKTEMQRHYVMYYEMSYGLNIEMHKQTEIAKRLNTICAQVIPFLSQEHQQQVAQAV	58	296	427	131
14071	HUMAN28818	Q8IZ41	77	124	GGRRRDWGPLDPAPAVSEAGPETHDSEEDEGDEDAAAALATSCGPASP	47	337	428	91
14073	HUMAN28825	Q9UMX0	1	33	MAESGESGGPPGSQDSAAGAEGAGAPAAAASAE	32	129	192	63
14075	HUMAN28826	Q5VSY0	337	366	RSKVKVLQAELAKYQGGRKGKRNSESDQCR	29	418	502	84
14078	HUMAN28829	P61978	1	39	METEQPEETFPNTETNGEFGKRPAEDMEEEQAFKRSRNT	38	26	181	155
14079	HUMAN28829	P61978	276	306	SRRDYDDMSPRRGPPPPPPGRGGRGGSRARN	30	550	660	110
14081	HUMAN28831	Q9HAS3	1	82	MELRSTAAPRAEGYSNVGFQNEENFLENENTSGNNSIRSRAVQSREHTNTKQDEEQVTVEQDSPRNREHMEDDDEEMQQKGC	81	23	108	85
14083	HUMAN28835	Q8NBJ4	53	119	VRRAAAERGAVELKKNEFQGELEKQREQLDKIQSSHNFQLESVNKLYQDEKAVLVNNITTGERLIRV	66	87	164	77
14084	HUMAN28839	Q5VYS8	1362	1448	MRRKVRRRRDQEDALNQRYPENKEKRSKEDKEIHNKYTEREVSTKEDKPIQCTPQKAKPMRAAADLGREKILRPPVEKWKRQDDKDL	86	2218	2355	137
14088	HUMAN28840	P54826	1	42	MVAALLGGGGEARGGTVPGAWLCLMALLQLLGSAPRGSGLAH	41	41	112	71
14089	HUMAN28840	P54826	247	345	ELGNGPGSSGSDGGLDDYYDEDYDDEQRTGGAGGEQPLDDDDGVPHPPRPGSGAAASGGRGDLPYGPGRRSSGGGGRLAPRGAWTPLASILLLLLGPLF	98	335	468	133
14090	HUMAN28841	P53355	323	352	LSRSNMSVARSDDTLDEEDSFVMKAIIHAI	29	450	502	52
14092	HUMAN28843	Q6ZUB1	1	65	MGNLVIPLGKGRAGRVESGQRIPPPAPRPSVECTGDDIALQMEKMLFPLKSPSATWLSPSSTPWM	64	0	67	67
14094	HUMAN28846	Q9Y657	1	51	MKTPFGKTPGQRSRADAGHAGVSANMMKKRTSHKKHRSSVGPSKPVSQPRR	50	0	79	79
14095	HUMAN28852	Q92529	1	136	MLPRTKYNRFRNDSVTSVDDLLHSLSVSGGGGKVSAARATPAAAPYLVSGEALRKAPDDGPGSLGHLLHKVSHLKLSSSGLRGLSSAARERAGARLSGSCSAPSLAAPDGSAPSAPRAPAMSAARKGRPGDEPLPR	135	0	225	225
14098	HUMAN28854	Q96T21	785	815	VGEPRPQAPPSLPTQGPSCPAEDGPPALKEK	30	1029	1066	37
14099	HUMAN28859	P43405	297	346	SFPKPGHRKSSPAQGNRQESTVSFNPYEPELAPWAADKGPQREALPMDTE	49	336	399	63
14100	HUMAN28860	Q13825	1	31	MAAAVAAAPGALGSLHAGGARLVAACSAWLC	30	117	187	70
14101	HUMAN28862	Q01974	429	462	RNKQKASASTPQRRQLMASPSQDMEMPLINQHKQ	33	919	989	70
14104	HUMAN28866	Q76FK4	90	149	SFLHRLAQEREAAKAKKEESTTGNANLLEKTGGVDFHMKAVPGTEVPGHKNWVVSKFGRV	59	113	189	76
14105	HUMAN28870	P20774	38	87	FEESIFSQDYEDKYLDGKNIKEKETVIIPNEKSLQLQKDEAITPLPPKKE	49	133	204	71
14106	HUMAN28872	Q99983	1	40	MGFLSPIYVIFFFFGVKVHCQYETYQWDEDYDQEPDDDYQ	39	19	69	50
14107	HUMAN28872	Q99983	386	421	DDDESEDHDDPDNAHESPEQEGAEGHFDLHYYENQE	35	416	464	48
14108	HUMAN28873	Q9BXN1	1	62	MKEYVLLLFLALCSAKPFFSPSHIALKNMMLKDMEDTDDDDDDDDDDDDDDEDNSLFPTREP	61	6	107	101
14110	HUMAN28874	O94769	1	59	MKIAVLFCFFLLIIFQTDFGKNEEIPRKQRRKIYHRRLRKSSTSHKHRSNRQLGIQQTT	58	28	109	81
14112	HUMAN28876	Q8TD16	41	99	IQAAEYGLAVLEEKHQLKLQFEELEVDYEAIRSEMEQLKEAFGQAHTNHKKVAADGESR	58	47	106	59
14114	HUMAN28878	Q5JSP0	482	527	GGAFSQDEDPSLSPDMPITSTSPVEPVVTTEGSSGAAGLEPRKLSS	45	821	893	72
14115	HUMAN28882	Q92982	1	35	MDSGTEEYELNGGLPPGTPGSPDASPARWGWRHGP	34	26	101	75
14118	HUMAN28884	Q5T035	1	196	MPGMVPPHVPPQMLNIPQTSLQAKPVAPQVPSPGGAPGQGPYPYSLSEPAPLTLDTSGKNLTEQNSYSNIPHEGKHTPLYERSLPINPAQSGSPNHVDSAYFPGSSTSSSSDNDEGSGGATKYTIYWGFRATDHHVQGRDSQARGTAAHWHGGHVCSPNVFWRISHGPAQQLTFPTEQAAPPVCPAPASRRLSAPG	195	0	206	206
14119	HUMAN28885	Q5T036	152	256	LPCRLTHSCSRAFSSAPLKKTKSSMLPPKQALASAARNLCRGAGCNRQAVAGQLLPSTWSLHAHGLAKEAPILPVKKISRSCSVNNKVSKKTTKPPTLRSFLSPI	104	155	262	107
14120	HUMAN28885	Q5T036	1	140	MGKTKDIGDDDTVASEFWSGALSQPSSVPTRPRTPNRDSWRRAWAARGLHPRPSILQPGPARLSRARAGGTRCPQRRHGRATFCALGRGIGVRRGPGPRPARIPGLTLTWKRMSARRMQWAMQTGGRNQTFGGGVPLFWT	139	0	144	144
14124	HUMAN28891	Q14929	68	231	QGDEPWREENEHLLDLCPEPRTEFQPSFPHLVAFSSSQLLRQYALSGHPTQIFPSSSAGGDFQLEAPRCSSEKGESGETEGPDSSLRKRPSRISRTFFSPHQGDPVEWVEGNREGGTDLRLAQRMSLGGSDTMLKGADTSESGAVIRGNYRLGLSKKSSLFSHQ	163	104	276	172
14125	HUMAN28895	A1L443	131	202	PGVPVTSAQVVGGTQACEGGWSHGLPLPPPPPAAQVAPIVSPGNARPWPQGAHGEGSLAPSQAKARPDDSCK	71	265	341	76
14126	HUMAN28895	A1L443	285	397	FEAEEEMQIQKSQWMKGPQSLPPPAPPRLEPRGPPAPEVVKQPVYLPSKDGPKAPTACLPPPRPQRPAETKAHLPPPRPQRPAETNAHLPPPRPQRPAETKVPEEIPPEVVQE	112	425	563	138
14129	HUMAN28896	Q5SR56	451	506	EYSKASGVQKHSNSSSGSLTNTPERGSDEDIEPLLQDSSIWELSSFEEPGNQCTEL	55	1389	1567	178
14130	HUMAN28899	Q8N6M6	104	136	KGEKDTSDKDGNHDNQEHASGISSSKYCCDTGN	32	121	182	61
14131	HUMAN28904	Q13635	1186	1248	PANGLNRLPTPSPEPPPSVVRFAMPPGHTHSGSDSSDSEYSSQTTVSGLSEELRHYEAQQGAG	62	2283	2406	123
14132	HUMAN28904	Q13635	1266	1360	HSTVVHPESRHHPPSNPRQQPHLDSGSLPPGRQGQQPRRDPPREGLWPPPYRPRRDAFEISTEGHSGPSNRARWGPRGARSHNPRNPASTAMGSS	94	2501	2687	186
14133	HUMAN28904	Q13635	1	47	MASAGNAAEPQDRGGGGSGCIGAPGRPAGGGRRRRTGGLRRAAAPDR	46	72	187	115
14134	HUMAN28904	Q13635	627	657	PQAYTDTHDNTRYSPPPPYSSHSFAHETQIT	30	1309	1376	67
14135	HUMAN28904	Q13635	674	721	VYYTTAEPRSEISVQPVTVTQDTLSCQSPESTSSTRDLLSQFSDSSLH	47	1401	1553	152
14137	HUMAN28915	Q5JVS0	363	400	NLPRPGRGARGGTRGGRGRIRRAENYGPRAEVVMQDVA	37	562	669	107
14138	HUMAN28916	O60729	1	45	MKRKSERRSSWAAAPPCSRRCSSTSPGVKKIRSSTQQDPRRRDPQ	44	0	61	61
14141	HUMAN28924	Q5VZR4	1	39	MSVEPPPELEEKAASEPEAGAMPEKRAGAQAAGSTWLQG	38	0	39	39
14142	HUMAN28927	Q9P1Z9	1202	1236	LVFTNTILKDQEEDSDILTSSEALEEEAKLDVVTP	34	2104	2196	92
14143	HUMAN28927	Q9P1Z9	1265	1355	PNTKWPTHHCDKDPSQTGRGAWACGSRGSSEAGAGGAVCSPPVLCSCPGPSSPKGFKRHRCQPENSGKKAVPSASATSAGSFTPHPKPNKM	90	2275	2446	171
14144	HUMAN28927	Q9P1Z9	1580	1611	EPPKQKLSMLIRRKLAGLSLKEESEKPLIERG	31	2770	2814	44
14145	HUMAN28927	Q9P1Z9	1	48	MRGGENRPPARVQSSSEELELRHQSLDAFPGRRLPGRGIQPAAKMSSV	47	197	252	55
14147	HUMAN28928	Q8NHU6	412	447	KIQKDAGQAHGDNDIKAMVEQEYLQVEESIAESANT	35	1061	1114	53
14148	HUMAN28928	Q8NHU6	850	899	LSAISSGADSPNSKNGNMPMSGNTGENFRKNLTDVIKKSMVDHTSAFSTE	49	1664	1770	106
14150	HUMAN28930	Q5T7W7	463	516	GSRKVSGPMQDSFKEECECTARRPRIPRELLQHVRQPVSPEPGPDADEDGPVLM	53	775	951	176
14152	HUMAN28936	O00358	1	52	MTAESGPPPPQPEVLATVKEERGETAAGAGVPGEATGRGAGGRRRKRPLQRG	51	1	90	89
14153	HUMAN28937	Q9BU70	168	320	NVMEPLADFNLQNNQHTPNTVSQSDSKTDSCDQRQLSGCDEPQPHHSTKRKPKCPEDRTSEENYLTHSDTARIQQAFPMHREIAVDFGLESRRDQSSSVAEEQIGPYCPEKSFSEKGTDKKLERVEGAAVLQGSRAETQPMAPHCPAGRADGA	152	242	447	205
14159	HUMAN28947	Q9BYX2	384	454	ESLAHTASLREQQVQELQQHVQLLMDKNHAKQQVICKLSEKVTQDFTHPPDQSPLRPDAANRDFLSQQGKI	70	1030	1155	125
14160	HUMAN28947	Q9BYX2	899	928	LKAEYLERRASRRRAVSEGCASEDEVEGEA	29	1958	2154	196
14161	HUMAN28948	O75899	1	51	MASPRSSGQPGPPPPPPPPPARLLLLLLLPLLLPLAPGAWGWARGAPRPPP	50	1	119	118
14164	HUMAN28950	Q8IXK2	1	80	MWGRTARRRCPRELRRGREALLVLLALLALAGLGSVLRAQRGAGAGAAEPGPPRTPRPGRREPVMPRPPVPANALGARGE	79	0	246	246
14165	HUMAN28951	P39059	1	36	MAPRRNNGQCWCLLMLLSVSTPLPAVTQTRGATETA	35	0	141	141
14167	HUMAN28955	P60468	1	52	MPGPTPSGTNVGSSGRSPSKAVAARAAGSTVRQRKNASCGTRSAGRTTSAGT	51	60	160	100
14168	HUMAN28957	P56962	200	238	IDSIADHVNSAAVNVEEGTKNLGKAAKYKLAALPVAGAL	38	361	402	41
14169	HUMAN28957	P56962	255	302	VAGIAAALGGGVLGFTGGKLIQRKKQKMMEKLTSSCPDLPSQTDKKCS	47	424	546	122
14170	HUMAN28957	P56962	28	185	DLERLRKHQINIEKYQRCRIWDKLHEEHINAGRTVQQLRSNIREIEKLCLKVRKDDLVLLKRMIDPVKEEASAATAEFLQLHLESVEELKKQFNDEETLLQPPLTRSMTVGGAFHTTEAEASSQSLTQIYALPEIPQDQNAAESWETLEADLIELSQL	157	135	347	212
14174	HUMAN28967	Q8TBJ4	282	325	TQGSPSKPKPEDPRGVPLMAFPRIESPLETLSAQNHSASMTEVT	43	323	394	71
14175	HUMAN28970	O75820	59	146	DKDEEPTVKQEIEEIEEEVEPQGVIVTRIKSEIDQDPMGRETFELVGRLDKQRGIFLWEIPRESLTQEQRMFRENTNIIRKRPNSEEK	87	248	337	89
14176	HUMAN28973	Q9BRR3	1	35	MSTSTSPAAMLLRRLRRLSWGSTAVQLFILTVVTF	34	30	88	58
14177	HUMAN28974	Q5VTR2	112	178	DLEQGLGDLLTERKALVVPEPEPDSDSNQERKDDRERGEGQEPAFSFLATLASSSSEEMESQLQERV	66	369	502	133
14180	HUMAN28974	Q5VTR2	661	690	VQLMAAEKKSKAELEDLRQRLKDLEDKEKK	29	1482	1518	36
14181	HUMAN28975	Q8TCU5	62	119	PRAASRAPDDSRAGAQRDEPEPGTRRSPAPSPGARWLGSTLHGRGPPGSRKPGEGARA	57	101	229	128
14182	HUMAN28975	Q8TCU5	986	1075	SFIEEKQQHFKTKRVEKRSNVGPRQLTVWNTSNLSHDNRRKYIFSDEEGQNQLGIRIHQDIPLPPRRRELPALRTTNGKADSLNVSRNSV	89	1187	1368	181
14183	HUMAN28977	Q14093	1	31	MSLPRFQRVNFGPYDNYIPVSELSKKSWNQQ	30	24	80	56
14185	HUMAN28987	Q9UFN0	1	31	MLVLRSALTRALASRTLAPQMCSSFATGPRQ	30	42	73	31
14186	HUMAN28988	Q9BS92	1	32	MLVLRSGLTKALASRTLAPQVCSSFATGPRQY	31	21	97	76
14187	HUMAN28989	O95477	1136	1174	ESSLSSCRNSSSTVSYLKKEDSVSQSSSDAGLGSDHESD	38	2089	2158	69
14188	HUMAN28989	O95477	1255	1314	SGVDAETSDGTLPARRNRRAFGDKQSCLRPFTEDDAADPNDSDIDPESRETDLLSGMDGK	59	2292	2425	133
14189	HUMAN28989	O95477	2226	2261	DDDHLKDLSLHKNQTVVDVAVLTSFLQDEKVKESYV	35	4132	4366	234
14190	HUMAN28989	O95477	2	39	ACWPQLRLLLWKNLTFRRRQTCQLLLEVAWPLFIFLIL	37	101	184	83
14191	HUMAN28999	Q16559	63	108	LQQTGVAAQGNILGLFPQGPHLPGLEDRTLLENYQVPSPGPSHHIP	45	88	137	49
14192	HUMAN29000	Q9NVV0	250	291	PFSSCEKKSEAKSPSNGVGSLASKPVDVASDNVKKKHTKKNE	41	353	484	131
14193	HUMAN29001	Q96JM2	2109	2186	ALTLPRPRIVSLLSSHSHHSSQKATPAEEVEDSNDSSYSEPPDVQQQLNHYQSAALARNNSRVSPVPLSGAAAGTEQK	77	2436	2535	99
14194	HUMAN29003	P54727	231	273	GDRESQAVVDPPQAASTGAPQSSAVAAAAATTTATTTTTSSGG	42	1075	1282	207
14196	HUMAN29005	O43474	47	98	ELSHMKRLPPVLPGRPYDLAAATVATDLESGGAGAACGGSNLAPLPRRETEE	51	66	129	63
14197	HUMAN29006	Q9Y614	1	45	MATRNSPMPLGTAQGDPGEAGTRPGPDASLRDTGAATQLKMKPRK	44	46	112	66
14198	HUMAN29007	Q9Y615	1	66	MWAPPAAIMGDGPTKKVGNQAPLQTQALQTASLRDGPAKRAVWVRHTSSEPQEPTESKAAKERPKQ	65	5	94	89
14199	HUMAN29008	O95163	1151	1209	AGLDDEVPHGQESDLFSETSSVVSGSEMSGKYSHSNSRISARSSKNRRKAERKKHSLKE	58	3529	3707	178
14200	HUMAN29011	Q9UBT7	531	580	GEKYGYLSLPKPMKNNANLKSLKPDKPDSEEQAKIAKLGLKLGLLTSDAD	49	1013	1180	167
14201	HUMAN29012	Q9H330	1	45	MADGGGPKDAPSLRSSPGPAPRVPRAVGPSGGGGETPRTAALALR	44	126	302	176
14203	HUMAN29012	Q9H330	846	879	SPTNSVPTPNQTPWPAQPQRTFRDISEDLKSSVG	33	1610	1720	110
14204	HUMAN29013	Q9P0K9	1	102	MRRPRQGGGGAGGSAAARARAGGLGGGSVPARARGAPAAARAAWLRDLCARMARPPRQHPGVWASLLLLLLTGPAACAASPADDGAGPGGRGPRGRARGDTG	101	8	176	168
14205	HUMAN29014	Q9H329	1	62	MLRFLRRTFGRRSMQRYARGAAGRGAAGLGDERDGGPRGGPAAAASSSALPAAPGGSVFPAG	61	0	62	62
14207	HUMAN29015	P26045	335	503	SVNNQYCKKVIGGMVWNPAMRRSLSVEHLETKSLPSRSPPITPNWRSPRLRHEIRKPRHSSADNLANEMTYITETEDVFYTYKGSLAPQDSDSEVSQNRSPHQESLSENNPAQSYLTQKSSSSVSPSSNAPGSCSPDGVDQQLLDDFHRVTKGGSTEDASQYYCDKNDN	168	547	787	240
14208	HUMAN29019	Q5JTZ5	84	239	ERRSSLSLEEADSEVEGRLEEAAQGCLQAPKSPWHTHLEMHCLVQTSPQDTSHQVHHRGKLVGSDQRLPPEGDTHLFETNQMTQQGTGIPEAAQLPCQVGNTQTKAVESGLKFSTQCPLSIKNPHRSGKPAYYPFPQRKTPRISQAARNLGLYGSA	155	109	293	184
14209	HUMAN29024	O15146	522	554	KQWKNKKRESAAVTLTTLPSELLLDRLHPNPMY	32	1017	1100	83
14210	HUMAN29026	Q92633	332	364	ENPTGPTEGSDRSASSLNHTILAGVHSNDHSVV	32	426	490	64
14211	HUMAN29030	Q8TF39	1	45	MQAVVPLNKMTAISPEPQTLASTEQNEVPRVVTSGEQEAILRGNA	44	0	45	45
14212	HUMAN29030	Q8TF39	223	389	KWVELPWLLEEVSKSSRLDESALDKIIERCLRDDDHGLMEESQQYCGSSEEDHGNQGNSKGRVAQNKTLGSGSRGKKFDPDKSPFGHNFKETSDLIKHLRVYLRKKSRRYNESKKPFSFHSDLVLNRKEKTAGEKSRKSNDGGKVLSHSSALTEHQKRQKIHLGDRS	166	262	475	213
14213	HUMAN29032	Q9H1X3	1	32	MGAPLLSPGWGAGAAGRRWWMLLAPLLPALLL	31	118	205	87
14215	HUMAN29036	Q5VXU9	190	287	PEIDIPSLSELKELLNPVPEIINYVDEKEKLFERDLTNKHGIEDIGDIKFSSTEILTIQSQSEPEECSKPGELEMPLTPLFLTCQHSSVNSLRTELQT	97	312	433	121
14216	HUMAN29036	Q5VXU9	369	577	LNLKMMETLEHLNTYLCHDNLSSNDTKIEIFLPTKVLQLESCLEHKSHSSPIALIDEKSTNAHLSLPQKSPSLAKEVPDLCFSDDYFSDKGAAKEEKPKNDQEPVNRIIQKKENNDHFELDCTGPSIKSPSSSIIKKASFEHGKKQENDLDLLSDFIMLRNKYKTCTSKTEVTNSDEKHDKEACSLTLQEESPIVHINKTLEEINQERG	208	529	770	241
14217	HUMAN29038	Q16739	1	45	MALLDLALEGMAVFGFVLFLVLWLMHFMAIIYTRLHLNKKATDKQ	44	66	300	234
14218	HUMAN29046	Q9NRY2	25	65	EKRKLLMQNQSSTNHPGASIALSRPSLNKDFRDHAEQQHIA	40	77	140	63
14220	HUMAN29052	O15432	56	86	VNLPTSISQQTIAETDGDSAGSDSFPVGRTH	30	146	231	85
14221	HUMAN29055	O15431	1	41	MDHSHHMGMSYMDSNSTMQPSHHHPTTSASHSHGGGDSSMM	40	44	236	192
14222	HUMAN29056	Q8NHZ8	1	85	MLRRKPTRLELKLDDIEEFENIRKDLETRKKQKEDVEVVGGSDGEGAIGLSSDPKSREQMINDRIGYKPQPKPNNRSSQFGSLEF	84	53	161	108
14224	HUMAN29058	Q96D59	123	192	QPGGQTGPPPDTASATVSTPILIPSHHSLRECFRNPQFRIFAYLMAVILSVTLLLIFSIFWTKQFLWGVG	69	175	255	80
14225	HUMAN29064	Q9NRF9	96	147	QKGKKEASEQKKKDKDKKTDSEEQDKSRDEDNDEDEERLEEEEQNEEEEVDN	51	178	279	101
14226	HUMAN29065	Q8TAL5	145	182	EIHVSQHGKKKRKNSAVKSKSFLGLSGNQSAGTRVGTP	37	189	246	57
14228	HUMAN29065	Q8TAL5	82	123	LLSQSSKFYSKFHGRPPKGLPDKSLINCTNRLPKFPVLNLNE	41	117	168	51
14229	HUMAN29066	P49796	381	420	PGPDGGVLRRASCKSTHDLQSPPNKREKNCTHGVQARPEQ	39	442	487	45
14233	HUMAN29077	Q9P202	1	34	MNAPLDGLSVSSSSTGSLGSAAGAGGGGGAGLRL	33	164	214	50
14235	HUMAN29081	A0A1B0GU33	13	70	SEGSSTTVGFHNPRMFEQHHPRSFNLNTNSLHSAVPKRHPRLPYDNRMMLKACILRRP	57	12	70	58
14236	HUMAN29082	A0A1B0GUV7	21	104	EPYAINDSKVPSQTQEHKPSTQNLLLQKDELDRQNPKRINAVSHLPSRTPLIQTKKSTSSSSSEFEDLNAYASQRNFYKRNLNR	83	68	165	97
14237	HUMAN29083	O95150	1	92	MAEDLGLSFGETASVEMLPEHGSCRPKARSSSARWALTCCLVLLPFLAGLTTYLLVSQLRAQGEACVQFQALKGQEFAPSHQQVYAPLRADG	91	84	191	107
14238	HUMAN29086	P32971	1	32	MDPGLQQALNGMAPPGDTAMHVPAGSVASHLG	31	6	50	44
14239	HUMAN29090	O75129	1	59	MAAAGARLSPGPGSGLRGRPRLCFHPGPPPLLPLLLLFLLLLPPPPLLAGATAAASREP	58	0	80	80
14240	HUMAN29090	O75129	288	430	PILDDYDCEEDEEPPRRANHVSREDEFGSQVTHTLDSLGHPGEEKVDFEKKAAAEATQETVESLMQKFKESFRANTPIEIGQLQPPLRSTSAGKRKRRSKSRGGISFGRAKGTSGSEADDETQLTFYTEQYRSRRRSKGLLKS	142	355	539	184
14241	HUMAN29093	Q13049	313	351	ASAASTSVTFREMDMSPEEVVASPRASPAKQRGPEAASN	38	422	475	53
14242	HUMAN29095	O60477	2	33	NWRFVELLYFLFIWGRISVQPSHQEPAGTDQH	31	1	47	46
14246	HUMAN29097	Q9H1U4	567	602	DSIPNADVSGLLEDDGNEVAPNGQLTLTTPIHNYKA	35	755	792	37
14247	HUMAN29103	Q13077	133	167	GLESGPMALEQNLSDLQLQAAVEVAGDLEVDCYRA	34	346	394	48
14248	HUMAN29103	Q13077	1	88	MASSSGSSPRPAPDENEFPFGCPPTVCQDPKEPRALCCAGCLSENPRNGEDQICPKCRGEDLQSISPGSRLRTQEKAHPEVAEAGIGC	87	66	298	232
14250	HUMAN29105	Q7Z7A1	1	77	MKKGSQQKIFSKAKIPSSSHSPIPSSMSNMRSRSLSPLIGSETLPFHSGGQWCEQVEIADENNMLLDYQDHKGADSH	76	0	85	85
14252	HUMAN29105	Q7Z7A1	252	453	GQPVTTQDRQEAFERFSLEEVERLERDLEKKMIETEELKSKQTRFLEEIKNQDKLNKSLKEEAMLQKQSCEELKSDLNTKNELLKQKTIELTRACQKQYELEQELAFYKIDAKFEPLNYYPSEYAEIDKAPDESPYIGKSRYKRNMFATESYIIDSAQAVQIKKMEPDEQLRNDHMNLRGHTPLDTQLEDKEKKISAAQTRL	201	259	499	240
14253	HUMAN29105	Q7Z7A1	681	784	ESALQEQHEVNASLQQTQGDLSAYEAELEARLNLRDAEANQLKEELEKVTRLTQLEQSALQAELEKERQALKNALGKAQFSEEKEQENSELHAKLKHLQDDNNL	103	732	844	112
14254	HUMAN29105	Q7Z7A1	792	850	FQNHLNHVVDGLVRPEEVAARVDELRRKLKLGTGEMNIHSPSDVLGKSLADLQKQFSEI	58	851	911	60
14255	HUMAN29106	P61106	184	214	NAAESGVQHKPSAPQGGRLTSEPQPQREGCG	30	315	370	55
14256	HUMAN29107	P06396	1	51	MAPHRPAPALLCALSLALCALSLPVRAATASRGASQAGAPQGRVPEARPNS	50	83	287	204
14257	HUMAN29110	Q5VWQ8	1130	1189	IIDAQEKRIASLDAANARLMSALTQLKERYSMQARNGISPTNPTKLQITENGEFRNSSNC	59	1970	2081	111
14261	HUMAN29111	Q8NHH1	580	617	KRENQSQQLEKPFAGKEDALDGELTSAPDCNANPEAHL	37	880	1002	122
14262	HUMAN29111	Q8NHH1	748	800	KRLVCGRGVPSGGRPPHRGPPQEPSPSAQPAGDNPPPRTSCANKLSHPRHTLS	52	1159	1242	83
14263	HUMAN29112	P51970	123	162	GELSKVTKVKTDRPLPENPYHSRPRPDPSPEIEGDLQPAT	39	205	265	60
14264	HUMAN29116	Q96H35	108	190	VKRYDHNKNDKILPISLEPSSSTEPTQSNLSVTAKIKAIEAKLKMMAENPDAEYPAAPVYSYFKPPDKKRTTPYSRTAWKSRR	82	182	341	159
14265	HUMAN29117	Q96E11	1	40	MALGLKCFRMVHPTFRNYLAASIRPVSEVTLKTVHERQHG	39	225	324	99
14266	HUMAN29131	Q8NGR2	1	41	MSYFYRLKLMKEAVLVKLPFTSLPLLLQTLSRKSRDMEIKN	40	0	43	43
14267	HUMAN29133	Q13371	1	52	MTTLDDKLLGEKLQYYYSSSEDEDSDHEDKDRGRCAPASSSVPAEAELAGEG	51	129	312	183
14269	HUMAN29143	Q96SI9	344	389	VTDKEGAGSSALKRPFEDGLGDDKDPNKKMKRNLRKILDSKAIDLM	45	474	535	61
14270	HUMAN29143	Q96SI9	458	504	DADIECMSSDEKSDNESKNETVSSNSSNNTGNSTTETSSTLEVRTQG	46	603	651	48
14272	HUMAN29152	Q15406	132	276	EDGMPGGRNKSIGPVQISEEEIERIMSGQEFEEEANHWSNHGDSDHSSPGNRASESNQPSPGSTLSSSRSVELNGFMAFREQYMGMSVPPHYQYIPHLFSYSGHSPLLPQQARSLDPQSYSLIHQLLSAEDLEPLGTPMLIEDGY	144	301	487	186
14273	HUMAN29152	Q15406	1	55	MERDEPPPSGGGGGGGSAGFLEPPAALPPPPRNGFCQDELAELDPGTISVSDDRA	54	5	224	219
14275	HUMAN29156	P42766	75	123	GKKYKPLDLRPKKTRAMRRRLNKHEENLKTKKQQRKERLYPLRKYAVKA	48	353	402	49
14278	HUMAN29158	Q92805	737	767	TLEYKMSWFGSKPAPKGSIRPSISNPRIPWS	30	1490	1555	65
14279	HUMAN29169	Q9BPZ7	36	115	VDLEKIHPPSMPGDSGSEIQGSNGETQGYVYAQSVDITSSWDFGIRRRSNTAQRLERLRKERQNQIKCKNIQWKERNSKQ	79	57	226	169
14280	HUMAN29173	Q9H7P6	196	242	RNHDSSQPTTPSQSSAASTPAPNLPRHISLTLPATFRGRNSTRTDYE	46	338	475	137
14281	HUMAN29174	O60663	1	48	MDIATGPESLERCFPRGQTDCAKMLDGIKMEEHALRPGPATLGVLLGS	47	31	127	96
14283	HUMAN29177	Q5JS13	1	37	MYKRNGLMASVLVTSATPQGSSSSDSLEGQSCDYASK	36	252	303	51
14285	HUMAN29181	Q9UKU9	1	50	MRPLCVTCWWLGLLAAMGAVAGQEDGFEGTEEGSPREFIYLNRYKRAGES	49	20	104	84
14286	HUMAN29181	Q9UKU9	202	271	EHCQRVPSARPVPQPPPAAPPRVYQPPTYNRIINQISTNEIQSDQNLKVLPPPLPTMPTLTSLPSSTDKP	69	280	404	124
14287	HUMAN29183	Q5VVW2	1	37	MVVDFCRRFVARSLCIILMKHFCSSSVSEDLGCRRGD	36	73	235	162
14288	HUMAN29183	Q5VVW2	422	472	RRSFSDVLPESPKSARKKEEARQAEFVRIGQALKLKSIVRGDAPSSLAASG	50	843	902	59
14290	HUMAN29187	Q6UWE0	636	669	QPELKPPMGEVVTPTAPQEPPESVRPSAPPAELE	33	1032	1170	138
14292	HUMAN29193	Q5JU67	1	38	MAPKKSVSKAGKELEVKKKGGKKEPVVAVEPPLAKEMK	37	97	152	55
14293	HUMAN29193	Q5JU67	413	453	ATRPQKAACPHQESQSHGPPKESRPSIQLPRTGSLLPQLSD	40	570	626	56
14294	HUMAN29193	Q5JU67	470	520	HIPPNPQDLRLLSYITRVGTFRAHSSPEMRAPGSLKRLEKFSLPEVPLRPK	50	645	870	225
14297	HUMAN29203	Q05932	1	41	MSRARSHLRAALFLAAASARGITTQVAARRGLSAWPVPQEP	40	169	317	148
14298	HUMAN29204	P17813	619	658	SPSKREPVVAVAAPASSESSSTNHSIGSTQSTPCSTSSMA	39	808	867	59
14299	HUMAN29207	Q969X2	1	52	MACSRPPSQCEPTSLPPGPPAGRRHLPLSRRRREMSSNKEQRSAVFVILFAL	51	69	141	72
14300	HUMAN29208	Q9H4F1	1	49	MKAPGRLVLIILCSVVFSAVYILLCCWAGLPLCLATCLDHHFPTGSRPT	48	115	204	89
14301	HUMAN29209	Q5T9C9	1	38	MAAPSPGPREVLAPSPEAGCRAVTSSRRGLLWRLRDKQ	37	91	158	67
14302	HUMAN29209	Q5T9C9	292	326	DERGPGSSLIFRTARSVQGAQSPEESRAQNRRLLP	34	482	594	112
14308	HUMAN29233	O95900	299	331	SPGLDTKQLPSPGWSWDSQGPSSTLGLERGAGQ	32	541	606	65
14309	HUMAN29234	Q9Y3A0	1	34	MATLLRPVLRRLCGLPGLQRPAAEMPLRARSDGA	33	88	333	245
14311	HUMAN29248	Q53GS7	325	379	LGQEITRACEDKRRQDEEEAQVKLQEAQMQQGPEAHKEPPAPSQGPGGKQNEDLQ	54	735	916	181
14312	HUMAN29254	Q96EX3	1	102	MATRAQPGPLSQAGSAGVAALATVGVASGPGPGRPGPLQDETLGVASVPSQWRAVQGIRWETKSCQTASIATASASAQARNHVDAQVQTEAPVPVSVQPPSQ	101	38	251	213
14313	HUMAN29256	Q01105	1	39	MAPKRQSPLPPQKKKPRPPPALGPEETSASAGLPKKGEK	38	44	110	66
14314	HUMAN29256	Q01105	238	290	MDDEEGEGEEDDDDDEEEEGLEDIDEEGDEDEGEEDEDDDEGEEGEEDEGEDD	52	604	745	141
14317	HUMAN29263	Q5T280	1	69	MAERGRKRPCGPGEHGQRIEWRKWKQQKKEEKKKWKDLKLMKKLERQRAQEEQAKRLEEEEAAAEKEDR	68	138	365	227
14318	HUMAN29267	Q8IWT6	180	234	ESDPKPAFSKMNGSMDKKSSTVSEDVEATVPMLQRTKSRIEQGIVDRSETGVLDK	54	200	280	80
14319	HUMAN29267	Q8IWT6	62	95	KDSCNDSFRGWAAPGPEPTYPNSTILPTPDTGPT	33	62	100	38
14320	HUMAN29273	Q5SRE5	1506	1542	NGDGLPSAVAQRVQRPPSAASAAPSSSKQPAADTEAS	36	2445	2515	70
14321	HUMAN29280	P43155	1	32	MLAFAARTVVKPLGFLKPFSLMKASSRFKAHQ	31	69	284	215
14324	HUMAN29292	Q5SZB4	293	393	SVQQSVIVNQKAALPVASERVFGSVGKRLESLPKALYPGAKEETLASSSCWDCAGLSTQKTQGYLSEDTSMNSSLPFCSWKKAAAQRPRSSLRAFLDPHRN	100	395	503	108
14327	HUMAN29299	Q9Y2K6	99	140	PLLGSSSKFSEQDSPPPSHPLKAVPIAVADEGESESEDDDLK	41	205	306	101
14328	HUMAN29300	Q96RU3	275	381	GFEPPGDIEFEDYTQPMKRTVSDNSLSNSRGEGKPDLKFGGKSKGKLWPFIKKNKLMSLLTSPHQPPPPPPASASPSAVPNGPQSPKQQKEPLSHRFNEFMTSKPKI	106	627	801	174
14330	HUMAN29301	Q5VW38	560	600	EEEDLEMESVVTTSGVMESMKKVKKVTNGSVEPQGEWEGAV	40	832	880	48
14331	HUMAN29306	Q96I24	35	74	SIPHLNNSTPLVDPSVYGYGVQKRPLDDGVGNQLGALVHQ	39	81	209	128
14332	HUMAN29307	Q9H4Q4	321	367	ARHRPPSTALQAHSPALPAPHAHAPALAAAAAAAAAAAAHHLPAMVL	46	606	691	85
14333	HUMAN29310	P83859	78	136	GREHAGCRFRFGRQDEGSEATGFLPAAGEKTSGPLGNLAEELNGYSRKKGGFSFRFGRR	58	84	146	62
14335	HUMAN29316	P35658	731	775	VGTSEEMKMLRTESDDLHTFLLEIKETTESLHGDISSLKTTLLEG	44	1596	1652	56
14336	HUMAN29316	P35658	784	819	EQNERNRDSGYLHLLYKRPLDPKSEAQLQEIRRLHQ	35	1660	1721	61
14337	HUMAN29316	P35658	840	874	LEQKKKQRHLLVPERETLFNTLANNREIINQQRKR	34	1744	1813	69
14339	HUMAN29320	Q8NBV4	1	73	MPASQSRARARDRNNVLNRAEFLSLNQPPKGGPEPRSSGRKASGPSAQPPPAGDGARERRQSQQLPEEDCMQL	72	70	198	128
14341	HUMAN29325	A0A1B0GWB2	1	120	MEAGAGGAGSDTKGGGSPATPEDPRSPAKPAAPEDPQMPAQPALPQLPRRPRTLDEDGAPSEDGAAGGSEPAPEDAPAQAAGEAGPVSKAAAGGAPHIGFVGEPPPYAPPDPKAAPLLYP	119	0	180	180
14342	HUMAN29329	Q6P2C8	101	155	TPLYSQLLQAYKWSNKLQYHAGLASGLLNQQSLKRSANQMGVSAKRRPKAQPTTL	54	219	289	70
14346	HUMAN29334	Q15361	844	905	EKKGTKIQTPAAPKQVFPFRDIFYYEDDSEGEDIEKESEGQAPCMAHACNSSTLGGQGRWII	61	1800	1890	90
14347	HUMAN29336	Q6ZQR2	128	173	LDGGVPEAIGRWNVFKQQPTCPHELTRNYIAMNRGAVKAGLVTARE	45	306	362	56
14348	HUMAN29336	Q6ZQR2	182	271	DIRISDQDDRRMKKEPPPLPPNMTFGIRARPSTPFFDLLQHRYLQLWVQEQKATQKAIKLEKKQKVVLGKLYETRSSQLRKYKPPVKLDT	89	370	488	118
14349	HUMAN29336	Q6ZQR2	1	111	MPEARSSGPDLTRWRKQQQPVRRTVSQVCPPPRRPLTVADIRSGMENERLGVVRDSMFQNPLIVKAAGPASVGTSYSVYDSSAVQKVIPSLAGHHIKGGPQAELGKPRERS	110	105	285	180
14351	HUMAN29337	Q9BZE3	286	327	PPPALQRPLVPRILIHGLQGASEPPPPLPPLAGVLPRAAQPR	41	359	454	95
14354	HUMAN29339	Q9UKN8	1	48	MNTADQARVGPADDGPAPSGEEEGEGGGEAGGKEPAADAAPGPSAAFR	47	69	157	88
14355	HUMAN29339	Q9UKN8	617	663	ADDEQQEEGTSSKQVVKQGLQERSKEGDVEEPTDDSLPTTGDAGGRE	46	821	886	65
14356	HUMAN29341	Q96E40	164	222	QHVSEPQAHQESTRGAARPAQAIGTQPRATKHKCRQLTKASLKPRGCSKPPWRPPGGKL	58	192	269	77
14359	HUMAN29344	Q9Y5Q8	343	385	STYNYSLPITVKKTSSQLVTMHDLKQGLGPSGTSGARKPASSK	42	1015	1088	73
14360	HUMAN29347	Q12967	252	378	EPIEAEPEALSPVPALKPTPELELALTPARAPSPVPAPAPEPEPAPTPAPGSELEVAPAPAPELQQAPEPAVGLESAPAPALELEPAPEQDPAPSQTLELEPAPAPVPSLQPSWPSPVVAENGLSEE	126	412	648	236
14362	HUMAN29348	Q8N5D6	1	54	MHRRRLALGLGFCLLAGTSLSVLWVYLENWLPVSYVPYYLPCPEIFNMKLHYKR	53	22	103	81
14364	HUMAN29353	O75683	332	361	KKAARAERRLLRARKKGRILPQDLERAGLV	29	947	1025	78
14365	HUMAN29354	Q15528	137	200	SSSSLCEANDLPLCEAYGRLDLDTDSADGLSAPLLASPEPSAGPLQVAAPAHSHAGGPGPTEHA	63	202	288	86
14366	HUMAN29355	P62424	1	44	MPKGKKAKGKKVAPAPAVVKKQEAKKVVNPLFEKRPKNFGIGQD	43	241	453	212
14368	HUMAN29361	Q9GZR2	1	69	MGKAKVPASKRAPSSPVAKPGPVKTLTRKKNKKKKRFWKSKAREVSKKPASGPGAVVRPPKAPEDFSQN	68	33	119	86
14369	HUMAN29361	Q9GZR2	80	228	QKSQAPEKPLVISQMGSKKKPKIIQQNKKETSPQVKGEEMPAGKDQEASRGSVPSGSKMDRRAPVPRTKASGTEHNKKGTKERTNGDIVPERGDIEHKKRKAKEAAPAPPTEEDIWFDDVDPADIEAAIGPEAAKIARKQLGQSEGSVS	148	129	305	176
14370	HUMAN29362	Q76LX8	1138	1188	LVPHEEAAAPGRTTATPAGASLEWSQARGLLFSPAPQPRRLLPGPQENSVQ	50	1748	1842	94
14371	HUMAN29362	Q76LX8	32	76	HFQQSCLQALEPQAVSSYLSPGAPLKGRPPSPGFQRQRQRQRRAA	44	80	310	230
14372	HUMAN29366	Q9UGQ3	1	33	MQEPLLGAEGPDYDTFPEKPPPSPGDRARVGTL	32	49	149	100
14373	HUMAN29370	P0C2L3	1	166	MTAGTVVITGGILATVILLCIIAVLCYCRLQYYCCKKDESEEDEEEPDFAVHSHLPPLHSNRNLVLTNGPALYPTASTSFSQKSPQARALCRSCSHCEPPTFFLQEPPEEEEDVLNGGERVLYKSVSQEDVELPPGGFGGLQALNPNRLSAMREAFARSRSISTDV	165	0	202	202
14374	HUMAN29371	P09172	1	41	MPALSRWASLPGPSMREAAFMYSTAVAIFLVILVAALQGSA	40	12	237	225
14375	HUMAN29371	P09172	588	617	TLEEPTPQCPTSQGRSPAGPTVVSIGGGKG	29	982	1051	69
14376	HUMAN29372	Q9UL12	1	59	MASLSRALRVAAAHPRQSPTRGMGPCNLSSAAGPTAEKSVPYQRTLKEGQGTSVVAQGP	58	155	281	126
14381	HUMAN29379	P61964	1	30	MATEEKKPETEAARAQPTPSSSATQSKPTP	29	61	199	138
14383	HUMAN29381	P20908	1	32	MDVHTRWKARSALRPGAPLLPPLLLLLLWAPP	31	2	61	59
14385	HUMAN29383	Q15485	55	98	LPGAPGPKGEAGTNGKRGERGPPGPPGKAGPPGPNGAPGEPQPC	43	83	167	84
14386	HUMAN29385	O00602	58	111	GAPGPKGEAGVIGERGERGLPGAPGKAGPVGPKGDRGEKGMRGEKGDAGQSQSC	53	128	262	134
14388	HUMAN29407	Q9BSL1	235	275	PTIDTPLPGQAPPEAEGATAAASEAAAGASATDEEARDELT	40	353	566	213
14389	HUMAN29411	Q6ZRP7	1	50	MAAAGAAVARSPGIGAGPALRARRSPPPRAARLPRLLVLLAAAAVGPGAG	49	23	167	144
14390	HUMAN29411	Q6ZRP7	566	698	NLLDTYSADQGDSSEGGTLARGEEEEKRLTPPEVSHGDRDTQSVRPPGALGPRPALPESLHHSLDGKLQSLDGPGAHKEVGGAAPFLGVDFSSLDMSLCVVLYVASSLFLMVMYFFFRVRSRRWKVKHHHPAV	132	947	1162	215
14392	HUMAN29416	Q5SXM8	1	63	MLRTALRGAPRLLSRVQPRAPCLRRLWGRGARPEVAGRRRAWAWGWRRSSSEQGPGPAAALGR	62	0	73	73
14394	HUMAN29418	Q5SXM2	107	136	LLAQNREQQEELMRDLAGSKGTKVKDGKSL	29	244	285	41
14395	HUMAN29418	Q5SXM2	1391	1469	SVPSRVGSESEDEDLLSELELADRDGQPGCTTATCPIQGAPDSGKCSASSCLDTSNDPDDLDVLRTRHARHTRKRRRLV	78	2629	2769	140
14396	HUMAN29418	Q5SXM2	1	79	MDVDAEREKITQEIKELERILDPGSSGSHVEISESSLESDSEADSLPSEDLDPADPPISEEERWGEASNDEDDPKDKTL	78	23	217	194
14400	HUMAN29419	Q96C92	398	435	AQASIKQLVSGAETLNLVAEILKSIDRISEVKDEEEDS	37	444	482	38
14402	HUMAN29424	O15027	1570	1612	PGKSPNEANLIDFTNEAVEQVEEEESGEAQLSFLTGGPAAAAS	42	4485	4566	81
14405	HUMAN29426	P46531	1775	1838	VSEASKKKRREPLGEDSVGLKPLKNASDGALMDDNQNEWGDEDLETKKFRFEEPVVLPDLDDQT	63	3075	3278	203
14407	HUMAN29429	Q5VUD6	1	42	MRRLRRLAHLVLFCPFSKRLQGRLPGLRVRCIFLAWLGVFAG	41	65	227	162
14408	HUMAN29430	Q6JVE6	1	31	MRQGLLVLALVLVLVLVLAAGSQVQEWYPRE	30	2	35	33
14409	HUMAN29436	Q5T5S1	1	41	MRRHSETDVEEQTQELKTITQLQEQCRALQIQGVKENMDQN	40	10	189	179
14410	HUMAN29436	Q5T5S1	226	294	RQREASFIEERRARENRLNQQKKLIDKIHTKETSEKYRRGQMDLDFPSNLMSTETLKLRRKETSTAEME	68	385	468	83
14411	HUMAN29436	Q5T5S1	459	534	SRTEEGDTKVRDTLESSTLMEKYNTRISFENREEDMIDTFQFPDMDHSYVPSRAEIKRQAQRLIEGKLKAAKKKKK	75	688	787	99
14413	HUMAN29441	C9J069	826	869	PPGTPALPAPAPRSHGPTVRKFAKVALAAGSPARPPPARSREPD	43	1069	1116	47
14414	HUMAN29445	O60869	1	69	MAESDWDTVTVLRKKGPTAAQAKSKQAILAAQRRGEDVETSKKWAAGQNKQHSITKNTAKLDRETEELH	68	48	149	101
14415	HUMAN29448	P07360	1	31	MLPPGTATLLTLLLAAGSLGQKPQRPRRPAS	30	115	175	60
14416	HUMAN29455	Q9BUH6	142	204	AEETAVSPRKSPRPAGPQLFLPDPDPQRGGPGPGVRRRCPGESLINPGFKSKKPAGGVDFDET	62	212	318	106
14417	HUMAN29458	Q11130	1	43	MNNAGHGPTRRLRGLGVLAGVALLAALWLLWLLGSAPRGTPAP	42	9	131	122
14419	HUMAN29465	Q86UD0	309	347	ACASRALPPSSSGPPCPALTSTSPPVWQQQTILMLKEQN	38	866	982	116
14422	HUMAN29476	Q2I0M4	1	33	MRGPSWSRPRPLLLLLLLLSPWPVWAQVSATAS	32	0	59	59
14423	HUMAN29476	Q2I0M4	295	334	RRLRTAALRPPRPPDPNPDPDPHGCASPADPGSPAAAAQA	39	349	413	64
14424	HUMAN29477	A6NLX4	80	147	RQVDNRLVENFGVQEDLMDLHPVYVESQLMDADLEVSLVPPLEDQSLVAIPMEASSEEPPPPPPLPPE	67	88	166	78
14425	HUMAN29484	Q9H0X6	40	138	KFPELPAAPCFPPAPRPTPTLAPKRAWPSDTEIIVNQACGGDMPALEGAPHTPPLPRRPRKGSSELGFPRVAPEDEVIVNQYVIRPGPSASAASSAAAG	98	42	176	134
14426	HUMAN29487	Q8N130	1	92	MPSSLPGSQVPHPTLDAVDLVEKTLRNEGTSSSAPVLEEGDTDPWTLPQLKDTSQPWKELRVAGRLRRVAGSVLKACGLLGSLYFFICSLDV	91	106	287	181
14427	HUMAN29489	Q6J272	38	200	TTGQLLTDPSVQKSPCSVLSPMSKPKFIEDFSQSKPPRVPCQDLTEPYIPHYTSLKPSKNFEILGQLPPLEVDAQEPPGVENIPRQILLPAGFTPDTPHPPCPPGRKGDSRDLGHPVYGEEAWKSATPVCEAPRQHQLYHCQRDEYPPPARRQQETLDVGSFQ	162	37	245	208
14428	HUMAN29491	Q8N7X2	22	82	HWTHGHLRQTQPEPTQPKASVLLLGPEPGMAWDETQPPKMKEIPVGLRLQTGTPQESLPTY	60	26	108	82
14429	HUMAN29493	Q9NXH8	1	72	MDRGQPSLEPAAAAPRASGRCVIAPVRAVLRLRRRVCVLRKRRLLQPGGGPDVGTGAPRPGCSPRAPRADLD	71	90	221	131
14433	HUMAN29506	Q8IXM3	1	35	MGVLAAAARCLVRGADRMSKWTSKRGPRSFRGRKG	34	43	79	36
14434	HUMAN29507	Q9BTV6	379	427	ECREDNDGEGHARPQSGMKPLTEGMRKNGTWLQATAATTRDCGVNPEEA	48	1041	1121	80
14435	HUMAN29509	Q8N5I2	289	344	APVSPRPGLGLPPGAPPLVVPSAPPQEEAEAEAAAGGPHFLDPVFLSTKSHSQRQP	55	386	459	73
14436	HUMAN29524	P03928	1	49	MPQLNTTVWPTMITPMLLTLFLITQLKMLNTNYHLPPSPKPMKMKNYNK	48	0	51	51
14438	HUMAN29535	Q9Y5P8	42	123	PGRDQPTPGDGEQPGAWPTAPLAAPRPSGLEPPGTPGPGPALPLGAASSPRNAPHVRGTRRSAGTRVVQTRKEEPLPPATSQ	81	150	317	167
14439	HUMAN29535	Q9Y5P8	519	575	AGEPWEDGFEAELSPVEQKLSALRSPLAQRPFFEAPSPLGAVDLYEYACGDEDLEPL	56	745	831	86
14440	HUMAN29538	Q9HC73	299	342	MAGAEQESGPEEPLVVQLAKTEAESPRMLDPQTEEKEASGGSLQ	43	423	472	49
14441	HUMAN29544	O95671	218	279	EDLRRSVKHDSIPAADTFEDLSDVEGGGSEPTQRDAGSRDEKAEAGEAGQATAEAECHRTRE	61	375	476	101
14442	HUMAN29545	Q86VZ1	311	359	RRVPRDTLDTRRESLFSARTTSVRSEAGAHPEGMEGATRPGLQRQESVF	48	420	500	80
14444	HUMAN29552	O96006	509	540	KDGGYRPAEDKIFPVPEEPPVKKLMRTSTPPP	31	1007	1054	47
14445	HUMAN29552	O96006	86	117	MREAFATAFSKLKPESSQQPGQDALAVKAGHG	31	471	525	54
14447	HUMAN29559	O15488	1	31	MSETEFHHGAQAGLELLRSSNSPTSASQSAG	30	13	70	57
14448	HUMAN29559	O15488	298	451	VQAGEARASPGHTLCHSDVGGPCADSASGVGEPCENSTPSAGVPCANSPLGSNQPAQGLPEPTQIVDETLSLPEGRRSEDMIACPETETPAVITCDPLSQPSPQPADFTETETILQPANKVESVSSEETFEPSQELPAEALRDPSLQDALEVDL	153	342	571	229
14449	HUMAN29560	P51689	1	36	MRSAARRGRAAPAARDSLPVLLFLCLLLKTCEPKTA	35	49	227	178
14452	HUMAN29566	P51817	1	40	MEAPGLAQAAAAESDSRKVAEETPDGAPALCPSPEALSPE	39	92	276	184
14454	HUMAN29574	Q9H322	1	139	MSPKPRASGPPAKATEAGKRKSSSQPSPSDPKKKTTKVAKKGKAVRRGRRGKKGAATKMAAVTAPEAESAPAAPGPSDQPSQELPQHELPPEEPVSEGTQHDPLSQESEVEEPLSQESEVEEPLTVWMASFSPVSESTD	138	0	146	146
14456	HUMAN29576	P23352	1	40	MVPGVPGAVLTLCLWLAASSGCLAAGPGAAAARRLDESLS	39	79	155	76
14459	HUMAN29581	O60907	1	37	MTELAGASSSCCHRPAGRGAMQSVLHHFQRLRGREGG	36	0	45	45
14460	HUMAN29582	P51810	319	404	GFQSPRKEIQWESLTTSAAEGAHPSPLMPHENPASGKVSQVGGQTSDEALSMLSEGSDASTIEIHTASESCNKNEGDPALPTHGDL	85	395	510	115
14461	HUMAN29585	Q9ULE0	100	137	LSRLKRELTQMKQELQYKEKGVETLQEIDRKMSSTHTS	37	276	314	38
14462	HUMAN29585	Q9ULE0	180	226	NSCSVTDSLVDFPHHVGVPGDAGVPQQFCDAGSQTDIIGEFVFDDKT	46	356	415	59
14463	HUMAN29585	Q9ULE0	1	88	MDHINKLTQIEDPREQWRREQERMLKEYLIVAQEALNAKKEIYQIKQQRFELAQEEYQQLHKMCEDDSRSYASSFSGYSTNTKYDPHQ	87	176	265	89
14466	HUMAN29585	Q9ULE0	925	968	SDSDSSTLPRKSPFVRNTLERRTLRYKQSCRSSLAELMARTSLD	43	1309	1370	61
14469	HUMAN29593	Q8N5Y2	93	168	RLRSTGRKKKRCRLPGVDSVLKGLPTEEKDENDENSLSSSSDCSENKDEEISEESDIEEKTEVKEEPELQTRREME	75	290	492	202
14471	HUMAN29601	Q8IZT9	1	74	MAAKDQLEVQVMAAQEMELAGKDPVSHEHEERKPVTETKEGDVTDEHGERGSFAETDEHTGVDTKELEDIAADI	73	11	85	74
14472	HUMAN29603	Q8IUX8	286	360	HKNSMKKKAKIKNVTPEPTRTPTPKVNLQPFNYEEIVSRGGNSHGGKKGNEEKMKEGLEDEKREEKALKNDIEER	74	456	576	120
14473	HUMAN29610	Q9NWZ8	151	197	ERHREERRRQQQLDAERLDSYVNADHDLYCNTRRSVEAPTERPGERR	46	287	371	84
14474	HUMAN29610	Q9NWZ8	60	138	LLPQSSYDNEAAYPQSFYDHHVAWQDYPCSSSHFRRSGQHPRYSSRIQASTKEDQALSKEEEMETESDAEVECDLSNME	78	175	275	100
14475	HUMAN29611	P23416	1	40	MNRQLVNILTALFAFFLETNHFRTAFCKDHDSRSGKQPSQ	39	90	176	86
14476	HUMAN29611	P23416	352	411	RRRQKRQNKEEDVTRESRFNFSGYGMGHCLQVKDGTAVKATPANPLPQPPKDGDAIKKKF	59	685	846	161
14477	HUMAN29612	Q8NB91	781	816	ESNFMQRCEVSKGKSSVVAAALSDRRENIHPYRKEL	35	999	1042	43
14478	HUMAN29613	Q8NHP6	277	312	ETLETISNEEQTPLLKKINPTESTSKAEENEKVDSK	35	359	428	69
14479	HUMAN29623	O43915	1	42	MYREWVVVNVFMMLYVQLVQGSSNEHGPVKRSSQSTLERSEQ	41	0	68	68
14480	HUMAN29625	P51813	152	207	LHTAVNEEKHRVPTFPDRVLKIPRAVPVLKMDAPSSSTTLAQYDNESKKNYGSQPP	55	259	343	84
14481	HUMAN29626	Q9BYF1	765	805	IRDRKKKNKARSGENPYASIDISKGENNPGFQNTDDVQTSF	40	1069	1187	118
14482	HUMAN29627	Q9HBJ8	164	222	SGIWQRRRKNKEPSEVDDAEDKCENMITIENGIPSDPLDMKGGHINDAFMTEDERLTPL	58	247	316	69
14483	HUMAN29631	Q15696	1	59	MAAPEKMTFPEKPSHKKYRAALKKEKRKKRRQELARLRDSGLSQKEEEEDTFIEEQQLE	58	6	106	100
14485	HUMAN29634	P30550	1	33	MALNDCFLLNLEVDHFMHCNISSHSADLPVNDD	32	139	248	109
14486	HUMAN29634	P30550	344	384	LIIRSHSTGRSTTCMTSLKSTNPSVATFSLINGNICHERYV	40	600	765	165
14487	HUMAN29635	A8MXT2	1	105	MPRGQASKRRAREKRRQARGEDQCLGGAQATAAEKEKLPSSSSPACQSPPQSFPNAGIPQESQRASYPSSPASAVSLTSSDEGAKGQKGESPNSFHGPSSSESTG	104	0	109	109
14489	HUMAN29639	Q96A49	219	336	AAQQQAAGKEEKSNGREQDLPLAEAVRPKTPPVVIKSQLKTQEDEEEISTSPGVSEFVSDAFDACNLNQEDLRKEMEQLVLDKKQEETAVLEEDSADWEKELQQELQEYEVVTESEKR	117	502	696	194
14490	HUMAN29640	Q9NUQ3	1	156	MATRVEEAARGRGGGAEEATEAGRGGRRRSPRQKFEIGTMEEAGICGLGVKADMLCNSQSNDILQHQGSNCGGTSNKHSLEEDEGSDFITENRNLVSPAYCTQESREEIPGGEARTDPPDGQQDSECNRNKEKTLGKEVLLLMQALNTLSTPEEKL	155	56	279	223
14492	HUMAN29643	Q8NFH8	142	272	SKNDGEIRFGNPAELHGTKVQIPYLTTEKNSFKRMDDEDKQQETQSPTMSPLASPPSSPPHYQRVPLSHGYSKLRSSAEQMHPAPYEARQPLVQPEGSSSGGPGTKPLRHQASLIRSFSVERELQDNSSYP	130	232	434	202
14494	HUMAN29645	Q9UN30	87	250	SKIQRFHARSLWTNHKRYGYKKHSYRLVKKLKLQKMKKNEVYETFSYPESYSPTLPVSRRENNSPSNLPRPSFCMEEYQRAELEEDPILSRTPSPVHPSDFSEHNCQPYYASDGATYGSSSGLCLGNPRADSIHNTYSTDHASAAPPSVTRSPVENDGYIEEGS	163	98	342	244
14497	HUMAN29647	Q8NDZ0	357	470	TETNVENNSQTVYYPALSGNTSAPYPASSYLPITSNFESGPQMSYGTMSYSTEMKNNCDQDDASASACLTPDFALLPLNILVKVDTNTENSVNTMNRSTLLDSDSGQDSSSSSV	113	392	552	160
14498	HUMAN29647	Q8NDZ0	580	655	GKSTPKTVRKNKKRTNRVASASADRNDQRGRDGGEGCSWMFQPMNNSKMREKRNLQPNSNAIPEGMREPSTDNPEE	75	666	746	80
14499	HUMAN29647	Q8NDZ0	768	799	AEARSQSLPAVTPPELEQESKPGDPDATDPST	31	858	890	32
14500	HUMAN29648	Q9UQR0	242	350	TSVPIVKNIAKTESSPSEASQHSMQSPQKTTLILPTQQVRRSSRIKPPGPTAVPKRSSSVKNITPRKKGPNSGKKEKPLPVICSTSAASLKSLTRDRGMLYKDVASGPC	108	693	906	213
14503	HUMAN29651	O14829	304	343	KMKSVLIPPTETNRDHDTDSKHNKVGVTFNAHGRIKTNGS	39	401	476	75
14504	HUMAN29652	P46019	629	668	DNASEGTFSPDSDSDLVGYLEDTCNQESQDELDHYINHLL	39	1612	1688	76
14505	HUMAN29652	P46019	996	1055	ERSGINRLRSEMKQMTRRFSADEQFFSVGQAASSSAHSSKSARSSTPSSPTGTSSSDSGG	59	2788	2988	200
14506	HUMAN29653	Q8IZP9	229	371	PEELEKLQCDLQDPIVCLADHPRGPPFSSSQSIPVVPRATVLSQVPKATSFAEPPDYSPVTHNVPSPIGEIQPLSPQPSAPIASSPAIDMPPQSETISSPMPQTHVSGTPPPVKASFSSPTVSAPANVNTTSAPPVQTDIVNT	142	410	649	239
14507	HUMAN29653	Q8IZP9	39	87	EEDTDNSSLSPPPAKLSVVSFAPSSNGTPEVETTSLNDVTLSLLPSNET	48	99	186	87
14508	HUMAN29653	Q8IZP9	903	966	ENSDWSKTATNGLKKQTVNQGVSSSSNSLQSSSNSTNSTTLLVNNDCSVHASGNGNASTERNGV	63	1354	1421	67
14509	HUMAN29653	Q8IZP9	982	1017	GKQHMFNEKEDSCNGKGRMALRRTSKRGSLHFIEQM	35	1436	1473	37
14511	HUMAN29656	Q6ZN16	1	57	MESGGGNAPAGALGAASESPQCPPPPGVEGAAGPAEPDGAAEGAAGGSGEGESGGGP	56	164	364	200
14513	HUMAN29657	Q96B97	61	98	KKDPLTNKAPEKPLHEVPSGNSLLSSETILRTNKRGER	37	158	221	63
14515	HUMAN29659	A2AJT9	679	711	RLRFTGPRGFITHKFRERLMRKKKEYTDVATGI	32	890	945	55
14516	HUMAN29662	P47813	113	144	AKINETDTFGPGDDDEIQFDDIGDDDEDIDDI	31	242	386	144
14517	HUMAN29663	P51812	1	44	MPLAQLADPWQKMAVESPSDSAENGQQIMDEPMGEEEINPQTEE	43	13	207	194
14518	HUMAN29664	Q8WXI2	1005	1034	TSNDPLSISSEVDVITSSLAHTHSYIETHV	29	1466	1501	35
14521	HUMAN29666	Q9UHP9	1	88	MNMSKQPVSNVRAIQANINIPMGAFRPGAGQPPRRKECTPEVEEGVPPTSDEEKKPIPGAKKLPGPAVNLSEIQNIKSELKYVPKAEQ	87	45	159	114
14522	HUMAN29667	O43462	108	140	DSPSSYSSSSSSSSSSSSSSSSSSSSSSSLHNE	32	311	385	74
14523	HUMAN29668	O15391	191	224	NDNNDQGAVGEGQAENPPDYSEYLKGKKLPPGGL	33	219	254	35
14524	HUMAN29668	O15391	1	58	MASNEDFSITQDLEIPADIVELHDINVEPLPMEDIPTESVQYEDVDGNWIYGGHNHPP	57	0	78	78
14525	HUMAN29668	O15391	69	174	TGYGDHDQEMLMLQTQEEVVGYCDSDNQLGNDLEDQLALPDSIEDEHFQMTLASLSASAASTSTSTQSRSKKPSKKPSGKSATSTEANPAGSSSSLGTRKWEQKQM	105	89	203	114
14526	HUMAN29671	P78562	1	48	MEAETGSSVETGKKANRGTRIALVVFVGGTLVLGTILFLVSQGLLSLQ	47	24	147	123
14528	HUMAN29673	Q86TM3	117	147	ESYNSESSVDNAASQTPIGRNLGRNDIVGEA	30	289	422	133
14529	HUMAN29673	Q86TM3	1	47	MSHWAPEWKRAEANPRDLGASWDVRGSRGSGWSGPFGHQGPRAAGSR	46	0	191	191
14530	HUMAN29674	Q96NR3	852	888	SKKKRKEKKNPENREEIECVEMVDIDSTRVVDQITTV	36	1023	1063	40
14531	HUMAN29676	Q13162	1	73	MEALPLLAATTPDHGRHRRLLLLPLLLFLLPAGAVQGWETEERPRTREEECHFYAGGQVYPGEASRVSVADHS	72	16	175	159
14532	HUMAN29678	Q9Y305	1	33	MRRAALRLCALGKGQLTPGRGLTQGPQNPKKQG	32	86	325	239
14533	HUMAN29683	Q96LI9	1	36	MNRSSNVPRKGILKSGTRSLQKVRRVHFANARNARS	35	18	110	92
14534	HUMAN29683	Q96LI9	252	332	KHQLRIVSEIRGPYLTVQPLYRPYKQQNQVKFLGRRSKQAQMKVEKMRKVYLAKEKNTSEVTEPKTGPSGTKDNYHLHSIF	80	330	431	101
14535	HUMAN29689	Q9Y5K3	1	57	MPVVTTDAESETGIPKSLSNEPPSETMEEIEHTCPQPRLTLTAPAPFADETNCQCQA	56	42	181	139
14536	HUMAN29689	Q9Y5K3	305	369	ERSSRMLQALSPKQSPVSSPTRSRSPSRSPSPTFSWLPLKTSPPSSPKAASASISSMSEGDEDEK	64	473	580	107
14537	HUMAN29693	Q96M61	1	103	MPRGQKSKLRAREKRHQARCENQDLGATQATVAEGESPSPAYLLFGDRPQNLPAAETPSIPEALQGAPSTTNAIAPVSCSSNEGASSQDEKSLGSSREAEGWK	102	0	121	121
14538	HUMAN29694	A0A0J9YX57	1	191	MPRGQKSKLRARGKRRETHDQPQGLTGPQATAEKQEESRSSSSSSAVCQGARRRSSGSSVPQESQGASPTGYPDAGASCSKYDVAAMGQDEKSPSTSRDASVSQESQGASPIGPPDAGISCSKSDEAAKGQNEKSPSTSRDASVPQESQGASPTGSPDADVSGSKSDVAAKGQDEESLSSSKRAAFFTTTD	190	0	191	191
14539	HUMAN29695	Q8N7X4	1	189	MPRGHKSKLRTCEKRQETNGQPQGLTGPQATAEKQEESHSSSSSSRACLGDCRRSSDASIPQESQGVSPTGSPDAVVSYSKSDVAANGQDEKSPSTSRDASVPQESQGASPTGSPDAGVSGSKYDVAANGQDEKSPSTSHDVSVPQESQGASPTGSPDAGVSGSKYDVAAEGEDEESVSASQKAIIFKR	188	0	196	196
14540	HUMAN29696	Q9BZ81	1	36	MTSAGVFNAGSDERANSRDEEYPCSSEVSPSTESSC	35	259	297	38
14541	HUMAN29696	Q9BZ81	243	275	EEESPSQRCSRNWHYCSGQDCLRAKFSSFSQPY	32	503	545	42
14543	HUMAN29699	Q96LZ2	1	106	MPRGQKSKLRAREKRRQARGGLEDLIDALDILEEEEESPPSASACLKDVFQSSLDGASNNPHGLREAQSTSTSATAASHTRHPEGVNDQMEERPICTQDLEATDSF	105	0	109	109
14544	HUMAN29700	A6NGE4	1	137	MSHQEGSTGGLPDLVTESLFSSPEEQSGVAAVTAASSDIEMAATEPSTGDGGDTRDGGFLNDASTENQNTDSESSSEDVELESMGEGLFGYPLVGEETEREEEEEEMEEEGEEEEQPRMCPRCGGTNHDQCLLDEDQ	136	0	194	194
14545	HUMAN29700	A6NGE4	560	600	HQPGWRDHGAEFPDEEELDESSSTSDTSEEEGQDRVQCIPS	40	764	819	55
14546	HUMAN29701	Q9NZN1	578	618	QGPFGELQTVSAISMAAATSTALATAHPDLRSTFHNTYHSQ	40	677	719	42
14547	HUMAN29702	O15479	1	107	MPRGQKSKLRAREKRRKARDETRGLNVPQVTEAEEEEAPCCSSSVSGGAASSSPAAGIPQEPQRAPTTAAAAAAGVSSTKSKKGAKSHQGEKNASSSQASTSTKSPS	106	0	120	120
14548	HUMAN29703	O15480	1	107	MPRGQKSTLHAREKRQQTRGQTQDHQGAQITATNKKKVSFSSPLILGATIQKKSAGRSRSALKKPQRALSTTTSVDVSYKKSYKGANSKIEKKQSFSQGLSSTVQSR	106	34	144	110
14549	HUMAN29704	O15481	1	105	MPRGQKSKLRAREKRQRTRGQTQDLKVGQPTAAEKEESPSSSSSVLRDTASSSLAFGIPQEPQREPPTTSAAAAMSCTGSDKGDESQDEENASSSQASTSTERSL	104	0	190	190
14550	HUMAN29704	O15481	316	346	GARPRVAARRGTTAMTSAYSRATSSSSSQPM	30	401	432	31
14551	HUMAN29705	P43366	1	104	MPRGQKSKLRAREKRRKAREETQGLKVAHATAAEKEECPSSSPVLGDTPTSSPAAGIPQKPQGAPPTTTAAAAVSCTESDEGAKCQGEENASFSQATTSTESSV	103	85	193	108
14552	HUMAN29705	P43366	316	347	QVRSSVRARRRTTATTFRARSRAPFSRSSHPM	31	404	437	33
14553	HUMAN29713	Q8N5C8	608	684	AMNNFYDNIEPGPVVPPKPSKKDSSDPCTIERKARRISVTSKVQADIHDTQAAAADEHRTGSTQSPRTQPRDEDYEG	76	1492	1680	188
14556	HUMAN29718	Q8NA70	478	543	SISSLFDFTPECRTTDQDQKIKKANECASRLMYGMELDDMDEVEFLRIKYWDRRRRAAPHSYSAQR	65	582	648	66
14557	HUMAN29720	Q6ZTR5	1450	1518	DGVLPPYQDAKPPSPASIKKTYTTSKFNDAEPAKGNLFIGVEVLPENLHLDESETSEEDHGSLEKEKYE	68	2785	2862	77
14558	HUMAN29720	Q6ZTR5	2021	2054	SPTKLTESRQYPKHDDDMSSSGSDTDQGCSDSPN	33	3690	3758	68
14559	HUMAN29720	Q6ZTR5	2493	2527	TTRRKHDDYEEDTDQDQALSCLDSITEQSSILDDA	34	4571	4624	53
14562	HUMAN29723	O14668	108	218	NKTRRQTVTEGHIPFPQHLNIITPPPPPDEVFDSSGLSPGFLGYVVGRSDSVSTRLSNCDPPPTYEEATGQVNLQRSETEPHLDPPPEYEDIVNSNSASAIPMVPVVTTIK	110	194	341	147
14563	HUMAN29727	P51811	401	444	QQKPCEPIGKEDLQSSRDRDETPSSSKTSPEPGQFLNAEDLCSA	43	537	671	134
14564	HUMAN29742	Q9NPA3	104	140	GVLHQPPPPAGSEEGSAWKSKDILVDLGHLEGADAGE	36	182	244	62
14565	HUMAN29742	Q9NPA3	1	85	MMQICDTYNQKHSLFNAMNRFIGAVNNMDQTVMVPSLLRDVPLADPGLDNDVGVEVGGSGGCLEERTPPVPDSGSANGSFFAPSR	84	0	164	164
14567	HUMAN29747	P0DKB6	107	136	GGGAEAKARDPPATAAAATSPGSQPPKQAS	29	121	163	42
14568	HUMAN29748	Q8TB03	288	319	GLTEDMQKLDSLCLHQKLDSQEPGRQTPDRKA	31	328	401	73
14569	HUMAN29749	O60244	1	45	MAPVQLENHQLVPPGGGGGGSGGPPSAPAPPPPGAAVAAAAAAAA	44	31	115	84
14571	HUMAN29750	Q93008	1592	1636	GSDVDDDMSGDEKQDNESNVDPRDDVFGYPQQFEDKPALSKTEDR	44	3107	3189	82
14572	HUMAN29750	Q93008	1	63	MTATTRGSPVGGNDNQGQAPDGQSQPPLQQNQTSSPDSSNENSPATPPDEQGQGDAPPQLEDE	62	27	252	225
14574	HUMAN29754	Q9GZU5	391	456	ELNLTTSSPGPSPEPAATTVSRFSSLLSKLLAPRVPVEEAANTTGGLANASLSDSLSSRGVGGAGR	65	518	592	74
14575	HUMAN29756	Q9UPC5	1	45	MRSHTITMTTTSVSSWPYSSHRMRFITNHSDQPPQNFSATPNVTT	44	0	69	69
14576	HUMAN29756	Q9UPC5	346	381	FQGEPSRSESTSEFKPGYSLHDTSVAVKIQSSSKST	35	403	449	46
14578	HUMAN29769	Q9H7Y0	1	34	MEPQLGPEAAALRPGWLALLLWVSALSCSFSLPA	33	31	81	50
14579	HUMAN29774	Q2M3X9	62	222	PGDESWMADGGTPVRTCAGEDRPEVWEVDEQIDHYKESQDKFLWQAAFIGKETLKDESGQECKICRKIIYLNTDFVSVKQRLPKYYSWERCSKHHLNFLGQNRSYVRKKDDGCKAYWKVCLHYNLHKAQPAERFFDPNQRGKALHQKQALRKSQRSQTGEK	160	62	225	163
14580	HUMAN29776	Q9NS84	1	98	MKGRRRRRREYCKFALLLVLYTLVLLLVPSVLDGGRDGDKGAEHCPGLQRSLGVWSLEAAAAGEREQGAEARAAEEGGANQSPRFPSNLSGAVGEAVS	97	0	127	127
14581	HUMAN29778	O75695	1	31	MGCFFSKRRKADKESRPENEEERPKQYSWDQ	30	69	174	105
14582	HUMAN29779	Q92613	1	38	MKRHRPVSSSDSSDESPSTSFTSGSMYRIKSKIPNEHK	37	84	131	47
14583	HUMAN29779	Q92613	367	402	QNRQKLGEAEYPHHRAKEQSQAKSEKTSLRAQKLRE	35	517	556	39
14585	HUMAN29781	Q9NX14	1	72	MAAGLFGLSARRLLAAAATRGLPAARVRWESSFSRTVVAPSAVAGKRPPEPTTPWQEDPEPEDENLYEKNPD	71	66	141	75
14587	HUMAN29789	P51784	20	73	PEVAVEGRLPISHSCVGCRRERTAMATVAANPAAAAAAVAAAAAVTEDREPQHE	53	60	176	116
14589	HUMAN29789	P51784	933	963	ARRLLSPAGSSGAPASPACSSPPSSEFMDVN	30	1943	2192	249
14592	HUMAN29802	P51508	75	272	QGEGPWTLEGEAPHQSCSDGKFGIKPSQRRISGKSTFHSEMEGEDTRDDSLYSILEELWQDAEQIKRCQEKHNKLLSRTTFLNKKILNTEWDYEYKDFGKFVHPSPNLILSQKRPHKRDSFGKSFKHNLDLHIHNKSNAAKNLDKTIGHGQVFTQNSSYSHHENTHTGVKFCERNQCGKVLSLKHSLSQNVKFPIGEK	197	95	296	201
14594	HUMAN29812	Q16384	73	188	NKQATDFQGNDFDNDHNRRIQVEHPQMTFGRLHRIIPKIMPKKPAEDENDSKGVSEASGPQNDGKQLHPPGKANISEKINKRSGPKRGKHAWTHRLRERKQLVIYEEISDPEEDDE	115	113	261	148
14595	HUMAN29813	Q99909	72	188	RNKRVTDFQGNDFDNDPNRGNQVQRPQMTFGRLQGIFPKIMPKKPAEEGNVSKEVPEASGPQNDGKQLCPPGKPTTSEKINMISGPKRGEHAWTHRLRERKQLVIYEEISDPEEDDE	116	111	230	119
14596	HUMAN29815	O60224	72	188	RSKRAADFHGNDFGNDRNHRNQVERPQMTFGSLQRIFPKIMPKKPAEEENGLKEVPEASGPQNDGKQLCPPGNPSTLEKINKTSGPKRGKHAWTHRLRERKQLVVYEEISDPEEDDE	116	129	254	125
14597	HUMAN29817	Q8WUX1	1	62	MELQDPKMNGALPSDAVGYRQEREGFLPSRGPAPGSKPVQFMDFEGKTSFGMSVFNLSNAIM	61	85	225	140
14598	HUMAN29819	Q9UET6	255	329	EGGSEYKYTPPTQPPISPPYQEACTLKRKGQLAKEIRPQDCPISRVDTFPQPLAAPQCHTLLAPEMEDNEMSCSP	74	1037	1208	171
14599	HUMAN29823	Q3MII6	1	32	MATASGASDLSGSGAPPPGVGAQAAAAAEEEE	31	93	176	83
14602	HUMAN29828	P42768	149	236	NQRQSGDRRQLPPPPTPANEERRGGLPPLPLHPGGDQGGPPVGPLSLGLATVDIQNPDITSSRYRGLPAPGPSPADKKRSGKKKISKA	87	209	346	137
14603	HUMAN29830	A6NK44	1	30	MLRHLPSRLPVKMWGRTLEKQSWRDSSQTP	29	7	79	72
14604	HUMAN29833	Q9UBN7	1	81	MTSTGQDSTTTRQRRSRQNPQSPPQDSSVTSKRNIKKGAVPRSIPNLAEVKKKGKMKKLGQAMEEDLIVGLQGMDLNLEAE	80	123	327	204
14606	HUMAN29834	Q7Z444	1	36	MELPTKPGTFDLGLATWSPSFQGETHRAQARRRDVG	35	0	38	38
14607	HUMAN29835	Q9UHG2	147	187	PAALAAQLVPAPVPAAALRPRPPVYDDGPAGPDAEEAGDET	40	165	210	45
14608	HUMAN29835	Q9UHG2	1	83	MAGSPLLWGPRAGGVGLLVLLLLGLFRPPPALCARPVKEPRGLSAASPPLAETGAPRRFRRSVPRGEAAGAVQELARALAHLL	82	0	100	100
14611	HUMAN29845	Q96G74	390	512	DWEATNEAIEEQVARESYLQWLRDQEKQARQVRGPSQPRKASATCSSATAAASSGLEEWTSRSPRQRSSASSPEHPELHAELGMKPPSPGTVLALAKPPSPCAPGTSSQFSAGADRATSPLVS	122	589	817	228
14615	HUMAN29848	Q4V328	809	841	LHKDMEVLSQEIVRLSKECVGPPDPDLEPGETS	32	1107	1199	92
14616	HUMAN29857	Q92917	190	238	VVKPRVNSLRPKGLGLGANLTEAQALTPTGPSRMPRPDEEQEKDKEDQP	48	347	445	98
14618	HUMAN29857	Q92917	300	355	NTLDLRQQNGTASSRKTLWNQELYIQQDNSERKRKHLPDRQDGPAAKSEKAAPRSQ	55	507	715	208
14619	HUMAN29859	Q9H6Y5	211	334	THPGKPRGVGEPRKGVVPSWPDRSPDPGGPEVTGSRSSSTSLVQHPPSRTTLKKTRGSPEPSPEAAADGPTVSPPERRAEDPNDQIPGSPGPWLVPSEERLSRALGVRGAAQLAQEMAAGRRRH	123	278	415	137
14620	HUMAN29859	Q9H6Y5	68	119	SVLDSADIEVTDSRLPHATIVDHRPQHRWLETCNAPPQLIQGKARSAPKPSQ	51	122	186	64
14622	HUMAN29864	P08247	230	313	APFLRAPPGAPEKQPAPGDAYGDAGYGQGPGGYGPQDSYGPQGGYQPDYGQPAGSGGSGYGPQGDYGQQGYGPQGAPTSFSNQM	83	310	423	113
14624	HUMAN29866	O60840	1	66	MSESEGGKDTTPEPSPANGAGPGPEWGLCPGPPAVEGESSGASGLGTPKRRNQHSKHKTVAVASAQ	65	32	122	90
14625	HUMAN29866	O60840	413	499	ELDMEDPSADDNLGSMAEEGRAGHRPQLAELTNRRRGRLRWFSHSTRSTHSTSSHASLPASDTGSMTETQGDEDEEEGALASCTRCL	86	537	639	102
14628	HUMAN29871	Q6ZSY5	1	32	MARTAPVEPPLRHSAPPSPAAGEPRTSVEAAV	31	0	32	32
14630	HUMAN29871	Q6ZSY5	63	102	GKMAAAAGQDGGGGGGADEDDDGEDGDEGEEEEEACPEPS	39	62	104	42
14631	HUMAN29875	Q4V321	1	117	MSWRGRSTYYWPRPRRYVEPPEMIGPMRPEQFSDEVEPATPEEGEPATQRQDPAAAQEGEDEGASAGQGPKPEADSQEQGHPQTGCECEDGPDGQEMDPPNPEEVKTPEEGEKQSQC	116	0	160	160
14632	HUMAN29883	A6NDE8	1	117	MSWRGRSTYYWPRPRRYVQPPEMIGPMRPEQFSDEVEPATPEEGEPATQCQDPAAAQKGEDEGASAGQGPKPEAHSQEQGHPQTGCECEDGPDGQEMDPPNPEEVKTPEEGEKQSQC	116	0	160	160
14633	HUMAN29886	O75459	1	146	MGFLRRLIYRRRPMIYVESSEESSDEQPDEVESPTQSQDSTPAEEREDEGASAAQGQEPEADSQELVQPKTGCELGDGPDTKRVCLRNEEQMKLPAEGPEPEADSQEQVHPKTGCERGDGPDVQELGLPNPEEVKTPEEDEGQSQP	145	1	163	162
14634	HUMAN29887	O60829	1	102	MSARVRSRSRGRGDGQEAPDVVAFVAPGESQQEEPPTDNQDIEPGQEREGTPPIEERKVEGDCQEMDLEKTRSERGDGSDVKEKTPPNPKHAKTKEAGDGQP	101	38	153	115
14635	HUMAN29891	Q5JQC9	172	204	PQNLRLEMTAAKNTNNNQSPSAPPAKPPSTQRA	32	196	229	33
14636	HUMAN29891	Q5JQC9	257	324	NKERISPRTPASKIASEMAYEAVELTAAEMRGTGEESREGGQKSFLYSELSNKSKSGDKQMSQRESKE	67	283	383	100
14639	HUMAN29893	Q5KSL6	1225	1271	GKKKVEEERKPKSGQSVQSFIGNLWHRRHREDEAEGDDPLTPSRSQL	46	1637	1689	52
14641	HUMAN29893	Q5KSL6	726	839	AATSAEKSATEYADSSKADRKPFIPQIDHIAKCKLELATKAQSLQKSLKLIIFQVEQALDEESRQTISVKNFSSTFFLEDDPEDINQTSPRRRSRRGTLSSISSLKSEDLDNLN	113	1003	1216	213
14643	HUMAN29895	O95972	1	63	MVLLSILRILFLCELVLFMEHRAQMAEGGQSSIALLAEAPTLPLIEELLEESPGEQPRKPRLL	62	80	202	122
14644	HUMAN29895	O95972	247	287	KFLPRGMEEFMERESLLRRTRQADGISAEVTASSSKHSGPE	40	452	539	87
14646	HUMAN29899	A0A0U1RRI6	1	108	MGVAGWARAPEAAGAMGRVRNRATAQRRRRKRPGDPPAACAAIAVMGASRAQCPRVQVGVGSHAAAKRWLGKLRRKRRWRRAREAGSRDPLPSAPLPDPPAPAESPKE	107	0	131	131
14647	HUMAN29900	A0A0U1RR11	1	95	MGRVRNRATAQRRRRKRPGDPPAACAAIAVTGASRAQCPRVQVGVGSHAAAKRWLGRWRRKRRWRRVRKAGPRDLLPSAPTPDPPGPAPSPKDLD	94	0	106	106
14650	HUMAN29908	Q96GT9	1	111	MSWRGRSTYRPRPRRSLQPPELIGAMLEPTDEEPKEEKPPTKSRNPTPDQKREDDQGAAEIQVPDLEADLQELCQTKTGDGCEGGTDVKGKILPKAEHFKMPEAGEGKSQV	110	0	124	124
14651	HUMAN29911	Q7RTT5	73	188	NTGATDLQGNDFDNDRNQGNQVERPQMTFCRLQRIFPKIMPKKPAEEGNDSKGVPEASGSQNDGKHLCPPGKPSTSEKINKTSGPKRGKHAWTHRLRERKQLVIYEEISDPEEDDE	115	72	188	116
14652	HUMAN29914	Q5MJ07	1	46	MEKPTSSTNGEKRKSPCDSNSKNDEMQETPNRDLVLEPSLKKMKTS	45	0	47	47
14653	HUMAN29916	Q8WWM1	1	108	MSWRGRRYRPRRCLRLAQLVGPMLEPSVPEPQQEEPPTESQDHTPGQKREDDQGAAEIQVPNLEADLQELSQSKTGDECGDSPDVQGKILPKSEQFKMPEGGEGKPQL	107	20	134	114
14654	HUMAN29917	Q8WTP9	1	111	MIWRGRSTYRPRPRRSVPPPELIGPMLEPGDEEPQQEEPPTESRDPAPGQEREEDQGAAETQVPDLEADLQELSQSKTGGECGNGPDDQGKILPKSEQFKMPEGGDRQPQV	110	27	140	113
14655	HUMAN29918	Q8NDB6	1	121	MDPLQKRNPASPSKSSPMTAAETSQEGPAPSQPSYSEQPMMGLSNLSPGPGPSQAVPLPEGLLRQRYREEKTLEERRWERLEFLQRKKAFLRHVRRRHRDHMAPYAVGREARISPLGDRSQ	120	21	146	125
14656	HUMAN29920	Q9NS66	215	277	RKMKPVQMVPAISQNWTFHGPGATGQAAANWIAGFGRGPMPPTLLGIRQNGHAASRRLLGMDE	62	284	392	108
14657	HUMAN29921	Q9H2G4	1	210	MDRPDEGPPAKTRRLSSSESPQRDPPPPPPPPPLLRLPLPPPQQRPRLQEETEAAQVLADMRGVGLGPALPPPPPYVILEEGGIRAYFTLGAECPGWDSTIESGYGEAPPPTESLEALPTPEASGGSLEIDFQVVQSSSFGGEGALETCSAVGWAPQRLVDPKSKEEAIIIVEDEDEDERESMRSSRRRRRRRRRKQRKVKRESRERNAE	209	0	240	240
14659	HUMAN29922	P41229	1316	1418	QAEPRPEEPPNYPAAPASDPLREGSGKDMPKVQGLLENGDSVTSPEKVAPEEGSGKRDLELLSSLLPQLTGPVLELPEATRAPLEELMMEGDLLEVTLDENHS	102	1865	2069	204
14660	HUMAN29922	P41229	1427	1560	QPPDLERIRTLLELEKAERHGSRARGRALERRRRRKVDRGGEGDDPAREELEPKRVRSSGPEAEEVQEEEELEEETGGEGPPAPIPTTGSPSTQENQNGLEPAEGTTSGPSAPFSTLTPRLHLPCPQQPPQQQL	133	2077	2266	189
14664	HUMAN29929	Q7Z6Z7	1688	1739	LNKNSKNSNGQELEKTLEESKEMDIKRKENKGNDTPLALESTNTEKETSLEE	51	4363	4491	128
14666	HUMAN29929	Q7Z6Z7	2192	2246	STSSFYSSATAKTQHNGMNNIIRLFLKKGLVNDLARVPHSLDLSSPNMANTVNAA	54	5381	5459	78
14669	HUMAN29929	Q7Z6Z7	3029	3060	IQEEVLAQQRAEQQRRELAQNASSDTPMDPVT	31	8483	8605	122
14670	HUMAN29929	Q7Z6Z7	3134	3172	LSGNRGVQYTRLAVQRGGTFQMGGSSSHNRPSGSNVDTL	38	8713	8806	93
14671	HUMAN29929	Q7Z6Z7	3238	3281	LCIETPKLTTSEEKGKKSSKSCGSSSHENRPLDLLHKMESKSSN	43	8885	8964	79
14672	HUMAN29929	Q7Z6Z7	3305	3335	RSGGRKHTEKHASGGSTVHIHPQAAPVVCRH	30	9011	9095	84
14674	HUMAN29929	Q7Z6Z7	3595	3706	EEGLEDAANVLLQLSRGDSGTRDTVLKLLLNGARHLGYTLCKQIGTLLAELREYNLEQQRRAQCETLSPDGLPEEQPQTTKLKGKMQSRFDMAENVVIVASQKRPLGGRELQ	111	9863	10068	205
14676	HUMAN29929	Q7Z6Z7	3894	3945	RESKPPVRDTRESQLAHIKDEPPPLSPAPLTPATPSSLDPFFSREPSSMHIS	51	10562	10721	159
14677	HUMAN29929	Q7Z6Z7	709	759	GTATAPPPRSNHAAEEASSEDEEEEEVQAMQSFNSTQQNETEPNQQVVGTE	50	2142	2315	173
14678	HUMAN29929	Q7Z6Z7	969	1037	ADMQKLVPKDEKAGTTQGGKRSDGEQDGAAGSMDASTQGLLEGIGLDGDTLAPMETDEPTASDSKGKSK	68	2706	2869	163
14679	HUMAN29931	Q9UPP1	1	38	MNRSRAIVQRGRVLPPPAPLDTTNLAGRRTLQGRAKMA	37	12	58	46
14682	HUMAN29933	Q9NX05	911	962	PTFVPPMVPSLYPVSLYSRAMGSMPLPPQGRSRGFAGLHPIPPQGGKLEIAG	51	1315	1497	182
14684	HUMAN29934	Q9BYP7	1	134	MATDSGDPASTEDSEKPDGISFENRVPQVAATLTVEARLKEKNSTFSASGETVERKRFFRKSVEMTEDDKVAESSPKDERIKAAMNIPRVDKLPSNVLRGGQEVKYEQCSKSTSEISKDCFKEKNEKEMEEEAE	133	0	172	172
14686	HUMAN29935	Q969E8	117	181	QRKCKVTATALKTARETDEDEDDVDSVEEMEVTATNDGAATDGVCPQPEPSDPDAQTIKEEDIVE	64	395	593	198
14688	HUMAN29936	P98174	923	961	DTFCPGPTLSEDREMEEAPVAALGATAEPPESPQTRDKT	38	1270	1321	51
14689	HUMAN29937	Q9NVN8	1	114	MMKLRHKNKKPGEGSKGHKKISWPYPQPAKQNGKKATSKVPSAPHFVHPNDHANREAELKKKWVEEMREKQQAAREQERQKRRTIESYCQDVLRRQEEFEHKEEVLQELNMFPQ	113	77	319	242
14690	HUMAN29938	Q6UXX5	1	30	MSGWRYLICVSFLLTILLELTYQGPPVPAS	29	0	85	85
14692	HUMAN29938	Q6UXX5	940	981	FWHQYDLLPGPQRTRQVLGPSRPGVPTMSLLNSSRPTPEGSP	41	1159	1245	86
14694	HUMAN29939	Q9UNF1	487	606	AEAAAEAKARAEIRARMGIGLGSENAAGPCNWDEADIGPWAKARIQAGAEAKAKAQESGSASTGASTSTNNSASASASTSGGFSAGASLTATLTFGLFAGLGGAGASTSGSSGACGFSYK	119	502	636	134
14695	HUMAN29942	P16118	1	37	MSPEMGELTQTRLQKIWIPHSSGSSRLQRRRGSSIPQ	36	149	330	181
14698	HUMAN29945	Q5JRK9	1	111	MSEHVRTRSQSSERGNDQESSQPVGSVIVQEPTEEKRQEEEPPTDNQGIAPSGEIENEGAPAVQGPDMEAFQQELALLKIEDEPGDGPDVREGIMPTFDLTKVLEAGDAQP	110	19	130	111
14699	HUMAN29946	Q7Z2X7	1	111	MSELLRARSQSSERGNDQESSQPVGSVIVQEPTEEKRQEEEPPTDNQGIAPSGEIENQAVPAFQGPDMEAFQQELALLKIEDEPGDGPDVREGIMPTFDLTKVLEAGDAQP	110	18	130	112
14700	HUMAN29950	Q96GU1	1	130	MQAPWAGNRGWAGTREEVRDMSEHVTRSQSSERGNDQESSQPVGPVIVQQPTEEKRQEEEPPTDNQGIAPSGEIKNEGAPAVQGTDVEAFQQELALLKIEDAPGDGPDVREGTLPTFDPTKVLEAGEGQL	129	0	151	151
14701	HUMAN29951	Q5JUK9	1	113	MSGHQRTRSRSRERRDDQDSNHPVGAVVAQELPSNDQLQQEEPPIESQDYTPGQERDEGALDFQVLGLAAYLWELTRSKTGGERGDGPNVKGEFLPNLEPVKIPEAGEGQPSV	112	14	128	114
14703	HUMAN29953	Q70EK9	313	356	TSTSTDVSHQQFMTSGFEDKQSTCETKEQEPKLVKPKKKRRKKS	43	572	688	116
14704	HUMAN29954	Q6PJQ5	93	188	QEAPKPSGKEDLTNISPFPQPPQKDEGSNCSEDKVVESLPSSSSEQSPLQKQGIHSPSDFELTEEEAEEPDDNSLQSPEMKCYQSQKLWQINNQEK	95	159	310	151
14705	HUMAN29955	Q5VZM2	1	37	MEESDSEKTTEKENLGPRMDPPLGEPEGSLGWVLPNT	36	21	89	68
14708	HUMAN29958	A0A0U1RRE5	1	68	MGDQPCASGRSTLPPGNAREAKPPKKRCLLAPRWDYPEGTPNGGSTTLPSAPPPASAGLKSHPPPPEK	67	0	68	68
14709	HUMAN29959	Q5JUX0	1	46	MKTPFGKAAAGQRSRTGAGHGSVSVTMIKRKAAHKKHRSRPTSQPR	45	90	136	46
14710	HUMAN29961	Q9BPZ2	1	46	MKTPNAQEAEGQQTRAAAGRATGSANMTKKKVSQKKQRGRPSSQPR	45	25	81	56
14711	HUMAN29962	Q99865	1	48	MKTPNAQEAEGQQTRAAAGRATGSANMTKKKVSQKKQRGRPSSQPRRN	47	0	48	48
14712	HUMAN29967	Q56A73	1	38	MSPPTVPPMGVDGVSAYLMKKRHTHRKQRRKPTFLTRR	37	8	48	40
14714	HUMAN29973	Q96EF0	540	704	VRDEPPEEICTCSQLGNILSQHLGSPLTNPLGFMGINGDLNTLMENGTLSREGGLRAQMDQVKSQGADLHHNCCEIVGSLRAINISGDVGISEAMGISGDMCTFEATGFSKDLGICGAMDISEATGISGNLGISEARGFSGDMGILGDTGISKASTKEADYSKHQ	164	745	985	240
14715	HUMAN29975	Q5HYM0	151	187	KGDSEGQINLSLLVPRGPSSREIASPELSLEDEIDNS	36	356	406	50
14716	HUMAN29975	Q5HYM0	1	104	MTATAEVETPKMEKSASKEEKQQPKQDSTEQGNADSEEWMSSESDPEQISLKSSDNSKSCQPRDGQLKKKEMHSKPHRQLCRSPCLDRPSFSQSSILQDGKLDL	103	145	310	165
14717	HUMAN29975	Q5HYM0	542	600	DHGYYSMLGDFSKLNINSMHNREYYMAEVDRGVYARNPNLCSDSRVSHTRNDNYSSYNN	58	776	844	68
14718	HUMAN29975	Q5HYM0	667	726	STGTRSSCPADYPMPPNIHPGATPQPGRALVMTRMDSISDSRLYESNPVRQRRPPLCREQ	59	921	985	64
14719	HUMAN29976	Q9Y4W2	195	256	ETWELEEFREGIEEEDQEEDKNIVVDDITEQKPEPQDDGKSTESDVKADGDSKGSEEVDSHC	61	244	315	71
14720	HUMAN29976	Q9Y4W2	511	624	GENSLVQEGSEASPIGKSPYTLDSLYWSVKPASSSFGSEAKAQQQEEQGSVNDVKEEEKEEKEVLPDQVEEEEENDDQEEEEEDEDDEDDEEEDRMEVGPFSTGQESPTAENAR	113	586	803	217
14721	HUMAN29976	Q9Y4W2	661	714	DPAELMLENYDTMYLLDQPVLEQRLEPSTCKTDTLGLSCGVGSGNCSNSSSSNF	53	840	908	68
14722	HUMAN29978	P26038	368	516	QTRRALELEQERKRAQSEAEKLAKERQEAEEAKEALLQASRDQKKTQEQLALEMAELTARISQLEMARQKKESEAVEWQQKAQMVQEDLEKTRAELKTAMSTPHVAEPAENEQDEQDENGAEASADLRADAMAKDRSEEERTTEAEKNE	148	553	718	165
14724	HUMAN29982	P10275	624	663	GMTLGARKLKKLGNLKLQEEGEASSTTSPTEETTQKLTVS	39	786	828	42
14726	HUMAN29984	Q96EC8	1	51	MAEAEESPGDPGTASPRPLFAGLSDISISQDIPVEGEITIPMRSRIREFDS	50	55	269	214
14727	HUMAN29986	P98172	166	297	QDPNAVTPEQLTTSRPSKEADNTVKMATQAPGSRGSLGDSDGKHETVNQEEKSGPGASGGSSGDPDGFFNSKVALFAAVGAGCVIFLLIIIFLTVLLLKLRKRHRKHTQQRAAALSLSTLASPKGGSGTAGT	131	196	399	203
14729	HUMAN29988	Q8NG27	1	112	MGQESSKPVWPNPTGGYQSNTGRRYGRRHAYVSFRPPTSQRERIASQRKTNSEVPMHRSAPSQTTKRSRSPFSTTRRSWDDSESSGTNLNIDNEDYSRYPPREYRASGSRRG	111	0	165	165
14730	HUMAN29989	O75949	347	472	LDTSPKRLETKCCDVQWVSCEAKKKKFKESEAPKTHQQQFHHSYFHHYHQQYHHYHPHHDPPGRVSNKPALLPVSGGSRLSPSRIRLCVLVLMLLHTVVSFSSNQGGGGLGLETLPALEEGLTREE	125	489	625	136
14731	HUMAN29989	O75949	67	183	ARPRARELSSAMRPPWGAGRERQPVPPRAVLPLPPPPPGEPSAPPGTCGPRYSNLTKAAPAAGSRPVCGGVPEPTGLDAACTKLQSLQRLFEPTTPAPPLRPPDSLSRAPAEFPSAK	116	101	315	214
14732	HUMAN29995	Q7L8S5	55	121	MAQKHRQELEKFQDDSSIESVVEDLAKMNLENRPPRSSKAHRKRERMESEERERQESIFQAEMSEHL	66	163	323	160
14733	HUMAN29996	P78318	281	339	PDQGIAKAAPEEFRKAAQQQEEQEEKEEEDDEQTLHRAREWDDWKDTHPRGYGNRQNMG	58	967	1104	137
14734	HUMAN29997	Q6ZPD8	1	32	MAFFSRLNLQEGLQTFFVLQWIPVYIFLGAIP	31	21	190	169
14735	HUMAN29998	Q58HT5	1	37	MAHSKQPSHFQSLMLLQWPLSYLAIFWILQPLFVYLL	36	177	255	78
14736	HUMAN29999	P51582	322	365	GGGKPQPRTAASSLALVSLPEDSSCRWAATPQDSSCSTPRADRL	43	363	424	61
14737	HUMAN30002	Q5EBL8	1	39	MDSRIPYDDYPVVFLPAYENPPAWIPPHERVHHPDYNNE	38	40	81	41
14741	HUMAN30008	Q8WY07	472	524	LSGQIVYVCSSLLAVLLTALCLVLAQWSVPLLSGDLLWTAVVVLLLLLIIGII	52	1367	1445	78
14743	HUMAN30010	P98177	1	100	MDPGNENSATEAAAIIDLDPDFEPQSRPRSCTWPLPRPEIANQPSEPPEVEPDLGEKVHTEGRSEPILLPSRLPEPAGGPQPGILGAVTGPRKGGSRRNA	99	5	194	189
14744	HUMAN30011	A6NEN9	115	183	ALERRRIQMLKMKEAKKVVIIEPPASVPSKQSGRSDKKKSTRKSPTFRNRPDFRKNKGRQLNKTTKQKK	68	122	230	108
14745	HUMAN30012	P31785	338	369	KGGALGEGPGASPCNQHSPYWAPPCYTLKPET	31	443	499	56
14746	HUMAN30014	Q93074	1441	1474	GHVLKAAGEELEKGQHLGSSSRKERDRQKQKSMS	33	3191	3300	109
14749	HUMAN30015	Q9NZ94	158	197	KECARKPNKKICRKGGSGAKKQGEDLADNDGDEDEDIRDS	39	450	523	73
14750	HUMAN30015	Q9NZ94	1	33	MWLRLGPPSLSLSPKPTVGRSLCLTLWFLSLAL	32	47	124	77
14751	HUMAN30015	Q9NZ94	639	702	HYTSTTTKVPPPDTTHSSHITRRPNGKTWSTKRPAISPAYSNENAQGSWNGDQDAGPLLVENPR	63	1121	1274	153
14752	HUMAN30015	Q9NZ94	734	806	DKRRQEPLRQPSPQRGAGAPELGAAPEEELAALQLGPTHHECEAGPPHDTLRLTALPDYTLTLRRSPDDIPLM	72	1336	1468	132
14753	HUMAN30015	Q9NZ94	818	848	LVGLQTLHPYNTFAAGFNSTGLPHSHSTTRV	30	1498	1665	167
14754	HUMAN30016	P08034	222	283	QRRSNPPSRKGSGFGHRLSPEYKQNEINKLLSEQDGSLKDILRRSPGTGAGLAEKSDRCSAC	61	235	304	69
14755	HUMAN30018	Q15233	1	66	MQSNKTFNLEKQNHTPRKHHQHHHQQQHHQQQQQQPPPPPIPANGQQASSQNEGLTIDLKNFRKPG	65	59	250	191
14756	HUMAN30018	Q15233	305	392	HEHQVMLMRQDLMRRQEELRRMEELHNQEVQKRKQLELRQEEERRRREEEMRRQQEEMMRRQQEGFKGTFPDAREQEIRMGQMAMGGA	87	493	656	163
14757	HUMAN30018	Q15233	401	471	MPPAPVPAGTPAPPGPATMMPDGTLGLTPPTTERFGQAATMEGIGAIGGTPPAFNRAAPGAEFAPNKRRRY	70	665	825	160
14758	HUMAN30019	Q9UKP3	307	347	DALAKKARAGVVLEMDEEESDDSDDDLSWTEEEEEEEAMGE	40	383	531	148
14759	HUMAN30019	Q9UKP3	65	113	CAEKLPEAPQPEGPATSSSLQEQKPLNVIPKSAETLRRERPKSELPLKL	48	82	144	62
14760	HUMAN30020	P21675	1	32	MGPGCDLLLRTAATITAAAIMSDTDSDEDSAG	31	0	60	60
14763	HUMAN30028	Q5HYW2	1	35	MPFYRRTVVPQRLCPRNPPQQLAELRDVSHLAALS	34	0	37	37
14765	HUMAN30029	Q5HYW3	1	150	MSEASGNLNSLRMANVALREELNALRGENANLGLQLGRALAEVNSLRGNVSSYIRWPVPIVPVLAEENLEFALSEIEVIPGGELPFLCRPPPRAEPDCISDDLLINVIQDRSTPDGPADPPLLPIPPPPALPPPASKEPPPQPPLAPLER	149	0	163	163
14766	HUMAN30029	Q5HYW3	315	493	KPIPLPGVRNIIFPFAPSPNEEESEDEEYYSEDEDQEARRHRLHSKDQRKRMRAFQQEMKEKEEEEMKKEEEMKKKEEKEEEEEEEMKQKEEEEEIRNKNEEEGESKDEEDEDEDGGQKPEGEPQQDPGTEETYGEVEEEPLDEAQDDDLDELMEMEPTFVHASSQTSGPTSGYHAENF	178	327	566	239
14768	HUMAN30040	Q5HYR2	1	192	MAAPPKAPIRVRNLTIRAGALTGKENNMLQPETHIFTAPEEGSSQGALLLGQAPEPLSLPCTPVTLEQQLVSPSGDPHRAPALPSICSTLILQPCATLDPLLLQPQVPKVSDQALVSAHSEWQRKLEAAEALLTLRNSAQAPPDSISLHQPCNPPAPAGDKGFQPPSPSLRPRPASSISLPIGHLGCISLLS	191	41	291	250
14769	HUMAN30048	A6NFF2	1	36	MMEGLGEHSTAGEMGPLLGAVAATASPQSLMEYSSD	35	0	36	36
14770	HUMAN30049	Q9ULW6	163	237	EEECEYKSDSEDCDDEEMCHEEMYGNEEGMVHEYVDEDDGYEDYYYDYAVEEEEEEEEEDDIEATGEENKEEEDP	74	175	285	110
14771	HUMAN30049	Q9ULW6	1	94	MAESENRKELSESSQEEAGNQIMVEGLGEHLERGEDAAAGLGDDGKCGEEAAAGLGEEGENGEDTAAGSGEDGKKGGDTDEDSEADRPKGLIGY	93	0	102	102
14772	HUMAN30050	O14627	226	284	AKERKMIKKKISQFENSGGSVQSDSDSISPGELPNTFFTTPSAVRGFQPIEIQQVIVSE	58	252	317	65
14773	HUMAN30051	Q5VXU3	1	75	MSILLPNMAEFDTISELEEEEEEEAATSSSSPSSSSSVSGPDDDEEDEEEEEEEEEEEEEEEEEEEEEAPPPPRV	74	34	128	94
14774	HUMAN30052	Q8WW36	1	65	MSSKDFFACGHSGHWARGCPRGGAGGRRGGGHGRGSQCGSTTLSYTCYCCGESGRNAKNCVLLGN	64	14	174	160
14776	HUMAN30053	P36021	505	539	FKKEQRDSSKDKMLAPDPDPNGELLPGSPNPEEPI	34	971	1066	95
14778	HUMAN30056	Q5QGS0	1322	1414	NIASGMADVQRFMMASIEPLWEPMEHHGDPNIFYSPESNSLKLKTLKILAGTPQESKKKINSGSQGATKNHRSIKGVSKSNGKTAIGDPGRAN	92	1458	1558	100
14779	HUMAN30056	Q5QGS0	1433	1474	NMSTLGNNGPTHKKLYRHKSSSKALRDEKCKGKHMEREQVHK	41	1578	1620	42
14781	HUMAN30058	Q96BW1	1	103	MATELQCPDSMPCHNQQVNSASTPSPEQLRPGDLILDHAGGNRASRAKVILLTGYAHSSLPAELDSGACGGSSLNSEGNSGSGDSSSYDAPAGNSFLEDCELS	102	3	176	173
14782	HUMAN30061	Q96MV8	300	337	MNESQNPLLANEETWEDNEDDNQDYPEGSSSLAVETET	37	803	922	119
14783	HUMAN30062	Q8TD90	1	83	MSLVSQNARHCSAEITADYGDGRGEIQATNASGSPTSMLVVDAPQCPQAPINSQCVNTSQAVQDPNDLEVLIDEQSRRLGALR	82	0	86	86
14784	HUMAN30063	Q9BVG4	163	233	QDKEGEKGVNNGGEKRADSGEEENTKNGGEKGADSGEEKEEGINREDKTDKGGEKGKEADKEINKSGEKAM	70	235	334	99
14786	HUMAN30066	O43320	1	50	MAEVGGVFASLDWDLHGFSSSLGNVPLADSPGFLNERLGQIEGKLQRGSP	49	11	65	54
14787	HUMAN30067	P46100	132	162	PVLNEDKDDFKGPEFRSRSKMKTENLKKRGE	30	465	504	39
14788	HUMAN30067	P46100	1897	1996	ENKGYFDEDSMDEFIASDSDETSMSLSSDDYTKKKKKGKKGKKDSSSSGSGSDNDVEVIKVWNSRSRGGGEGNVDETGNNPSVSLKLEESKATSSSNPSS	99	3338	3486	148
14789	HUMAN30067	P46100	2398	2492	QQMLISCVQRILMNRRLQQQYNQQQQQQMTYQQATLGHLMMPKPPNLIMNPSNYQQIDMRGMYQPVAGGMQPPPLQRAPPPMRSKNPGPSQGKSM	94	3948	4068	120
14790	HUMAN30067	P46100	25	120	SSEESEETSSPPRLAMNQNTDKISGSGSNSDMMENSKEEGTSSSEKSKSSGSSRSKRKPSIVTKYVESDDEKPLDDETVNEDASNENSENDITMQS	95	348	452	104
14791	HUMAN30073	P24311	1	31	MFPLVKSALNRLQVRSIQQTMARQSHQKRTP	30	1	34	33
14792	HUMAN30074	Q04656	1444	1500	SRNSPKLGLLDRIVNYSRASINSLLSDKRSLNSVVTSEPDKHSLLVGDFREDDDTAL	56	3179	3422	243
14793	HUMAN30077	Q9HBM6	134	251	KKGPNQGRLVPRLSVGAVSSKPTTPTIATPQTVSVPNKVATPMSVTSQRFTVQIPPSQSTPVKPVPATTAVQNVLINPSMIGPKNILITTNMVSSQNTANEANPLKRKHEDDDDNDIM	117	215	363	148
14795	HUMAN30079	Q8N8U3	397	427	DPNPLGKSSSAEGDGPESPPAENQPMQAAIN	30	762	793	31
14796	HUMAN30080	Q99677	1	30	MGDRRFIDFQFQDSNSSLRPRLGNATANNT	29	38	87	49
14797	HUMAN30080	Q99677	327	370	HIRMESLFKTETPLTTKPSLPAIQEEVSDQTTNNGGELMLESTF	43	403	453	50
14798	HUMAN30084	Q9Y458	1	86	MALSSRARAFSVEALVGRPSKRKLQDPIQAEQPELREKKGGEEEEERRSSAAGKSEPLEKQPKTEPSTSASSGCGSDSGYGNSSES	85	16	144	128
14799	HUMAN30084	Q9Y458	271	346	KIERNPFAKGFRDTGRNRGVLDGLLETYPWRPSFTLDFKTFGADTQSGSSGSSPVTSSGGAPSPLNSLLSPLCFSP	75	342	420	78
14800	HUMAN30084	Q9Y458	384	435	QPLVLPAPERLASSNSSQSLAPLMMEVPMLSSLGVTNSKSGSSEDSSDQYLQ	51	459	516	57
14801	HUMAN30086	Q6RI45	1262	1299	RNSTDAEEDTEIVDLDSDGPGTSSGRKVKCRGRRQSLK	37	2217	2300	83
14804	HUMAN30089	P49335	1	192	MATAASNPYSILSSTSLVHADSAGMQQGSPFRNPQKLLQSDYLQGVPSNGHPLGHHWVTSLSDGGPWSSTLATSPLDQQDVKPGREDLQLGAIIHHRSPHVAHHSPHTNHPNAWGASPAPNPSITSSGQPLNVYSQPGFTVSGMLEHGGLTPPPAAASAQSLHPVLREPPDHGELGSHHCQDHSDEETPTSD	191	0	204	204
14805	HUMAN30089	P49335	332	361	KEKRMTPPGDQQPHEVYSHTVKTDTSCHDL	29	343	388	45
14807	HUMAN30092	Q7Z353	644	690	DKEQQQALLSDLPPELEEMDFNHASLEPDDTSFSVSSLSEKNVSESL	46	1062	1174	112
14808	HUMAN30093	Q6UXV4	185	268	KSSKEESLPKPKEKTKLGSSSEIEVPAKTTHVLKHSVPLPTELSSEAKTKSESTSGATQFMPDPKLMDHGQSHPEDIDMYSTRS	83	217	459	242
14809	HUMAN30093	Q6UXV4	1	31	MAAIRMGKLTTMPAGLIYASVSVHAAKQEES	30	25	58	33
14811	HUMAN30098	P24386	107	213	DLHEDVEEAGALQKNHALVTSANSTEAADSAFLPTEDESLSTMSCEMLTEQTPSSDPENALEVNGAEVTGEKENHCDDKTCVPSTSAEDMSENVPIAEDTTEQPKKN	106	326	530	204
14812	HUMAN30098	P24386	609	653	PNPEDIILDGDSLQPEASESSAIPEANSETFKESTNLGNLEESSE	44	1190	1293	103
14814	HUMAN30099	Q96NX9	1	63	MAVSASPVISATSSGAGVPGGLFRAEPLYSTPREPPRLTPNMINSFVVNNHSNSAGGGGRGNT	62	0	83	83
14815	HUMAN30099	Q96NX9	512	599	RTTMQKRLKKEKKTKRKLQEALEFESKRREQVEQALKQATTSDSGLRMLKDTGIPDIEIENNGTPHDSAAMQGGNYYCLEMAQQLYSA	87	658	766	108
14816	HUMAN30100	Q9C0H6	27	156	QGSTNTGSCLQQEGYEHRGTPVQGRLKSHSRDRNGLKKSNSPVHHNILAPVPGPAPAHQRAVQNLQQHNLIVHFQANEDTPKSVPEKNLFKEACEKRAQDLEMMADDNIEDSTARLDTQHSEDMNATRSE	129	71	226	155
14817	HUMAN30101	Q8N123	1	112	MSYPTKEGSDTAGNAHKNSENEPPNDCSTDIESPSADPNMIYQVETNPINREPGTATSQEDVVPQAAENSELETEIQKDQREEDLKEELLLLQTPIPRKLVSHKPLNDRSRS	111	0	136	136
14818	HUMAN30102	Q8IUE1	116	241	RRNDPIIGHKTGKDAHATHLQSTEASVPAKSGPSGPDNVQSLPLWPLPKGQMSREKQPDPESAPSQKLTGIAQPKKKVKVSVTSPSSPELVSPEEHADFSSFLLLVDAAVQRAAELELEKKQEPNP	125	147	288	141
14819	HUMAN30102	Q8IUE1	1	55	MEAAADGPAETQSPVEKDSPAKTQSPAQDTSIMSRNNADTGRVLALPEHKKKRKG	54	17	86	69
14820	HUMAN30104	Q9BZA7	778	811	NATLINELVRKSTEAPVTPNTEIADVSSPTSDYV	33	925	961	36
14822	HUMAN30105	Q99457	157	307	PTEEECEWNSEDEEFSSDEEVQDNTPSEMPPLEGEEEENPKENPEVKAEEKEVPKEIPEVKDEEKEVPKEIPEVKAEEKADSKDCMEATPEVKEDPKEVPQVKADDKEQPKATEAKARAAVRETHKRVPEERLQDSVDLKRARKGKPKRED	150	187	377	190
14823	HUMAN30105	Q99457	1	93	MAEADFKMVSEPVAHGVAEEEMASSTSDSGEESDSSSSSSSTSDSSSSSSTSGSSSGSGSSSSSSGSTSSRSRLYRKKRVPEPSRRARRAPLG	92	0	124	124
14825	HUMAN30108	Q13156	1	41	MSKSGFGSYGSISAADGASGGSDQLCERDATPAIKTQRPKV	40	17	106	89
14826	HUMAN30109	Q8TAB3	705	735	RDNKEIRTYNCSNCLTITCLLGCFIKGQNSK	30	714	754	40
14828	HUMAN30110	Q9H2S6	196	246	LQDFEEEGEDLHFPANEKKGIEQNEQWVVPQVKVEKTRHARQASEEELPIN	50	279	354	75
14829	HUMAN30110	Q9H2S6	1	36	MAKNPPENCEDCHILNAEAFKSKKICKSLKICGLVF	35	39	87	48
14830	HUMAN30118	Q5H913	197	242	PTSSISISKNNTGSGERCSSHSFSTRTGMSKEKRQHLEQCSIEAKP	45	225	365	140
14831	HUMAN30121	Q53FP2	134	167	KPEDRSSEKKPLPGNAEEQPSLYEKAPQGKVKVS	33	195	259	64
14832	HUMAN30122	Q92674	1	61	MSPQKRVKNVQAQNRTSQGSSSFQTTLSAWKVKQDPSNSKNISKHGQNNPVGDYEHADDQA	60	62	149	87
14833	HUMAN30123	Q13474	1	73	MQPMVMQGCPYTLPRCHDWQAADQFHHSSSLRSTCPHPQVRAAVTSPAPPQDGAGVPCLSLKLLNGSVGASGP	72	0	74	74
14834	HUMAN30123	Q13474	733	842	SQNCSFFNDSLSPDDSIDEDQYLLRHSSPITDREPAFGQQAPCSVATESKGELQKILAHLEDENRILQGELRRLKWQHEEAAEAPSLADGSTEAATDHRNEELLAEARIL	109	782	924	142
14835	HUMAN30123	Q13474	862	957	QLESQLQRLRELLLQPPTESDGSGSAGSSLASSPQQSEGSHPREKGQTTPDTEAADDVGSKSQDVSLCLEDIMEKLRHAFPSVRSSDVTANTLLAS	95	943	1101	158
14836	HUMAN30124	Q5H9L4	1	93	MECPEGQLPISSENDSTPTVSTSEVTSQQEPQILVDRGSETTYESSADIAGDEGTQIPADEDTQTDADSSAQAAAQAPENFQEGKDMSESQDE	92	0	222	222
14837	HUMAN30124	Q5H9L4	286	391	DGTKEIESQGSIPGFLISSGMSSHKQGHTSSEYDMLREMFSDSRSNNDDDEDEDDEDEDEDEDEDEDEDKEEEEEDCSEEYLERQLQAEFIESGQYRANEGTSSIV	105	445	643	198
14838	HUMAN30135	Q9P291	31	195	RDENEKIWDEDEESTDTSEIGVETVKGAKTNAGAGSGAKLQGDSEVKPEVSLGLEDCPGVKEKAHSGSHSGGGLEAKAKALFNTLKEQASAKAGKGARVGTISGNRTLAPSLPCPGGRGGGCHPTRSGSRAGGRASGKSKGKARSKSTRAPATTWPVRRGKFNFP	164	105	285	180
14839	HUMAN30136	Q7L4S7	31	117	RDDSEKLEEEGEEEWDDDQELDEEEPDIWFDFETMARPWTEDGDWTEPGAPGGTEDRPSGGGKANRAHPIKQRPFPYEHKNTWSAQN	86	30	120	90
14840	HUMAN30137	Q9UH62	29	114	RGRKQNKEKMAEGGSGDVDDAGDCSGARYNDWSDDDDDSNESKSIVWYPPWARIGTEAGTRARARARARATRARRAVQKRASPNSD	85	28	118	90
14843	HUMAN30143	Q5H9J7	1	111	MENVPKENKVVEKAPVQNEAPALGGGEYQEPGGNVKGVWAPPAPGFGEDVPNRLVDNIDMIDGDGDDMERFMEEMRELRRKIRELQLRYSLRILIGDPPHHDHHDEFCLMP	110	14	127	113
14847	HUMAN30153	P0C0E4	228	278	AKGLNARMMRGLSYSLTTSSTHKRSSLCKVKIVCPPQSPPKNCTRNSCKIS	50	234	285	51
14848	HUMAN30154	Q9HBH7	1	58	MESKEKRAVNSLSMENANQENEEKEQVANKGEPLALPLDAGEYCVPRGNRRRFRVRQP	57	36	100	64
14849	HUMAN30154	Q9HBH7	96	125	LREKQLSHSLRAVSTDPPHHDHHDEFCLMP	29	138	168	30
14850	HUMAN30155	Q9H4D5	1	109	MSLPSGHTTGHTDQVVQRRARCWDIYQRRFSSRSEPVNPGMHSSSHQQQDGDAAMHGAHMDSPVRYTPYTISPYNRKGSFRKQDQTHVNMEREQKPPERRMEGNMPDGT	108	58	171	113
14851	HUMAN30156	Q9NWD9	1	66	MESKEELAANNLNGENAQQENEGGEQAPTQNEEESRHLGGGEGQKPGGNIRRGRVRRLVPNFRWAI	65	78	148	70
14852	HUMAN30157	Q8IYN2	1	107	MQKSCEENEGKPQNMPKAEEDRPLEDVPQEAEGNPQPSEEGVSQEAEGNPRGGPNQPGQGFKEDTPVRHLDPEEMIRGVDELERLREEIRRVRNKFVMMHWKQRHSR	106	0	113	113
14854	HUMAN30160	Q9BRU2	1	100	MQKPCKENEGKPKCSVPKREEKRPYGEFERQQTEGNFRQRLLQSLEEFKEDIDYRHFKDEEMTREGDEMERCLEEIRGLRKKFRALHSNHRHSRDRPYPI	99	52	152	100
14855	HUMAN30161	Q9UHQ7	1	52	MKSCQKMEGKPENESEPKHEEEPKPEEKPEEEEKLEEEAKAKGTFRERLIQS	51	1	56	55
14856	HUMAN30161	Q9UHQ7	69	104	DMFREVDEIDEIRRVRNKLIVMRWKVNRNHPYPYLM	35	72	110	38
14857	HUMAN30162	Q00994	1	102	MANIHQENEEMEQPMQNGEEDRPLGGGEGHQPAGNRRGQARRLAPNFRWAIPNRQINDGMGGDGDDMEIFMEEMREIRRKLRELQLRNCLRILMGELSNHHD	101	14	136	122
14858	HUMAN30163	Q8WXH6	217	277	TLRSHLKSFSMAKGLNARMMRGLSYSLTTSSTHKSSLCKVEIVCPPQSPPKNCTRNSCKIS	60	270	357	87
14859	HUMAN30165	Q969E4	1	200	MEKPYNKNEGNLENEGKPEDEVEPDDEGKSDEEEKPDVEGKTECEGKREDEGEPGDEGQLEDEGSQEKQGRSEGEGKPQGEGKPASQAKPESQPRAAEKRPAEDYVPRKAKRKTDRGTDDSPKDSQEDLQERHLSSEEMMRECGDVSRAQEELRKKQKMGGFHWMQRDVQDPFAPRGQRGVRGVRGGGRGQRGLHDIPYL	199	62	284	222
14860	HUMAN30167	Q15014	1	113	MSSRKQGSQPRGQQSAEEENFKKPTRSNMQRSKMRGASSGKKTAGPQQKNLEPALPGRWGGRSAENPPSGSVRKTRKNKQKTPGNGDGGSTSEAPQPPRKKRARADPTVESEE	112	0	153	153
14861	HUMAN30168	Q5JXX5	1	40	MTTLVPATLSFLLLWTLPGQVLLRVALAKEEVKSGTKGSQ	39	72	291	219
14862	HUMAN30168	Q5JXX5	378	417	LGHCLQARDGGPMEGSGIYSPQPPAPLLREGETTRKLYVD	39	739	818	79
14863	HUMAN30170	Q5JXX7	1	66	MRLTEKSEGEQQLKPNNSNAPNEDQEEEIQQSEQHTPARQRTQRADTQPSRCRLPSRRTPTTSSDR	65	37	116	79
14864	HUMAN30175	Q7Z2G1	1	78	MLRTEVPRLPRSTTAIVWSCHLMATASAMAGPSSETTSEEQLITQEPKEANSTTSQKQSKQRKRGRHGPRRCHSNCRG	77	0	87	87
14865	HUMAN30176	P0C1H6	1	57	MAAASAMAEASSETTSEEGQSIQEPKEANSTKAQKQKRRGCRGSRRRHANRRGDSFG	56	24	87	63
14866	HUMAN30180	P0CG32	225	344	AFIKRKRPKRSEPIMERAASPVAFQGAQPIAISSADCNCNVIEIDDTLDDSDEDVILVVSLYPSLTPTGAPPFRGRARPLDQVLVIDSPNNSGAQSLSTSGGSGYKNDGPGNIRRARKRK	119	249	394	145
14867	HUMAN30181	Q6PEV8	116	176	SVCSDVSSSISTYWDWSDSEFEWQLPGSDIASGSDVLSDVIPSIPSSPCLLPKKKNKHRNL	60	274	348	74
14868	HUMAN30181	Q6PEV8	257	357	PAREAWKRSNFSCASTSGVSGASASASSSSASMVSSASSSGSSVGNSASNSSANMSRAHSDSNLSASAAERIRDSKKRSKQRKLQQKAFRKRQLKEQRQAR	100	429	550	121
14869	HUMAN30181	Q6PEV8	65	105	NRWNLTSCGTSVASSEGSEELFSSVSVGDQDDCYSLLDDQD	40	218	264	46
14870	HUMAN30182	Q8N693	1	143	MESLRGYTHSDIGYRSLAVGEDIEEVNDEKLTVTSLMARGGEDEENTRSKPEYGTEAENNVGTEGSVPSDDQDREGGGGHEPEQQQEEPPLTKPEQQQEEPPLLELKQEQEEPPQTTVEGPQPAEGPQTAEGPQPPERKRRRR	142	0	199	199
14871	HUMAN30182	Q8N693	241	384	LPRPPVLPVPPMPPRPPMVPMPPRPPIAPMPPMAPVPPGSRMAPVPPGPRMAPVPPWPPMAPVPPWPPMAPVPTGPPMAPVPPGPPMARVPPGPPMARVPPGPPMAPLPPGPPMAPLPPGPPMAPLPPGPPMAPLPPRSHVPHT	143	309	481	172
14874	HUMAN30188	P05543	1	38	MSPFLYLVLLVLGLHATIHCASPEGKVTACHSSQPNAT	37	23	65	42
14876	HUMAN30189	Q5H9M0	506	539	KQDTFRNKFPKLHNEDAREPMAVTSQTKKMSFQK	33	527	561	34
14877	HUMAN30190	Q6NSI4	1	40	MSGESGQPEAGPSHAGLDWPNPERNRAGVPGGVIRRAGSQ	39	3	76	73
14878	HUMAN30190	Q6NSI4	566	675	SATESASASETLRNANRPSTSQAARVEIQERNGKRHQDDEPVNSQYFQTTSTNLSLSNKIRILQGPHANPVAVPQPGASVQTKGIKPGMPSIFNRRANINANLQGKARKT	109	676	909	233
14879	HUMAN30193	Q0IIM8	1030	1071	GRKLHSPTSSAKGFSGTVCGSGGPSEEKTGSHLEKDPCSFRE	41	1473	1610	137
14880	HUMAN30193	Q0IIM8	394	429	QYHDISTELAISSESTEPSDNFEVQSLTSQRECSKT	35	527	588	61
14881	HUMAN30195	Q0D2K3	1	53	MDSAACAAAATPVPALALALAPDLAQAPLALPGLLSPSCLLSSGQEVNGSERG	52	20	105	85
14882	HUMAN30195	Q0D2K3	64	93	TNDSPRQMRKLVDLAAGGATAAEVTKAESK	29	115	156	41
14883	HUMAN30196	P57739	188	230	QRNRSNYYDAYQAQPLATRSSPRPGQPPKVKSEFNSYSLTGYV	42	189	240	51
14884	HUMAN30201	Q9NQM4	29	85	VTALEALSKLLNPEEEDDSDYGQTNGLSTIGAMGPGNIGPPQIEELKVIPETSEENN	56	56	163	107
14885	HUMAN30202	Q5JV73	1763	1792	QQQQQQQQQQQQQQVAAAAGAATEHPPGSP	29	2165	2207	42
14886	HUMAN30202	Q5JV73	1	43	METLDSQRVQDRLLAAPGCSSPSGQQELFSSHVMQEESANDME	42	6	96	90
14888	HUMAN30211	Q9BXU2	157	251	PPQGQGQATVFPGLATAGGDWTEGAGEQEKEAVAAAGAAGGKGEERYAEAGPAPAEVLQGLGGGFRQPLGAIVAGKLHLCGAEGERSQVSTNSHV	94	160	263	103
14889	HUMAN30211	Q9BXU2	283	312	RLLSHTQYTPFTSKGHRTGSNSDAFQLGGL	29	303	334	31
14890	HUMAN30218	O14654	1052	1235	SECCMDISLSPSRCSEPPPVARLLQEEEQERRRPQSRSQSFFAAARAAVSAFPTDSLERDLSPSSAPAVASAAEPTLALSQVVAAASALAAAPGIGAAAAAAGFDSASARWFQPVANAADAEAVRGAQDVAGGSNPGAHNPSANLARGDNQAGGAAAAAAAPEPPPRSRRVPRPPEREDSDNDD	183	1154	1371	217
14891	HUMAN30218	O14654	1	74	MASCSFTRDQATRRLRGAAAAAAAALAAVVTTPLLSSGTPTALIGTGSSCPGAMWLSTATGSRSDSESEEEDLP	73	0	87	87
14893	HUMAN30218	O14654	786	918	AGAIPKNPRNPQGGSSSKSWSSYFSLPNPFRSSPLGQNDNSEYVPMLPGKFLGRGLDKEVSYNWDPKDAASKPSGEGSFSKPGDGGSPSKPSDHEPPKNKAKRPNRLSFITKGYKIKPKPQKPTHEQREADSS	132	878	1019	141
14894	HUMAN30219	P51841	522	554	SKRGSRASVSFQITSEVQSGRSPRLSFSSGSLT	32	919	962	43
14895	HUMAN30221	Q9UJ90	23	142	RGNASGLGAGPRPSMGMGVVPDPFVGREVTSAKGDDAYLYILLIMIFYACLAGGLILAYTRSRKLVEAKDEPSQACAEHEWAPGGALTADAEAAAGSQAEGRRQLASEGLPALAQGAERV	119	22	162	140
14896	HUMAN30222	O60488	1	43	MKLKLNVLTIILLPVHLLITIYSALIFIPWYFLTNAKKKNAMA	42	142	265	123
14897	HUMAN30224	Q9Y4X0	1	122	MAAGCCGVKKQKLSSSPPSGSGGGGGASSSSHCSGESQCRAGELGLGGAGTRLNGLGGLTGGGSGSGCTLSPPQGCGGGGGGIALSPPPSCGVGTLLSTPAAATSSSPSSSSAASSSSPGSR	121	47	241	194
14898	HUMAN30225	Q8NET4	1313	1351	EEKDSPGNSSQVLPTACKRNNEEAMGNELSSQQQTEEHQ	38	1680	1722	42
14901	HUMAN30238	Q9UL62	685	752	RDPDGRRRRRNLRSFTERNADSLIQNQHYQEVIRNLVKRYVAAMIRNSKTHEGLTEENFKELKQDISS	67	963	1056	93
14903	HUMAN30239	A6NMA1	35	69	QEVPYVEENGRAEETEADAPLPEEPSLPDLPDLSD	34	36	71	35
14904	HUMAN30240	Q6ZR62	1	55	MEKCTKSSSTMQVEPSFLQAENLILRLQMQHPTTENTAKRGQVMPALATTVMPVP	54	0	56	56
14905	HUMAN30240	Q6ZR62	224	263	ELLQSETQLPLLASLIQHQALFSPTDPPPKKGPIQLREGQ	39	225	265	40
14907	HUMAN30243	P28335	250	305	HGHTEEPPGLSLDFLKCCKRNTAEEENSANPNQDQNARRRKKKERRPRGTMQAINN	55	455	675	220
14908	HUMAN30243	P28335	390	458	EKKPPVRQIPRVAATALSGRELNVNIYRHTNEPVIEKASDNEPGIEMQVENLELPVNPSSVVSERISSV	68	760	890	130
14909	HUMAN30245	Q5VUJ6	1	54	MAASQGGGGNSGGGGCGGGGSSGGCGTAGGGGGGAGGGGGGGGGTLVVPIPVPT	53	28	101	73
14912	HUMAN30250	P50052	1	41	MKGNSTLATTSKNITSGLHFGLVNISGNNESTLNCSQKPSD	40	27	72	45
14913	HUMAN30251	Q9UN76	1	36	MDKLKCPSFFKCREKEKVSASSENFHVGENDENQDR	35	0	105	105
14914	HUMAN30251	Q9UN76	611	642	EQHRGERYKDMVDPKKEADHEIPTVSGSRKPE	31	733	778	45
14915	HUMAN30252	Q5H943	1	55	MNFYLLLASSILCALIVFWKYRRFQRNTGEMSSNSTALALVRPSSSGLINSNTDN	54	0	135	135
14917	HUMAN30254	Q5JSH3	553	589	KYNTEGRVSPSPSQESLSSSKSDTDTGVCSGTDEDPD	36	1106	1146	40
14918	HUMAN30256	P78552	1	31	MEWPARLCGLWALLLCAGGGGGGGGAAPTET	30	95	137	42
14919	HUMAN30257	Q6PEW1	227	343	IKRKRPKRSESMVERAVSPVAFQGSPPIVIGSADCNVIEIDDTLDDSDEDVILVESQDPPLPSWGAPPLRDRARPQDEVLVIDSPHNSRAQFPSTSGGSGYKNNGPGEMRRARKRKH	116	230	357	127
14920	HUMAN30258	Q496Y0	117	149	QGEALAPAPPDEGSTASGTVAAEETGAAAAAAA	32	171	218	47
14921	HUMAN30258	Q496Y0	1	65	MESVRIEQMLSLPAEVSSDNLESAERGASAAQVDMGPHPKVAAEGPAPLPTREPEQEQSPGTSTP	64	33	119	86
14922	HUMAN30258	Q496Y0	358	454	LPHCSSQEEAAARGDGSSLMDPAKVKGDGQQHHMKDQEEEEEKWDATSPKAASSKTGKCQEKKRKHCQIESQEETGMPNKASKQDPPTDQGDKPALS	96	590	737	147
14923	HUMAN30260	A0A0U1RQG5	153	324	RLMRRRRTAAPSGSEEPRLLLVHERLGVGAAGPEGEGLGLLQEAALVPEPEVPADLAEMAREPAEEPAEEASEKPTEEAAEEPAEEASEKPTEEAAEEELAEEAAEEPAKEEPAAEEESAEEPATEEAAAPEEVTKYQHEKWDEEAQDAAGKEEKEEKEKDAENKVKNSKGT	171	189	390	201
14924	HUMAN30260	A0A0U1RQG5	1	113	MSATGDQDLIQEDQEAPVNQEGAQAEAVGDREGGDSGPDSGNTVAGVAGPMRGLGEEEGEQAAGLAAAPGGGNAEEDSEIRIVVEMVEEEEDEEEEEEEEEEERNEADNFDLV	112	0	150	150
14926	HUMAN30261	Q9ULL0	57	99	KKEGSTKGELGPAAVTDLEIPSYSRGFLPCTPRFPTTWCRGPG	42	57	107	50
14927	HUMAN30270	Q14141	396	434	FKQRKTAAELLQSQGSQAGGSQTLKRDKEKKNNPWLCTE	38	835	877	42
14928	HUMAN30271	A6NJG2	1	107	MAQLGGAANRAPTASLAPTSQSLRCAPQPRPSRADTGSLGRYWGKAAAAASREHPFPGTLMHSAAGSGRRRGALRELLGLQRAAPAGWLSEERAEELGGPSGPGSSR	106	0	129	129
14929	HUMAN30271	A6NJG2	242	315	AEEWEMESGSGCTNLNNNSSGTTAWRAASAVGATAVETSRRVAASRTKAKDTAGSRVAQMHSLFRHLFPSFQDR	73	263	353	90
14930	HUMAN30274	Q9BZI7	170	199	DNEKMTSTPETLLEEIEAKNRELIAKKTTP	29	350	393	43
14931	HUMAN30274	Q9BZI7	1	48	MKEEKEHRPKEKRVTLLTPAGATGSGGGTSGDSSKGEDKQDRNKEKKE	47	52	155	103
14934	HUMAN30277	Q86UN6	1	31	MSETQNSTSQKAMDEDNKAASQTMPNTQDKN	30	25	71	46
14936	HUMAN30279	P0C7M4	1	136	MEPPDQCSQYMTSLLSPAVDDEKELQDMNAMVLSLTEEVKEEEEDAQPEPEQGTAAGEKLKSAGAQGGEEKDGGGEEKDGGGAGVPGHLWEGNLEGTSGSDGNVEDSDQSEKEPGQQYSRPQGAVGGLEPGNAQQP	135	0	166	166
14937	HUMAN30280	Q8NHV9	21	106	ISPTPQLGAASSAEGHVGQGAPGLMGNMNPEGGVNHENGMNRDGGMIPEGGGGNQEPRQQPQPPPEEPAQAAMEGPQPENMQPRTR	85	23	132	109
14938	HUMAN30281	Q9BQY4	1	137	MEPPDQCSQYMTSLLSPAVDDEKELQDMNAMVLSLTEEVKEEEEDAQPEPEQGTAAGEKLKSAGAQGGEEKDGGGEEKDGGGAGVPGHLWEGDLEGTSGSDGNVEDSDQSEKEPGQQYSRPQGAVGGLEPGNAQQPN	136	0	185	185
14940	HUMAN30283	Q5JRV8	1	49	MHQSLTQQRSSDMSLPDSMGAFNRRKRNSIYVTVTLLIVSVLILTVGLA	48	39	101	62
14941	HUMAN30283	Q5JRV8	248	328	DMNPTLPALNCSVENTHPTVSYYAHPQVASYNTYYHSPPHLPPYSAYDFQHSGVFPSSPPSGLSDEPQSASPSPSYMWSSS	80	365	457	92
14942	HUMAN30284	Q9UN42	1	79	MRRQLRSRRAPSFPYSYRYRLDDPDEANQNYLADEEEEAEEEARVTVVPKSEEEEEEEEKEEEEEEEKEEEEGQGQPTG	78	35	143	108
14943	HUMAN30285	P13473	186	216	EFLCDKDKTSTVAPTIHTTVPSPTTTPTPKE	30	306	419	113
14945	HUMAN30290	Q96EU7	1	52	MLSESSSFLKGVMLGSIFCALITMLGHIRIGHGNRMHHHEHHHLQAPNKEDI	51	1	60	59
14946	HUMAN30291	P0C2W7	149	299	SRLMVGPHAAVPNLWDNPPLLLLSQRLGAGAAAPEGEGLGLIQEAASVQEAASVPEPAVPADLAEMAREPAEEAADEKPPEEAAEEKLTEEATEEPAAEEPTSEEAVAPEEVTKSQPEKWDEEAQDAAGEEEKEQEKEKDVENKVKNSKGT	150	161	350	189
14947	HUMAN30291	P0C2W7	1	110	MSATGDRHPTQGDQEAPVSQEGAQAEAAGAGNQEGGDSGPDSSDMVPAAEVVGVAGPVEGLGEEEGEQAAGLAAVPQGGSAEEDSDIGPATEEEEEEEEGNEAANFDLAV	109	0	123	123
14948	HUMAN30293	Q5JQC4	147	288	LSRLMVGPHAAARNLWGNLPPLLLPQRLGAGAAARAGEGLGLIQEAASVPEPAVPADLAEMAREPAEEAAEEKLSEEATEEPDAEEPATEEPTAQEATAPEEVTKSQPEKWDEEAQDAAGEEEKEQEKEKDAENKVKNSKGT	141	307	464	157
14949	HUMAN30293	Q5JQC4	1	107	MSATGDRHPTQGDQEAPVSQEGAQAEAAGAGNQEGGDSGPDSSDVVPAAEVVGVAGPVEGLGEEEGEQAAGLAAVPRGGSAEEDSDIGPATEEEEEEEGNEAANFDL	106	110	268	158
14950	HUMAN30305	P49448	1	61	MYRYLAKALLPSRAGPAALGSAANHSAALLGRGRGQPAAASQPGLALAARRHYSELVADRE	60	0	144	144
14951	HUMAN30307	P42263	855	893	KRMKLTKNTQNFKPAPATNTQNYATYREGYNVYGTESVK	38	1386	1551	165
14956	HUMAN30316	Q5VW00	1	47	MAQQQTGSRKRKAPAVEAGAGSSSSQGLAAADGEGPLLPKKQKRPAT	46	31	113	82
14957	HUMAN30317	Q5VU92	1	46	MAQQQTGSRKRKAPAVEADAESSPSQGLAAADGEGPLLLKRQRRPA	45	65	168	103
14959	HUMAN30318	B1ATL7	255	298	FNPFLTMPLPFAPPPIFGPPLPSYFAHFHSGGMPAPASPNREHS	43	269	313	44
14960	HUMAN30321	Q01968	124	209	PEQKDSSSWYQKLDTKDKPSVFSGLLGFEDNFSSMNLDKKINSQNQPTGIHREPPPPPFSVNKMLPREKEASNKEQPKVTNTMRKL	85	394	597	203
14961	HUMAN30322	Q9ULZ1	1	77	MNLRLCVQALLLLWLSLTAVCGGSLMPLPDGNGLEDGNVRHLVQPRGSRNGPGPWQGGRRKFRRQRPRLSHKGPMPF	76	0	84	84
14962	HUMAN30325	O75995	1	169	MLRRKPSNASEKEPTQKKKLSLQRSSSFKDFAKSKPSSPVVSEKEFNLDDNIPEDDSGVPTPEDAGKSGKKLGKKWRAVISRTMNRKMGKMMVKALSEEMADTLEEGSASPTSPDYSLDSPGPEKMALAFSEQEEHELPVLSRQASTGSELCSPSPGSGSFGEEPPAPQ	168	66	277	211
14963	HUMAN30325	O75995	316	380	YDTGSEEAEEGAESSQEPVAHTVSEPKVDIPRDSGCFEGSESGRDDAELAGTEEQLQGLSLAGAP	64	489	629	140
14964	HUMAN30326	Q9Y397	297	364	DRRGILPLEESGSRPPSTQETSSSLLPQSPAPTEHLNSNEMPEDSSTPEEMPPPEPPEPPQEAAEAEK	67	560	787	227
14967	HUMAN30327	Q9BVJ6	738	771	GYRSSSRSDLSVIQRNPKRITTRHKKQLKKCSVD	33	3149	3218	69
14968	HUMAN30330	Q99607	106	205	DILDEKQIFSTSEMLPDSDPAPAVTLPNYLFPASEPDALNRAGDTSDQEGHSLEEKASREESAKKTGKSKKRIRKTKGNRSTSPVTDPSIPIRKKSKDGK	99	176	282	106
14970	HUMAN30331	O95831	513	558	AQDNPKSATEQSGTGIRSESETESEASEITIPPSTPAVPQAPVQGE	45	1533	1619	86
14972	HUMAN30332	Q14088	1	30	MAQPILGHGSLQPASAAGLASLELDSSLDQ	29	125	161	36
14974	HUMAN30333	Q8ND82	517	611	GPLQSKLPTAPFGCAPGTSFLQVTPPTSQNTTARNPRKSNASRSKTSKLHATTSTASKVNTSKPRGRIAKSKAKPSYKQKRQRNRKNKMSLALKN	94	596	733	137
14977	HUMAN30338	Q6ZRI8	130	225	HLELTATMQVEEATGQAAGRRRGNVVRRVFGRIRRFFSRRRNEPTLPREFTRRGRRGAVSVDSLAELEDGALLLQTLQLSKISFPIGQRLLGSKRK	95	134	238	104
14978	HUMAN30338	Q6ZRI8	457	547	RKIQSARIKMEEDALLSDPVETSAEARAAVLAQSKPSDEGSSEEPAVPSGTARSHDDEEGAGNPPIPEQDRPLLRVPREKEAKTGVSYFFP	90	470	630	160
14980	HUMAN30346	Q96MM7	1	83	MALPACAVREFEPPRQPERGAPVRTTCPRRHSRVEAELAASRPGSVAASVRAGPPRGVSHGFHTRPLLDKPRKASSSLAGAAC	82	0	88	88
14981	HUMAN30347	Q9BXU7	105	270	EVQPPVRPGKGGSVFSSTTQKEINKTSFHKVDEKSSSKSFEIAKGSGTGVLQRMPLLTSKLTLTCGELSENQHKKRKRMLSSSSEMNEEFLKENNSVEYKKSKADCSRCVSYNREKQLKLKELEENKKLECESSCIMNATGNPYLDDIGLLQALTEKMVLVFLLQQ	165	157	358	201
14983	HUMAN30348	Q5H9I0	1	108	MAKYVSLTEANEELKVLMDENQTSRPVAVHTSTVNPLGKQLLPKTFGQSSVNIDQQVVIGMPQRPAASNIPVVGSPNPPSTHFASQNQHSYSSPPWAGQHNRKGEKNG	107	0	108	108
14984	HUMAN30348	Q5H9I0	338	405	GGVFTTAGSRSNGTWLSASDLTNIAIGMLATSSGGSQYSGSRVETPAVEEEEEEDNNDDDLSENDEDD	67	337	408	71
14986	HUMAN30349	O75487	480	556	NGNDVDFFDISDESSGEGSGSGCEYQQCPSEFDYNATDHAGKSANEKADSAGVRPGAQAYLLTVFCILFLVMQREWR	76	909	1148	239
14987	HUMAN30350	P51654	1	30	MAGTVRTACLVVAMLLSLDFPGQAQPPPPP	29	18	49	31
14988	HUMAN30355	Q9HBJ0	125	189	TKPCSMRVASKSRATAQKDEKCYEVFSLSQSSQRPNCDCPPCVFSEEEHTQVPCHQAGAQEAQPL	64	155	227	72
14989	HUMAN30361	Q96HG1	1	36	MEALGSGHYVGGSIRSMAAAALSGLAVRLSRPQGTR	35	83	120	37
14990	HUMAN30365	P0DMW5	1	31	MAASAALSAAAAAAALSGLAVRLSRSAAARG	30	0	38	38
14991	HUMAN30367	Q8WUE5	1	31	MLRLLRLALAFYGRTADPAERQGPQQQGLPQ	30	0	31	31
14992	HUMAN30368	P51815	1	42	MAMRELNADSCSSPQMGAMWETSGSVKENSSQSKKYSTKIEN	41	12	54	42
14993	HUMAN30373	P0DMW4	1	31	MAASAALSAAAAAAALSGLAVRLSRSAAARG	30	0	31	31
14994	HUMAN30374	Q5JSJ4	455	494	NHSGGGMSLTHNKNFRKLLKEITGETALRLTELNTKEFAG	39	706	771	65
14995	HUMAN30375	Q5HYN5	1	118	MTDKTEKVAVDPETVFKRPRECDSPSYQKRQRMALLARKQGAGDSLIAGSAMSKAKKLMTGHAIPPSQLDSQIDDFTGFSKDRMMQKPGSNAPVGGNVTSSFSGDDLECRETASSPKS	117	0	170	170
14996	HUMAN30376	Q8NHU0	1	118	MTDKTEKVAVDPETVFKRPRECDSPSYQKRQRMALLARKQGAGDSLIAGSAMSKEKKLMTGHAIPPSQLDSQIDDFTGFSKDRMMQKPGSNAPVGGNVTSSFSGDDLECRETASSPKS	117	0	118	118
14997	HUMAN30377	P0DMU8	1	120	MTDKTEKVAVDPETVFKRPRECDSPSYQKRQRMALLARKQGAGDSLIAGSAMSKEKKLMTGHAIPPSQLDSQIDDFTGFSKDGMMQKPGSNAPVGGNVTSSFSGDDLECRETASSPKSQR	119	0	137	137
14998	HUMAN30378	P0DMU7	1	120	MTDKTEKVAVDPETVFKRPRECDSPSYQKRQRMALLARKQGAGDSLIAGSAMSKEKKLMTGHAIPPSQLDSQIDDFTGFSKDGMMQKPGSNAPVGGNVTSSFSGDDLECRETASSPKSQR	119	0	131	131
14999	HUMAN30379	Q5DJT8	1	118	MTDKTEKVAVDPETVFKRPRECDSPSYQKRQRMALLARKQGAGDSLIAGSAMSKEKKLMTGHAIPPSQLDSQIDDFTGFSKDRMMQKPGSNAPVGGNVTSSFSGDDLECRETAFSPKS	117	9	132	123
15000	HUMAN30380	P0DMV0	1	120	MTDKTEKVAVDPETVFKRPRECDSPSYQKRQRMALLARKQGAGDSLIAGSAMSKEKKLMTGHAIPPSQLDSQIDDFTGFSKDGMMQKPGSNAPVGGNVTSSFSGDDLECRETASSPKSQR	119	0	120	120
15001	HUMAN30383	P0DMU9	1	118	MTDKTEKVAVDPETVFKRPRECDSPSYQKRQRMALLARKQGAGDSLIAGSAMSKEKKLMTGHAIPPSQLDSQIDDFTGFSKDGMMQKPGSNAPVGGNVTSNFSGDDLECRGIASSPKS	117	0	138	138
15003	HUMAN30385	Q8N4V1	102	131	RPSDTANSSNQDALSSNTSLKLRKLESLRR	29	183	214	31
15004	HUMAN30386	Q92581	1	78	MARRGWRRAPLRRGVGSSPRARRLMRPLWLLLAVGVFDWAGASDGGGGEARAMDEEIVSEKQAEESHRQDSANLLIFI	77	88	245	157
15007	HUMAN30392	Q8IZF6	3011	3080	SSDGSSRCQIKVGYKQEGLKKIFEHKLLTPSLKSTATSSTFKSLGSAQGTPSEISFPNDDFDKDPYCSSP	69	4358	4428	70
15008	HUMAN30393	P32247	1	41	MAQRQPHSPNQTLISITNDTESSSSVVSNDNTNKGWSGDNS	40	4	47	43
15009	HUMAN30393	P32247	351	399	ERPEPPVADTSLTTLAVMGTVPGTGSIQMSEISVTSFTGCSVKQAEDRF	48	432	493	61
15010	HUMAN30394	O43719	1	42	MSGTNLDGNDEFDEQLRMQELYGDGKDGDTQTDAGGEPDSLG	41	0	44	44
15012	HUMAN30394	O43719	78	123	SNDGASSSTANVEDVHARTAEEPPQEKAPEPTDARKKGEKRKAESG	45	80	127	47
15014	HUMAN30396	P29965	1	53	MIETYNQTSPRSAATGLPISMKIFMYLLTVFLITQMIGSALFAVYLHRRLDKI	52	0	58	58
15015	HUMAN30397	Q15052	109	148	ATEDQLSERPCGRSSSLSAANTSQTNPQGAVSSTVSGLQR	39	157	209	52
15016	HUMAN30397	Q15052	549	649	GPASCSSLSKTSSSSCSAHSSFSSTGQPRGPLEPPQIIKPWSLSCLRPAPPLRPSAALGYKERMSYILKESSKSPKTMKKFLHKRKTERKPSEEEYVIRKS	100	657	907	250
15018	HUMAN30399	Q96P66	227	395	YNVKRHSLEVRVKDCVENEDEEGAEKKEEFQDESEFRRQHEGEVKAKEGRMEAKDGSLKAKEGSTGTSESSVEARGSEEVRESSTVASDGSMEGKEGSTKVEENSMKADKGRTEVNQCSIDLGEDDMEFGEDDINFSEDDVEAVNIPESLPPSRRNSNSNPPLPRCYQC	168	294	544	250
15019	HUMAN30399	Q96P66	477	508	KPPKEDSHPDLPGTEGGTEGKIVPSYDSATFP	31	636	682	46
15020	HUMAN30400	O60481	1	188	MTMLLDGGPQFPGLGVGSFGAPRHHEMPNREPAGMGLNPFGDSTHAAAAAAAAAAFKLSPAAAHDLSSGQSSAFTPQGSGYANALGHHHHHHHHHHHTSQVPSYGGAASAAFNSTREFLFRQRSSGLSEAASGGGQHGLFAGSASSLHAPAGIPEPPSYLLFPGLHEQGAGHPSPTGHVDNNQVHLGL	187	2	222	220
15021	HUMAN30400	O60481	399	461	HPSSLRKHMKVHESQGSDSSPAASSGYESSTPPAIASANSKDTTKTPSAVQTSTSHNPGLPPN	62	452	519	67
15022	HUMAN30402	Q92913	1	63	MAAAIASSLIRQKRQAREREKSNACKCVSSPSKGKTSCDKNKLNVFSRVKLFGSKKRRRRRPE	62	33	106	73
15023	HUMAN30402	Q92913	206	245	EPSLHDLTEFSRSGSGTPTKSRSVSGVLNGGKSMSHNEST	39	255	297	42
15024	HUMAN30407	Q8NB49	1096	1132	RSARRNLSCRRASDSLSARPSVRPLLLRTFSDESNVL	36	1706	1818	112
15026	HUMAN30410	P51861	1	174	MAWLEDVDFLEDVPLLEDIPLLEDVPLLEDVPLLEDTSRLEDINLMEDMALLEDVDLLEDTDFLEDLDFSEAMDLREDKDFLEDMDSLEDMALLEDVDLLEDTDFLEDPDFLEAIDLREDKDFLEDMDSLEDLEAIGRCGFSGRHGFFGRRRFSGRPKLSGRLGLLGRRGFSGR	173	30	220	190
15027	HUMAN30412	O95751	1	50	MVDELVLLLHALLMRHRALSIENSQLMEQLRLLVCERASLLRQVRPPSCP	49	8	58	50
15028	HUMAN30413	Q9NY87	1	46	MDKQSSAGGVKRSVPCDSNEANEMMPETSSGYSDPQPAPKKLKTSE	45	0	53	53
15029	HUMAN30413	Q9NY87	61	97	RTSPEELVNDHARENRINPLQMEEEEFMEIMVEIPAK	36	67	104	37
15031	HUMAN30420	Q9UBF1	1	136	MPPVPGVPFRNVDNDSPTSVELEDWVDAQHPTDEEEEEASSASSTLYLVFSPSSFSTSSSLILGGPEEEEVPSGVIPNLTESIPSSPPQGPPQGPSQSPLSSCCSSFSWSSFSEESSSQKGEDTGTCQGLPDSESS	135	5	147	142
15032	HUMAN30420	Q9UBF1	344	373	VQATIDTADDATVMASESLSVMSSNVSFSE	29	355	385	30
15033	HUMAN30422	Q5MJ09	62	141	KINSNQLENEQSQENSINPIQKEEDEGVDLSEGSSNEDEDLGPCEGPSKEDKDLDSSEGSSQEDEDLGLSEGSSQDSGED	79	61	141	80
15034	HUMAN30423	Q8IW52	564	623	VQFANIELKSLKNEILCPKLLNKPSAPFTSPAPAITFTTPLGPIRSPPGGPVPLSILILS	59	832	895	63
15035	HUMAN30423	Q8IW52	634	749	VAFCLLVFVLRRNKKPTVKHEGLGNPDCGSMQLQLRKHDHKTNKKDGLSTEAFIPQTIEQMSKSHTCGLKESETGFMFSDPPGQKVVMRNVADKEKDLLHVDTRKRLSTIDELDEL	115	905	1045	140
15036	HUMAN30424	Q5MJ10	1	180	MEQPTSSTNGEKRKSPCESNNKKNDEMQEAPNRVLAPKQSLQKTKTIEYLTIIVYYYRKHTKINSNQLEKDQSRENSINPVQEEEDEGLDSAEGSSQEDEDLDSSEGSSQEDEDLDSSEGSSQEDEDLDSSEGSSQEDEDLDSSEGSSQEDEDLDPPEGSSQEDEDLDSSEGSSQEGGED	179	0	209	209
15037	HUMAN30426	Q5VSR9	1	46	MEQPTSSINGEKRKSPCESNNENDEMQETPNRDLAPEPSLKKMKTS	45	0	47	47
15038	HUMAN30427	Q9H156	266	320	KSASDSSQRGSHADTHVQRLSPTMNPALNPTRAPKASRPPKMRNRPTPRVTVSKD	54	431	601	170
15039	HUMAN30427	Q9H156	647	746	RKGVPSVPRNTNNLDVSSFQLQYGSYNTETHDKTDGHVYNYIPPPVGQMCQNPIYMQKEGDPVAYYRNLQEFSYSNLEEKKEEPATPAYTISATELLEKQ	99	994	1119	125
15040	HUMAN30429	A0A1B0GTR3	1	108	MAKVTSEPQKPNEDVDEQTPSTSSTKGRKKGKTPRQRRSRSGVKGLKTTRKAKRPLRGSSSQKAGETNTPAGKPKKARGPILRGRYHRLKEKMKKEEADKEQSETSVL	107	0	143	143
15041	HUMAN30432	Q06787	323	399	EKNVPQEEEIMPPNSLPSNNSRVGPNAPEEKKHLDIKENSTHFSQPNSTKVQRVLVASSVVAGESQKPELKAWQGMV	76	641	770	129
15043	HUMAN30434	Q8N0W7	1	115	MSSHRRKAKGRNRRSHRAMRVAHLELATYELAATESNPESSHPGYEAAMADRPQPGWRESLKMRVSKPFGMLMLSIWILLFVCYYLSYYLCSGSSYFVLANGHILPNSENAHGQS	114	0	145	145
15044	HUMAN30434	Q8N0W7	221	255	DNRVVTGLKKQRRKRKRKSEMLQKAARGREEHGDE	34	251	287	36
15045	HUMAN30435	P51816	1194	1231	SKVAQIPSPWVSNGKNTPSPVSLNNVSPINAMGNCNNG	37	1687	1751	64
15047	HUMAN30436	P22304	1	34	MPPPRTGRGLLWLGLVLSSVCVALGSETQANSTT	33	25	184	159
15048	HUMAN30440	A0A1B0GWH4	170	278	RDKPRLLENIQRKDALRNTAQQATRVPTPKRKNLVATRRSLRIYHINARKEAIKMCQQGAPSVQGPSGTQSFRRSGMWSKKSATRHPLGNGPPQEPNGPSWEGTSGNVT	108	175	309	134
15049	HUMAN30440	A0A1B0GWH4	1	76	MASQNTEQEYEAKLAPSVGGEPTSGGPSGSSPDPNPDSSEVLDRHEDQAMSQDPGSQDNSPPEDRNQRVVNVEDNH	75	0	78	78
15050	HUMAN30441	P43362	1	100	MSLEQRSPHCKPDEDLEAQGEDLGLMGAQEPTGEEEETTSSSDSKEEEVSAAGSSSPPQSPQGGASSSISVYYTLWSQFDEGSSSQEEEEPSSSVDPAQL	99	109	271	162
15051	HUMAN30442	Q9UBD0	1	93	MEDKRSLSMARCEERNSRGQDHGLERVPFPPQLQSETYLHPADPSPAWDDPGSTGSPNLRLLTEEIAFQPLAEEASFRRPHPDGDVPPQGEDN	92	21	125	104
15052	HUMAN30442	Q9UBD0	211	309	RVGVKSAPRHQEEDKPEAAGSCLAPADTEQQDHTSPNENDQVTPQHREPAGPNTQIRSGSAPPATPVMVPDSAVASDNSPVTQPAGEWSEGSQAHVTPV	98	250	449	199
15053	HUMAN30442	Q9UBD0	370	423	TLVAAGAAQPAASMVMFPHLPALHHHCPHSHRTSQYMPASDGPQAYPDYADQST	53	515	588	73
15055	HUMAN30447	P43361	1	106	MLLGQKSQRYKAEEGLQAQGEAPGLMDVQIPTAEEQKAASSSSTLIMGTLEEVTDSGSPSPPQSPEGASSSLTVTDSTLWSQSDEGSSSNEEEGPSTSPDPAHLES	105	0	110	110
15056	HUMAN30449	A0A1B0GTS1	171	289	DKPRLLENIQRKDALRNTAQQATRVPTPKRKNLVATRRSLRIYHINARKEAIKMCQQGAPSVQGPSGTQSFRRSGMWSKKSATRHPLGNGPPQEPNGPSWEGTSGNVTFTSSATTWMEG	118	174	297	123
15057	HUMAN30449	A0A1B0GTS1	1	76	MASQNTEQEYEAKLAPSVGGEPTSGGPSGSSPDPNPDSSEVLDRHEDQAMSQDPGSQDNSPPEDRNQRVVNVEDNH	75	0	76	76
15058	HUMAN30452	Q13496	1	32	MASASTSKYNSHSLENESIKRTSRDGVNRDLT	31	65	102	37
15059	HUMAN30452	Q13496	571	603	LEELQLANSAKLSDPPTSPSSPSQMMPHVQTHF	32	735	822	87
15060	HUMAN30458	O15347	163	200	KGKFDGAKGPAKVARKKVEEEDEEEEEEEEEEEEEEDE	37	232	327	95
15061	HUMAN30459	Q13585	326	445	IREMQEARTLARARAHARDQAREQDRAHACPAVEETPMNVRNVPLPGDAAAGHPDRASGHPKPHSRSSSAYRKSASTHHKSVFSHSKAASGHLKPVSGHSKPASGHPKSATVYPKPASVH	119	336	505	169
15062	HUMAN30462	Q8IV76	188	255	KAVSDEAVLTQDSDEEPFVGELSSSQGQRGHTSMKAVYVEPAAAAAAAAISDDQIDIAEVEQYGPQEN	67	242	333	91
15064	HUMAN30462	Q8IV76	701	771	GPVVQVNTWSCDEQGTLHGQPTYHQVQVSEVGVEGPPDPQAFQGPAAYQPDQMRSAEQTRLMPAEQRDSNK	70	834	909	75
15065	HUMAN30463	Q9BZD7	141	214	SQGEPSGHREAANSPQVVLGPSRGGRTTVRLESTLYLPELSLSRLSSTTPPPSYEEVTAPQESSSEEASVSYSD	73	194	300	106
15066	HUMAN30466	Q969F0	1	126	MAGGPPNTKAEMEMSLAEELNHGRQGENQEHLVIAEMMELGSRSRGASQKKQKLEQKAAGSASAKRVWNMTATRPKKMGSQLPKPRMLRESGHGDAHLQEYAGNFQGIRFHYDRNPGTDAVAQTSL	125	36	167	131
15067	HUMAN30467	Q16280	1	64	MTEKTNGVKSSPANNHNHHAPPAIKANGKDDHRTSSRPHSAADDDTSSELQRLADVDAPQQGRS	63	70	196	126
15068	HUMAN30467	Q16280	81	124	NKNFREEEPRPDSFLERFRGPELQTVTTQEGDGKGDKDGEDKGT	43	214	292	78
15069	HUMAN30468	P43358	1	104	MSSEQKSQHCKPEEGVEAQEEALGLVGAQAPTTEEQEAAVSSSSPLVPGTLEEVPAAESAGPPQSPQGASALPTTISFTCWRQPNEGSSSQEEEGPSTSPDAES	103	109	242	133
15070	HUMAN30469	P78334	1	66	MLSKVLPVLLGILLILQSRVEGPQTESKNEASSRDVVYGPQPQPLENQLLSEETKSTETETGSRVG	65	0	80	80
15071	HUMAN30469	P78334	369	450	TKAHASPKLRHPRINSRAHARTRARSRACARQHQEAFVCQIVTTEGSDGEERPSCSAQQPPSPGSPEGPRSLCSKLACCEWC	81	396	520	124
15072	HUMAN30471	P43363	1	128	MPRAPKRQRCMPEEDLQSQSETQGLEGAQAPLAVEEDASSSTSTSSSFPSSFPSSSSSSSSSCYPLIPSTPEEVSADDETPNPPQSAQIACSSPSVVASLPLDQSDEGSSSQKEESPSTLQVLPDSES	127	99	255	156
15073	HUMAN30472	P34903	1	62	MIITQTSHCYMTSLGILFLINILPGTTGQGESRRQEPGDFVKQDIGGLSPKHAPDIPDDSTD	61	110	181	71
15074	HUMAN30472	P34903	370	451	EGKKVPEALEMKKKTPAAPAKKTSTTFNIVGTTYPINLAKDTEFSTISKGAAPSASSTPTIIASPKATYVQDSPTETKTYNS	81	501	623	122
15075	HUMAN30474	P43357	1	103	MPLEQRSQHCKPEEGLEARGEALGLVGAQAPATEEQEAASSSSTLVEVTLGEVPAAESPDPPQSPQGASSLPTTMNYPLWSQSYEDSSNQEEEGPSTFPDLES	102	0	114	114
15076	HUMAN30475	P43356	1	103	MPLEQRSQHCKPEEGLEARGEALGLVGAQAPATEEQQTASSSSTLVEVTLGEVPAADSPSPPHSPQGASSFSTTINYTLWRQSDEGSSNQEEEGPRMFPDLES	102	0	119	119
15077	HUMAN30478	P43365	1	103	MPLEQRSQHCKPEEGLEAQGEALGLVGAQAPATEEQETASSSSTLVEVTLREVPAAESPSPPHSPQGASTLPTTINYTLWSQSDEGSSNEEQEGPSTFPDLET	102	25	154	129
15078	HUMAN30480	P43360	1	103	MPLEQRSQHCKPEEGLEARGEALGLVGAQAPATEEQEAASSSSTLVEVTLGEVPAAESPDPPQSPQGASSLPTTMNYPLWSQSYEDSSNQEEEGPSTFPDLES	102	1	122	121
15079	HUMAN30482	Q15738	1	35	MEPAVSEPMRDQVARTHLTEDTPKVNADIEKVNQN	34	71	170	99
15080	HUMAN30485	Q96PV4	334	445	TEAVMKNKEKPSGRGRGASGRQARAEASVSAPQATVQARSFSDSSPQTIQGGLPPLVKRRRLLGSESTRGEDHGQATYPKAENQTPGREGPQAAGEELGNEAGAGAMSHPKP	111	346	462	116
15081	HUMAN30487	P0CW24	332	399	LARSVRAQTQEGAGARAGAQAVARASTKVEAVPGGPGREPEGLLQAGGQEAEELLQEGLKPVLEECDN	67	353	531	178
15082	HUMAN30488	P43355	1	95	MSLEQRSLHCKPEEALEAQQEALGLVCVQAATSSSSPLVLGTLEEVPTAGSTDPPQSPQGASAFPTTINFTRQRQPSEGSSSREEEGPSTSCILE	94	109	239	130
15083	HUMAN30492	A0A0J9YXQ4	29	63	DCKEHEFQEAVRAALSPLGRYRVLTKHFRKELGAK	34	36	77	41
15084	HUMAN30492	A0A0J9YXQ4	417	452	GPQEGLFAFVVRLEGLLQRAVEKGAVCPALANYLRL	35	508	544	36
15086	HUMAN30493	A6NM28	360	416	RANLFKHQAVHGARRPAKAETARRLAGPGSTGPGSAVAATSPPRPSTAARPSRPSRR	56	528	686	158
15087	HUMAN30493	A6NM28	59	150	KPHLISQLERGEGPWVADIPRTWATAGLHIGDRTQSKTSTSTQKHSGRQLPGADPQGGKEGQAARSSVLQRGAQGLGQSSAAGPQGPKGAEK	91	154	319	165
15088	HUMAN30494	Q9BQ50	1	46	MGRAGSPLPRSSWPRMDDCGSRSRCSPTLCSSLRTCYPRGNITMSE	45	5	54	49
15089	HUMAN30495	Q99871	1	31	MGGARLGARNMAGQDAGCGRGGDDYSEDEGD	30	0	96	96
15090	HUMAN30498	Q16720	1125	1220	LYEGLEKPESKTSIHNFMATPEFLINDYTHNIPLIDDTDVDENEERLRAPPPPSPNQNNNAIDSGIYLTTHVTKSATSSVFSSSPGSPLHSVETSL	95	2934	3151	217
15091	HUMAN30498	Q16720	295	356	GGEEEEKKDKKGKQQDGAMESSQTKAKKQDGAVAMEMQPLKSAEGGEMEEREKKKANAPKKE	61	1146	1276	130
15092	HUMAN30501	Q99956	142	199	LAGRAGSSMAPVPGPVPVVGLGSLCLGSDCSDAESEADRDSMSCGLDSEGATPPPVGL	57	342	400	58
15093	HUMAN30501	Q99956	347	384	EERHSQEQGSGGQASAASNPPSFFTTPTSDGAFELAPT	37	547	593	46
15094	HUMAN30504	P48029	1	52	MAKKSAENGIYSVSGDEKKGPLIAPGPDGAPAKGDGPVGLGTPGGRLAVPPR	51	20	127	107
15095	HUMAN30504	P48029	603	635	HLEYRAQDADVRGLTTLTPVSESSKVVVVESVM	32	838	872	34
15096	HUMAN30507	P33897	1	64	MPVLSRPRPWRGNTLKRTAVLLALAAYGAHKVYPLVRQCLAPARGLQAPAGEPTQEASGVAAAK	63	73	322	249
15097	HUMAN30515	P51553	1	50	MALKVATVAGSAAKAVLGPALLCRPWEVLGAHEVPSRNIFSEQTIPPSAK	49	75	243	168
15098	HUMAN30520	P32004	1147	1257	KGGKYSVKDKEDTQVDSEARPMKDETFGEYRSLESDNEEKAFGSSQPSLNGDIKPLGSDDSLADYGGSVDVQFNEDGSFIGQYSGKKEKEAAGGNDSSGATSPINPAVALE	110	1921	2073	152
15099	HUMAN30521	P30518	1	31	MLMASTTSAVPGHPSLPSLPSNSSQERPLDT	30	79	134	55
15100	HUMAN30530	P51617	104	192	PPAPLPSPGTTAPRPSSIPAPAEAEAWSPRKLPSSASTFLSPAFPGSQTHSGPELGLVPSPASLWPPPPSPAPSSTKPGPESSVSLLQG	88	169	388	219
15102	HUMAN30537	P04001	1	38	MAQQWSLQRLAGRHPQDSYEDSTQSSIFTYTNSNSTRG	37	4	42	38
15103	HUMAN30538	P0DN77	1	38	MAQQWSLQRLAGRHPQDSYEDSTQSSIFTYTNSNSTRG	37	0	42	42
15104	HUMAN30539	P0DN78	1	38	MAQQWSLQRLAGRHPQDSYEDSTQSSIFTYTNSNSTRG	37	0	38	38
15106	HUMAN30540	O15482	250	314	LMEEQVNGRLQGQLNEIYNLKHNLACSEERMAYLSYERAKEIWEITETFKSRISKLEMLQQVTQL	64	493	564	71
15107	HUMAN30543	P21333	1	37	MSSSHSRAGQSAAGAAPGGGVDTRDAEMPATEKDLAE	36	0	75	75
15108	HUMAN30555	Q15904	1	38	MMAAMATARVRMGPRCAQALWRMPWLPVFLSLAAAAAA	37	41	111	70
15110	HUMAN30563	Q14657	1	57	MRDADADAGGGADGGDGRGGHSCRGGVDTAAAPAGGAPPAHAPGPGRDAASAARGSR	56	9	87	78
15111	HUMAN30576	P78358	1	84	MQAEGRGTGGSTGDADGPGGPGIPDGPGGNAGGPGEAGATGGRGPRGAGAARASGPGGGAPRGPHGGAASGLNGCCRCGARGPE	83	0	135	135
15112	HUMAN30583	O60832	1	32	MADAEVIILPKKHKKKKERKSLPEEDVAEIQH	31	83	240	157
15114	HUMAN30584	Q00013	33	63	PEAVSHPLNTVTEDMYTNGSPAPGSPAQVKG	30	103	151	48
15116	HUMAN30590	P23610	216	254	SHPVQSLPPPPPPAPQPGPGATPALPAALLPPNSGSAAP	38	357	396	39
15117	HUMAN30591	Q9BWH2	1	50	METSAPRAGSQVVATTARHSAAYRADPLRVSSRDKLTEMAASSQGNFEGN	49	27	88	61
15118	HUMAN30604	Q9NVH6	1	42	MWYHRLSHLHSRLQDLLKGGVIYPALPQPNFKSLLPLAVHWH	41	59	193	134
15119	HUMAN30606	O43610	1	142	MDAAVTDDFQQILPIEQLRSTHASNDYVERPPAPCKQALSSPSLIVQTHKSDWSLATMPTSLPRSLSQCHQLQPLPQHLSQSSIASSMSHSTTASDQRLLASITPSPSGQSIIRTQPGAGVHPKADGALKGEAEQSAGHPSE	141	22	204	182
15120	HUMAN30609	Q01113	1	47	MGLGRCIWEGWTLESEALRRDMGTWLLACICICTCVCLGVSVTGEGQ	46	22	113	91
15121	HUMAN30609	Q01113	331	382	GAGVLLSQDCAGTPQGALEPCVQEATALLTCGPARPWKSVALEEEQEGPGTR	51	421	483	62
15122	HUMAN30611	Q05066	126	204	NYKYRPRRKAKMLPKNCSLLPADPASVLCSEVQLDNRLYRDDCTKATHSRMEHQLGHLPPINAASSPQQRDRYSHWTKL	78	128	211	83
15123	HUMAN30611	Q05066	1	59	MQSYASAMLSVFNSDDYSPAVQENIPALRRSSSFLCTESCNSKYQCETGENSKGNVQDR	58	1	62	61
15124	HUMAN30613	P08048	214	246	DAGKIEHDGSTGVTIDAESEMDPCKVDSTCPEV	32	225	260	35
15125	HUMAN30613	P08048	254	404	ADPGEDDLGGTVDIVESEPENDHGVELLDQNSSIRVPREKMVYMTVNDSQQEDEDLNVAEIADEVYMEVIVGEEDAAVAAAAAAVHEQQIDEDEMKTFVPIAWAAAYGNNSDGIENRNGTASALLHIDESAGLGRLAKQKPKKKRRPDSRQ	150	267	424	157
15126	HUMAN30614	Q8IUE0	117	185	RNDPIIGHKTGKDAHATHLQSTEASVPAKSGPVVQTMYKACPCGPCQRARCQERSNQIRSRPLARSSPE	68	117	186	69
15127	HUMAN30614	Q8IUE0	1	55	MEAAADGPAETQSPVEKDSPAKTQSPAQDTSIMSRNNADTGRVLALPEHKKKRKG	54	0	56	56
15128	HUMAN30616	Q9BZA8	1	32	MFRVGFLIISSSSSLSPLLLVSVVRVNTTNCH	31	0	32	32
15129	HUMAN30616	Q9BZA8	810	844	NATLINELVRKSIEAPVTPNTEIADVSSPTSDYVK	34	836	877	41
15131	HUMAN30617	A6NKD2	1	105	MRPEGSLTYRVPERLRQGSCGVGRAAQALVCASAKEGTAFRMEAVQEGAAGVESEQAALGEEAVLLLDDIMAEVEVVAEEEGLVERREEAQRAQQAVPGPGPMTP	104	0	105	105
15133	HUMAN30619	Q9BQ87	94	156	MRQQAFGEKLTQQQASAAATEASAMAKAATMTPAAISQQNPPKNREATVNGEENGAHEINNHS	62	153	247	94
15134	HUMAN30623	P0CV99	1	111	MRPEGSLTYRVPERLRQGFCGVGRAAQALVCASAKEGTAFRMEAVQEGAAGVESEQAALGEEAVLLLDDIMAEVEVVAEVEVVAEEEGLVERREEAQRAQQAVPGPGPMTP	110	0	147	147
15135	HUMAN30626	P0CV98	1	105	MRPEGSLTYRVPERLRQGFCGVGRAAQALVCASAKEGTAFRMEAVQEGAAGVESEQAALGEEAVLLLDDIMAEVEVVAEEEGLVERREEAQRAQQAVPGPGPMTP	104	0	106	106
15136	HUMAN30627	Q01534	1	106	MRPEGSLTYRVPERLRQGFCGVGRAAQALVCASAKEGTAFRMEAVQEGAAGVESEQAALGEEAVLLLDDIMAEVEVVAEEEGLVERREEAQRAQQAVPGPGPMTPE	105	0	120	120
15137	HUMAN30629	P0CV98	1	105	MRPEGSLTYRVPERLRQGFCGVGRAAQALVCASAKEGTAFRMEAVQEGAAGVESEQAALGEEAVLLLDDIMAEVEVVAEEEGLVERREEAQRAQQAVPGPGPMTP	104	0	137	137
15138	HUMAN30630	O00507	1595	1638	SDLHDDMFGDEKQDSESNVDPRDDVFGYPHQFEDKPALSKTEDR	43	3046	3281	235
15142	HUMAN30631	O15523	578	631	YKGGSRGRSKSNRFSGGFGARDYRQSSGSSSSGFGASRGSSSRSGGGGYGNSRG	53	1427	1579	152
15143	HUMAN30634	O14598	1	125	MSPKPRASGPPAKAKETGKRKSSSQPSPSGPKKKTTKVAEKGEAVRGGRRGKKGAATKMAAVTAPEAESGPAAPGPSDQPSQELPQHELPPEEPVSEGTQHDPLSQESELEEPLSKGRPSTPLSP	124	0	156	156
15144	HUMAN30640	Q96LI6	149	186	NFQRSAFLATFLSEEKESSVLSKLKFYYNPNFKRGYPQ	37	152	193	41
15145	HUMAN30640	Q96LI6	194	327	RIGVKNASPISTLFNEDFNKKHFRAGANMENHNSALAAEASEESLFSASKNLNMPLTRESSVRQIIANSSVPIRSGFPPPSPSTSVGPSEQIATDQHAILNQLTTIHMHSHSTYMQARGHIVNFITTTTSQYHI	133	200	338	138
15146	HUMAN30640	Q96LI6	1	73	MAHVSSETQDVSPKDELTASEASTRSPLCEHTFPGDSDLRSMIEEHAFQVLSQGSLLESPSYTVCVSEPDKDD	72	0	77	77
15147	HUMAN30640	Q96LI6	335	401	YFGLTVEPSAVPTRYPLVSVNEAPYRNMLPAGNPWLQMPTIADRSAAPHSRLALQPSPLDKYHPNYN	66	345	432	87
15148	HUMAN30647	Q9BY66	174	310	VQCNTHPFDNEVKDKEYKPHSIPLRQSVQPSKFSSYSRRAKRLQPDPEPTEEDIEKHPELKKLQIYGPGPKMMGLGLMAKDKDKTVHKKVTCPPTVTVKDEQSGGGNVSSTLLKQHLSLEPCTKTTMQLRKNHSSAQ	136	903	1133	230
15149	HUMAN30648	O14602	113	144	AKINETDTFGPGDDDEIQFDDIGDDDEDIDDI	31	258	327	69
15153	HUMAN30667	Q9Y6F8	182	280	LLRDPLSRPGAEQTGIQNKTQIHPLMSQMSGSVTASMATGSATRKGIVVLIDPLAANGTTDMHTSVPRVKGGQRNITDDSRDQPFIKKMHFTIRLTESA	98	182	281	99
15154	HUMAN30667	Q9Y6F8	60	174	EKQKKLTWTTTSRIFSNNARRRTSRSTKANYSKNSPKTPVTDKHHRSKNRKLFAASKNVRRKAASILSDTKNMEIINSTIETLAPDSPFDHKTVSGFQKLEKLDPIAADQQDTVV	114	59	175	116
